0
0
0
0
0
0
0
4
0
28
56
952
504
8316
14392
132776
142240
1244572
2119880
14107576
20838776
129727668
230651064
1233889328
2146312896
10739632260
20219283224
92120067144
175649344984
754508890996
1495860784152
6028132120696
12168935749600
46709226943736
96457427617530
353312801297540
740995025125726
2609730405824472
5555344298584458
18873935704620920
40650881846591520
133825000562407728
291215565241780200
931752535275292864
2044907164071942688
6378109223910111800
14099798168056184024
42974248699856866476
95579489297220676300
285289428709189666132
637769784043814281076
1867714343541225678436
4193273685398577215744
12067753060321021541128
27191714198074544799100
77008236829732069651832
174046152269476605274272
485636333816196115664384
1100388096411100819216776
3028183583505327169932492
6876170310312683982802186
18678838014967221995894816
42490308953209803798176848
114018999210866027397386160
259748771924226218198392506
688949826378886379250432580
1571327095136242009476552572
4121545416734596072452721260
9408179010463113350055833436
24413238156409662698898066076
55755890478616561563496425784
143173386630130430353452022924
327027711402030032172323352136
831181913262590511423403817600
1897980758229521683655953772890
4775282708828330320618661695996
10895889685554817111223512676170
27139001858134223995781218668608
61844088391513024186959930811488
152496083765162866735339496156980
346862590434781583826818148133986
846710196779598110486514356814844
1921173756735348384413047378004418
4642316565691878928778433218735068
10500936718093291426232555797959248
25116037942513923492472180503511972
56601636398802852393035921559932854
133987601468175031887610793973025112
300642067122929258189783123882233554
704289433015600261557852957268261364
1572425318244895466492132497720421542
3644918797522584489825301722552432260
8092335820829117280337961191906574856
18559107632712125588921715961810407508
40949930825517880536700232267417912874
92907231155534318051127435152331419096
203614815198160083244743908412737308264
456946723951914450491133750691832848728
994155935241970542160003356467583411236
2206561102907239009000284377277852743692
4763332961136075963062163315320208097450
10454936128860398350257888570388852322948
22382603584955194176578075901190399657270
48574870775844947844485792922673319761292
103084605842164673446036636113747085063630
221169111280945290766191511622349435506828
465058787259254956496219826166987109236912
986288692766049508045669562499926972534652
2054023854739495899438505168560897679803064
4305263103659456277251787028980828017317232
8876535599915094156164024852342045057146438
18385033510898348991912849983900614485695364
37512967465032326869258936203367039226325952
76763320724894996316186611024462442102021592
154945982974486981278026791665352385771672624
313202062237573890555448599244164688108644804
625175367578005014689240637526416832488743602
1248057113494256291772453745697457386307055292
2462677127239421381891134736701425302602274488
4854455904985565190807774307145874528180482568
9465810436970807890407190055267699713082823020
18420416370039909512246188150267676015287214648
35482334997879346053387073521609709457847512924
68150100408695706721106744086039937617783813852
129636835421014752132390791728263572566765875482
245694666198469072610338231157730342373226016200
461383973342968233886330668211393745360940198682
862659826176757806878319352221093218032448997620
1598706027121628942185871436813220058690687144696
2948145224618617660121465054177621200984149167536
5390127864382751970256302390149606449358384459830
9801056135392151889867549358314038591828154377440
17672761759207575718131472091099008287693810675226
31678115173449182123273149517274611487483924153952
56316232044394638954222026208513970044926110478920
99484319597149972978341850838216880718091701771524
174314704179505211712821131109975583638912930705962
303391915773909265831818161003530063421846197680104
523783669199843770115031136651536915255770760783190
897949156181973861842840570878923448560624128233728
1526977589302089037556450784429446052500733396979756
2577754338848143928813478630898346705677861478629092
4316391297087918490360810052383318367526537190601924
7173262207826514163004973910882473201750493389696180
11823901092771928556781319343207009377940926631859912
19338408339409138991257015531721154627872854360055564
31368746404530541740888349868465376814372433129808690
50477465393367229047343030856054912677207663638728916
80551776703893218692927647528169479747074147397378274
127494689985072641393651797590131922885826354141681048
200097201852733157726629225983348629583653212213951666
311423149072231713153678186035503774701283740375607368
480554800507388018230937955856297370846940432481253382
735228886350333669611171274426183137115452069772231540
1115144889285880395587515578685149856051258732173940350
1676712314443116623411352470405196894835156639091671280
2498962245069832517148405087299888197023177988736554528
3691593334300482312812711035788875668985111364408426172
5404873122671944144460311569574390903416433279493911620
7842377990414636378631419973664010483202132093158719188
11276408460249500140495865593347796181901173816384136458
16066630231525127650028830101495868807821961577062310928
22682098123712696553998569219583980202802913021997180822
31726014695452191631104227839674962318457635568575138388
43963974283125771832641443164553830369571988145372042754
60352822206646471382415875495654940778672013196415114196
82071740301401558690412563039170167785186498631620515844
110549481402758618878059979288431434136712323402034610532
147490336628232989253539775978680140604585906048336715786
194889195508290481534190168994094171151724442126189116108
255039012156441816827259628917256209224379686692368882162
330518547574729793961019770346756011577935884371661429112
424163654801407053951289493135553676889747929388233926108
539010666923555089618900153725663830251364932870244083516
678213776042200898057365493726026319793432944609075390834
844930953991109846598123944106009569771051827667110647896
1042177298679667797849283470860418609978946623761210241204
1272652565669783064660865965293361342093908163675310109140
1538537443955259937440419719314785255410911492041156675348
1841282104317147612480535720666444685239750659594877850648
2181377043078349364025921297966773073515790667689522645700
2558146128253634967837355801923358205871759995815106835364
2969548907984288438329585983272663853101206391618214876018
3412040663881797688434316517850891796405855711742557051752
3880477768102265786416161420132322032656839662611203725480
4368110453582329762958184027158260626711018156292245640856
4866655620802434172202907042440370546936027144910948012186
5366467464561706174240241101004022684313770597916326301736
5856807664667381181811232355193936931300995039591452929352
6326194917079099739010489226101698531217603539273183862620
6762846327717139758810035826995572076361498052047609143734
7155150514004679884300189074236588788086450275174155014896
7492193692171301287206523654605560216972762555239252809808
7764252187906465987223085779163998040359676845573236597844
7963275812432781577040804908736558429683905272119967660668
8083275129112290629088902799886035302243941365253148837592
8120632774635057597958513098173576736311942388810048556546
8074280559818208140020816891133507747674945960588016540140
7945751684231736635355659393145096734228965752088001662904
7739098871012577914418635858872405983111789444864659132756
7460673847287404867415728529510149431847498232166413024140
7118811033901210118153866786713246925120856241130012931608
6723398585989910471094296284674904081968772897116448690682
6285416119049925928633412520148915130965186263914410581496
5816415609834727319942008648945090779649005618051648135584
5328034009957579918434782759656170113505934744400713229052
4831514771673477637992237556017314954331478939344862769080
4337308431102368632734909048659191759629493409601763351236
3854736472131974898237581099058268371324101375688604246572
3391752590366162195999823585077821281196863780427733047964
2954795808363918815632946973674472491855900346362797793514
2548730672417701593236069705876896043551992098744947040468
2176878721161593689011983816554302277055582544458565927230
1841107614125205147600707286669604421158194342723252556896
1541988553531200581534736819269201762069169701320840848950
1278976081894697501977327948784793802978781054793728620504
1050622943002434170885811788887875765978782374828044508222
854787531807152254425098391672914635156774738958850507148
688844880269743372442142451779156280015091719591931095706
549872130594806649146048062609060177053895256045568948520
434815524189160328862136455968272598294845215195603835096
340626107931792301136796833378798167650448011543224305436
264366872478808869990340601882258744886028707757453485300
203292014234820810569405292380139930147390831879460674924
154897627952508539648338440395464987170560496066537589622
116952583855104129197671494403477901492111234247467552264
87506956666584470074042198549442706330070618085890101710
64889414123852400075557535988552691742607420490551742540
47690381680182152533008897775700647812313767117307962642
34741240505544334626585916796247368207204579840343820876
25086773073087707713662654918786176929787423849882646220
17958155145152540717305300895047219942098896881761073260
12744539530476007201889060648231161173871284715642327370
8967353183373835148955802956821097389604056347804667100
6256216486592763512834338620698774541342428949535494658
4328098880019004535145980057365671769959511299149904320
2969294073867667651043322574110481170699191778121639340
2020258022816374183717557061314563436727406929122027836
1363314241121454971238891464284079850002764181774393706
912517667747530262988045444772622515605637793023536976
605883137936430706204915308390737752223469616158856860
399070388209324611182115583170448699482895656922555116
260784324437910962932982215593459713383562228417619448
169075614625739237076029539779330859170864653497225824
108773644783266625250863244035918246289341868927812380
69436074238227164182164507933424527044795013327861028
43991133498216477967167854897420645023655852991218722
27657383603872935458933067549936552625771517822101320
17260565924202514242138485813361346096857606302550748
10690721693862028176184695581922826464966841958905264
6574179450657780427693102460357370055050448277559074
4012546544244428717687483563424700114792708004406280
2432045919090777061217827840725381054392771510013280
1463174128167706694196032547205823150801717823405900
874362015653222388994594500986205881562042836946350
518655430633395641491289517667092968495036064321536
305663820024415481605336363912119866114756799897408
178817952768985717443799426931844814698987123784820
103961404992285250087790488213061850090294302243036
59997460841645493663453329204191481882997179274616
34420384490456152037227870192931835825645273817094
19601185816581761831721269902401854017095326233268
11099739562791972322714557248747329048248975142552
6238719528940052400878982145842944303150777334344
3488182386911229033664950114460243902590473514028
1935556341966209993878838019792262658997248884684
1068829622219544187648079707073667088084892316586
585658754099856324652635780763762613120209436552
319500812826487975143748355980226279756408764028
172918218515967110276581015155323787256586462640
93222046917633912928365672027502020142298761036
49844883632336953134818830238660887565531300548
26562882578982549015763631220525728834180641928
14034863868748185424581228903251300354546137128
7395476634001723763404264024384303985871382566
3862116507003004123593374588865964612946724820
2012861536444079474796210168624846599798475622
1039182084509700235558076768675218528461991012
535844474936322060233396136926146634907344750
273542337196599603880516134139314009257342120
139591590751021602488548147898110636749404138
70475751239567765043205878913129863534276008
35603466799561184951776087795744567172774754
17780793000909974840671891607350291593172712
8895151893486217840129135468786143737867224
4395126874210742545274217297424355881589440
2177995300646676507933560499941342359435724
1064908188341043844659448292056810960606196
522897670254043214201905205557942397263574
253037141852537406890206685275427306206728
123153291598572130459861397547566431209072
58992709199575198968973101341424878213160
28468086403935591394166595852384504942744
13500973580813217348428558655982357144100
6462004816519606390564073453706977821458
3034560097899533337277856259910681877300
1441078536966703264267921775122888543734
670196906091765908695281493146281530820
315889456824839794899711927181100537918
145511863057666553779869552049398898920
68096814515144681911789136216937366612
31074084045589601610007758453476717756
14443789097736916539396875303127301510
6530076188932452051074559859715671596
3015907035993411150681592819140345872
1351062222499828761879595408624346408
620237431430994023070101160072368240
275351585618236234570670953407231668
125696226653482952434144253047563316
55306073756988048139910227262682484
25114879847551582713980145287800954
10953370819948981727348255709486400
4949973617129908200535139420135328
2140062528762172545624972399791928
962835627995221108174201798167350
412684569977310664862973698212748
184921611202588361079794962905038
78582458098758406045425762731988
35084072928396954747127471830474
14782288253594626592269398578608
6578228186302168016906763567950
2748192964253660042276095321544
1219440699870445546734550777712
505135533058037639826805379244
223575996072826167584880187898
91827181920206056271309624136
40554898278885769876831545392
16514434491684178719298332368
7280052641258785167741569300
2938921423155626008346004248
1293583393556332249869913716
517631127244898144851498188
227558409540405985366736502
90241957659001547786355892
39634392715629468469466208
15572867379271241939419240
6835106990401915516946434
2660011880515478616799896
1167063612656425117846772
449675595151575834881392
197273550470159188889458
75218483731543432087500
33005316615902260749756
12445737335303506739120
5464063959827447699200
2036170875388765480288
894757930638445656776
329196512351335364148
144858369194231352016
52565203518068052896
23173264711030466298
8281490759786659324
3660388488320292386
1286668791279811856
570447236724053710
196741212071994408
87632137098124108
29624742419020896
13252432178593118
4369980471020024
1971983484205448
635077982217560
287744633423926
89491573103268
41305044603724
12524417396260
5760225877952
1655508928892
796735775892
224342775020
104135521056
26795719724
14023088506
3605379456
1641578302
359756432
224210448
51190216
21158186
3644060
3242470
617372
196392
23100
40880
5628
966
56
392
28
0
0
2
