2
0
0
56
392
112
1568
11256
43316
52080
323008
1270808
4036816
8606416
36418394
112749224
342768622
890196664
3065992328
8693134240
25859945608
70387736392
216664774284
595004773104
1720521866532
4677604906632
13508389599376
36465662871904
102269430088490
274376760832944
761269194970830
2025037156938768
5524446915110298
14599665752422520
39376826598250176
103260439559715528
275207237881493764
716874304148179128
1891547573681968188
4893175183478308328
12789764480420419352
32873774922751576744
85194872198897469514
217606215606025538656
559486490760597161846
1420552312761577704128
3625613261232415663322
9152748189020064949040
23200029756789015724468
58245915452924425220488
146688398767961100116164
366324868271873904523424
916946203962765216803108
2278179658272663161131304
5669467490770643436488304
14016031139094620943912864
34686647292694750836982216
85336366071336152922244984
210056501085941289521471142
514314587759029519642834584
1259365674684012005667811786
3068855866637902149134965296
7475666926109187129958752356
18129854219364006157089585688
43935919844739973084834913708
106034456491101703588757981744
255621682269773431178118171004
613827216404470561475222210600
1471864834762885152676773900864
3516023453599935243979551800080
8384264337509812246600525104296
19919412949950562965253736212632
47225747539798094333824786175812
111555711818426370178188042603632
262882747929164721208904738820058
617213271676037456002885466993136
1445232571245410546829195167693652
3371469085528895344837073209169616
7841656181805666197798886452216172
18169328849035479358481852604185888
41962490911280579654609817475641556
96534003092017952893656407034899488
221299945106939228334013010017248368
505273619739915293175878096394666448
1149346965576604077403725459025080384
2603534460282993618235937799433896144
5874332219345848663416897057894342796
13197207471466924668860765559910857440
29525588317783012612820812750713723492
65763182865956529419765210055659297440
145839698163635074683541486635194942724
321940305377018234490071756701028696656
707464130111986548190867614357795922148
1547316478564271318580460117333946984464
3368283360798015958994069947885801961108
7296643047880628867342997016259545071072
15729733186418169943087800798940443146974
33739952297079811737030661436252494873248
72008450015508658178112097956562275981536
152893007234094800324976479560231045301432
322955165562772904740736363250159714879252
678582555112369295444357314401462882929072
1418240952649216211374619710757568825976548
2948112917630759299982783669857385022289368
6094847576187924232520826316394607127777600
12530527288092870580663018172646575717027456
25617642181472911769813790046833560700206244
52076004996927933620694836752921193027174984
105254015121884856577799891140421123941873284
211499384540596879260217589560491830654713920
422494901885908768234464778819167787520456526
838964659657159829689788003269814805081812152
1655949917291274063599463759758500078985362762
3248632205648984339890208275691402259457082472
6333947205610213055151067249356614466228062884
12272630202964121351927736576858681604537828960
23629812721678640801079122172583898350681864700
45207572388333759030858713037357470049712357544
85932997772386904777675640653764794897992486248
162283888453054813670380942040108851925757930896
304457497783018532690557412143249751552683952860
567390968604452858266940557652534448787372641704
1050295296571556701418530669316351997602340259836
1930999353102168980925061198684044213064406096928
3525843135429568241404759780262392271880467311454
6393257749880889722585513801481733050535271677824
11511394913652262946251152318751927952269216549834
20580133283624839161837086089619573728526507324704
36530092805309660009823616151900130632962945919818
64372959136646089146691872780148335655662600192952
112609208656488928999773160979969451737105499301812
195537292724620845958671080989646898693538290414680
337006257040227432210897562175076521827414446622256
576456225041318454116781517023075702291933374199304
978547566294428224302781114918053697435076015747028
1648359559869098570880078955098987184729290327358984
2755138622204747299346999370333569017679545967890696
4569024527171055776882765335602495180756720480634568
7517250850248247042357048104660530346295538353092126
12269223287375660779344640437710018649254786568278768
19863899219225779108638588109425874303799071135317386
31898353374199283017472039693574287258207071885689008
50803693136600924042944912393497829398236376323904234
80243989048918444698182748068969637572945015008971984
125686006813027944014254419786720256536511918386789094
195202591445414378601175588016824457357992433654402792
300590722958589594521815956525098668125754179534696568
458906397845469559049639437762772589666264139349529512
694541995324773174406344472218523484054638993407402628
1041996382819057117811171070196138770100301257843836200
1549511536945836191060707404429828079863997750693957600
2283768585084032910396427536260700226620501171670735672
3335846284920956283821129225607680797527201765139755884
4828639973095113493086140164955154834065121155212959032
6925911495022509046228417374121377464329383214867126522
9843082051725468262722472496247258461351552909060463424
13859781291465051705630679495250697029626326856108980554
19334018954214726996041911848496772591391545302011857472
26717643536657823725020264110047384505524458496720779974
36572493349261163540494177123563134148577064629792215840
49586332477923873921380085718155722527972879000913900410
66587309487760298953888418503874635529748987668599358600
88555302315013822750080341170317346818069099538390376300
116628152590143105147763294894320956638964418882966046072
152100492207982295895269866092967676299899291031517300208
196412680161735444577954958890049966257049235239972341336
251127360928279903596367999284147576659556548194235031956
317891389677149818472212799672048171158076187517912616232
398381399325436686306250509975107676286152914442807951160
494232146424617456226944427888065738396173115319549467416
606947975129633112647937348880746350811152021119131843818
737799249477330831525396881307865426230630100523863045312
887707346321538275092773429860789455774305544489271833558
1057123647274439852509277851215919732010843170084735666864
1245909744873981946948098600414406981717563985582426151082
1453227578696910183487813262935914620821553608908775984928
1677449217668437974020285845962550276546652984067501089738
1916096293216944836720170922172308863274237928942073964904
2165818490949525904048066292735363136034324217210858664472
2422418925586884285264887723582907179915728741880765703272
2680931650762070119953329735403606445278343513946830552644
2935753104064074235878806320152173539128066384528571645608
3180825189924068118004043908511369499930154275817381143856
3409863297503176665699297009618051253339135537468007471128
3616618257079697561606785562621384574348450741081737390124
3795157509652566819012961153323556418355186392168602472184
3940148038324447514671417101448379241462378141304077526502
4047122247062078311290740109685903650832071714945448776208
4112708209203519456411778992456406842880836244923375489322
4134807614746466113146504294989477761760551957127600537760
4112708209203519456411778992456406842880836244923375489322
4047122247062078311290740109685903650832071714945448776208
3940148038324447514671417101448379241462378141304077526502
3795157509652566819012961153323556418355186392168602472184
3616618257079697561606785562621384574348450741081737390124
3409863297503176665699297009618051253339135537468007471128
3180825189924068118004043908511369499930154275817381143856
2935753104064074235878806320152173539128066384528571645608
2680931650762070119953329735403606445278343513946830552644
2422418925586884285264887723582907179915728741880765703272
2165818490949525904048066292735363136034324217210858664472
1916096293216944836720170922172308863274237928942073964904
1677449217668437974020285845962550276546652984067501089738
1453227578696910183487813262935914620821553608908775984928
1245909744873981946948098600414406981717563985582426151082
1057123647274439852509277851215919732010843170084735666864
887707346321538275092773429860789455774305544489271833558
737799249477330831525396881307865426230630100523863045312
606947975129633112647937348880746350811152021119131843818
494232146424617456226944427888065738396173115319549467416
398381399325436686306250509975107676286152914442807951160
317891389677149818472212799672048171158076187517912616232
251127360928279903596367999284147576659556548194235031956
196412680161735444577954958890049966257049235239972341336
152100492207982295895269866092967676299899291031517300208
116628152590143105147763294894320956638964418882966046072
88555302315013822750080341170317346818069099538390376300
66587309487760298953888418503874635529748987668599358600
49586332477923873921380085718155722527972879000913900410
36572493349261163540494177123563134148577064629792215840
26717643536657823725020264110047384505524458496720779974
19334018954214726996041911848496772591391545302011857472
13859781291465051705630679495250697029626326856108980554
9843082051725468262722472496247258461351552909060463424
6925911495022509046228417374121377464329383214867126522
4828639973095113493086140164955154834065121155212959032
3335846284920956283821129225607680797527201765139755884
2283768585084032910396427536260700226620501171670735672
1549511536945836191060707404429828079863997750693957600
1041996382819057117811171070196138770100301257843836200
694541995324773174406344472218523484054638993407402628
458906397845469559049639437762772589666264139349529512
300590722958589594521815956525098668125754179534696568
195202591445414378601175588016824457357992433654402792
125686006813027944014254419786720256536511918386789094
80243989048918444698182748068969637572945015008971984
50803693136600924042944912393497829398236376323904234
31898353374199283017472039693574287258207071885689008
19863899219225779108638588109425874303799071135317386
12269223287375660779344640437710018649254786568278768
7517250850248247042357048104660530346295538353092126
4569024527171055776882765335602495180756720480634568
2755138622204747299346999370333569017679545967890696
1648359559869098570880078955098987184729290327358984
978547566294428224302781114918053697435076015747028
576456225041318454116781517023075702291933374199304
337006257040227432210897562175076521827414446622256
195537292724620845958671080989646898693538290414680
112609208656488928999773160979969451737105499301812
64372959136646089146691872780148335655662600192952
36530092805309660009823616151900130632962945919818
20580133283624839161837086089619573728526507324704
11511394913652262946251152318751927952269216549834
6393257749880889722585513801481733050535271677824
3525843135429568241404759780262392271880467311454
1930999353102168980925061198684044213064406096928
1050295296571556701418530669316351997602340259836
567390968604452858266940557652534448787372641704
304457497783018532690557412143249751552683952860
162283888453054813670380942040108851925757930896
85932997772386904777675640653764794897992486248
45207572388333759030858713037357470049712357544
23629812721678640801079122172583898350681864700
12272630202964121351927736576858681604537828960
6333947205610213055151067249356614466228062884
3248632205648984339890208275691402259457082472
1655949917291274063599463759758500078985362762
838964659657159829689788003269814805081812152
422494901885908768234464778819167787520456526
211499384540596879260217589560491830654713920
105254015121884856577799891140421123941873284
52076004996927933620694836752921193027174984
25617642181472911769813790046833560700206244
12530527288092870580663018172646575717027456
6094847576187924232520826316394607127777600
2948112917630759299982783669857385022289368
1418240952649216211374619710757568825976548
678582555112369295444357314401462882929072
322955165562772904740736363250159714879252
152893007234094800324976479560231045301432
72008450015508658178112097956562275981536
33739952297079811737030661436252494873248
15729733186418169943087800798940443146974
7296643047880628867342997016259545071072
3368283360798015958994069947885801961108
1547316478564271318580460117333946984464
707464130111986548190867614357795922148
321940305377018234490071756701028696656
145839698163635074683541486635194942724
65763182865956529419765210055659297440
29525588317783012612820812750713723492
13197207471466924668860765559910857440
5874332219345848663416897057894342796
2603534460282993618235937799433896144
1149346965576604077403725459025080384
505273619739915293175878096394666448
221299945106939228334013010017248368
96534003092017952893656407034899488
41962490911280579654609817475641556
18169328849035479358481852604185888
7841656181805666197798886452216172
3371469085528895344837073209169616
1445232571245410546829195167693652
617213271676037456002885466993136
262882747929164721208904738820058
111555711818426370178188042603632
47225747539798094333824786175812
19919412949950562965253736212632
8384264337509812246600525104296
3516023453599935243979551800080
1471864834762885152676773900864
613827216404470561475222210600
255621682269773431178118171004
106034456491101703588757981744
43935919844739973084834913708
18129854219364006157089585688
7475666926109187129958752356
3068855866637902149134965296
1259365674684012005667811786
514314587759029519642834584
210056501085941289521471142
85336366071336152922244984
34686647292694750836982216
14016031139094620943912864
5669467490770643436488304
2278179658272663161131304
916946203962765216803108
366324868271873904523424
146688398767961100116164
58245915452924425220488
23200029756789015724468
9152748189020064949040
3625613261232415663322
1420552312761577704128
559486490760597161846
217606215606025538656
85194872198897469514
32873774922751576744
12789764480420419352
4893175183478308328
1891547573681968188
716874304148179128
275207237881493764
103260439559715528
39376826598250176
14599665752422520
5524446915110298
2025037156938768
761269194970830
274376760832944
102269430088490
36465662871904
13508389599376
4677604906632
1720521866532
595004773104
216664774284
70387736392
25859945608
8693134240
3065992328
890196664
342768622
112749224
36418394
8606416
4036816
1270808
323008
52080
43316
11256
1568
112
392
56
0
0
2
