1
392
76636
9962680
968870826
75184437720
4849406298324
267411243271592
12869262030776067
549095149736350448
21030730553091921928
730359336619436849808
23189768166116513776808
677888701855209411933744
18352626251335847586438904
462525542432051551824485968
10899433357837744502993912653
241102256429915164282200840344
5023795694314335128432281907140
98909381705758960773235671545512
1845107604054310310846880062140722
32694225429665790395338127215223720
551532371480479074866729847936160236
8876045964194139075933537069546808536
136533230573505882189572138552674896057
2010862157139114121877909266064581217904
28401886733385221357131918466377127813208
385280138580278181621748256827569308364688
5026522835620777623972003321038992589953586
63150354827259236572138303335513327850416768
764925618951207351646827111449460100297175304
8942984476926113729865846733114596343147431488
101022900637779748284782554551070132683941189335
1103717674504264811585883299114793565825811023224
11673435392219190412407781438213300916436591780332
119624691263808869400146564415440537276093559916552
1188728182882477532929656858239068607465168923105332
11463650640525519477531597983744828004935692697851096
107365207317515846982070308174966918666017332484148228
977259610542841421774682151998658339159050397182479656
8650730973021875097287004667550867457471522883043067137
74519373556392736372456907263882589664539878490735069536
625062666799347100919430352891785508489725763225389148016
5108209146150001157651759852907727914660722344186501820832
40695508279866213751228749340074066749136472242886292127470
316219683413103104053263842151590731954794513550316108258000
2397830823678138210970092181765964177055216737915335210425328
17752083592568018798343538028963578276792911919776665632365680
128376983758955341854002641584582715792223634447795480988550694
907257185653949696228301211953815834158957849473952442899046720
6268598684854734152065615139552973833539445006312738023953338504
42363534465546839895641476564916494816828490274924296152839503488
280139508143349213286638066369060742272102502709636136188466243370
1813385349183367691786402195584273351382804625664094767649628238928
11494953567433663113819057116216117780592283896721125485845980014552
71381978491732893989434376495976582775397345506217942732984397896112
434402606400876163568593130947347256184282905038166082995396390442535
2591628015748519214951545554607835200150302271557272171917244640822536
15162792685135089265931051221890210949803806822730625839226840762102500
87027824653382312956377349711394605903468016110629618782528367514493048
490176002831692399283913445158507887634760869195472471740025438100992676
2710193146676813353029156149413319072274536033277361067963579136945867496
14714277070515956838259209274446208604928187674023089558429217752385827052
78469599904579505813018534062148166533704197801360160520679559578530473496
411167148720669653710053935650386097070356199981579626542516098773739697159
2117473390510688195889899657637761260995656366624447881874815285324157751072
10720767178089879532701444725639678000073016070130609306331161004211031565432
53378415877173055631023362906398453833792972949708675912545066596884175702944
261432099543555248073908388396974754097639389996512793074294415812125107430942
1259868218932449219359109041010585101007122246605687958265347978325583093283536
5975607517096112901930944416484203609983709341376248155991824220369400812024680
27902672069043419359545842178670982090933175134022389291527004769110212733611952
128301212751272760683525285888131703714016692638665652080406646652101546513639311
581098703463513014071695702182391775216039357545641686106057931503001603683704392
2593073024007075527906488487839994623994750909735290814698808961397803428256591268
11403428714673786423816441202905966165807695625140024535810083255045429780630729784
49433448471973901823552314126938219162462476870138794424932874046275917150191761318
211289920598637950098587257751753602849181509120516702825258842568033075259121662008
890667415615002927383323206530802898841248863733337016145472362766531776055064926668
3703707091318765306061079825524529212824023736671977701114045596268035264130209634184
15196594419384182362318056542187439616121131844309032077022920118952133710069774289955
61538614755817830572765074094719475550023662689800535493241347474136367142152047357968
246004565383201777379305973663511683876207697101209571013280208173436428266560941048776
971032622805606773747976549135161695307826176935327311135730219950515133255723613392624
3785470601835915178216524990427739238693233753161733319164105235544188163738983211523076
14578087480983756676137221257212254472840786332555871934062784056490559749841612827685808
55472032008077466401473139592810539812750622629480271106090168511155417701003211115848568
208611235208893998657488637925555361631441823289092439339985185072315445855499082189857232
775510480384806034140949545825554692935736923315381569314717626769009125998658765525983397
2850488340712775637711469496296778514688877686392618284017861201071651062752044830968535256
10361598105574993178054010801021344323944676635637785779861573794380661408457455973465549948
37256609327789546106766563151873639413173175611430034354498951728865721961915444665551760936
132538245285033270214470274015573114360378354212682769895902566668911787534278330027020047386
466585830279158438603105835744449457432804114874799383769520294981096395684770172541104034664
1625789719030518883456411819382952760791217404460444015367685622775584469993491584815408413396
5608266680988081506413143526980006326512336934602275294335703906485320595683331435426122170712
19156326653153922451787025271567993793126651837699640451422576261118183609861889611270872224284
64803997645416194203573162256035793674597107956692503937229451469477775388667498386551746102920
217161520745803016646772825542852210712544950677308686649813262135093962218534526141832667776940
721007534572242786529293603610816878114864818043607166445602530035844072803766289886296238969144
2372224102497251240003589117760388928926464914879934386327351980959372876613527632620999311571098
7735929590022872788300919360169622711779130340478876070953110259734856996880947130541050207810520
25008683982250419960760983070671592735366351255478755802201014003805168040139407468165019722550436
80162285987833294881680303603799703735533928626908418748426873987776836489764300166544921862597416
254816989203247929667565268122224979690138962034076456240974553277668544877389522133657758828454995
803419764163160371023244444947524784796821619425555417159509338688006452000574329805995324837314800
2512973991854113023188668759245243179487431056979494816910732052842379045178752828636767839170463224
7799001770370064829994052585790286448413604077642175939166871187015731150866295441948828851392414480
24019748396326108846818480977024472738479160294200087906069348410435420596564923078679459593091100404
73425656397044490618316634640491651716360158145294134820463995868954953916466007524007027804836516112
222816514870056584847064293331784204385300945418252318567971507105017130073571952832377956077856198952
671329831677662953440578905385506923539347372046856112859810254829582020620265874677726036658065992816
2008542786818396092363683211733872778965146800644009450566267420381356223094900052688319103227600831471
5968277606941378071976237557027274100017086081452780452156484754639361454282961716483727525271148312712
17615891273344070867634807558750491280361759868143464716560397923201575004687440456913851938014182601548
51654894610960628207088120071613206711795915232023381537624367744150295865805738097690794560401067280952
150498392299838484112295144879689750801249926300340669534527579266242634163267772501512180217331063934666
435739305500637927187455308259980786633907181603819372604653693969592028282939201083337686770346079021656
1253879491091399082551382037646482811834912873424850166204251463116560980188930679636762113100538623909476
3586554777803641049768783012344690888739512496651348888584242320944625076131444914270742413487155706094248
10198796181806468879234469043348498083324926262949280697155970238420799119967005029573850087177095245349435
28835405540330796026956689255427118728346025881458004773950611009734114576093342744022552688550278110217904
81070646071040789450656520918222302298459005925073215014873494078632147967113732688689824968522028814580648
226681008934050936516840933134503915997952841877141335961722056835666342178419417158902418021280589243778512
630424244070003500532739247692785090249285169378845186974981580270068650307853555919990505131205965594309270
1744086889361042602280260757277281472827745989971070432036245463116848321329922740824270728575754255349214304
4800326843230839716966855203350484246393055129361181682327683139177184675888259502266775469009925976572978904
13145887255435521899790445118420584271822433658393545363382172572980774363554257499677779684885284796909452896
35823930502007047290208785923023373213308409965987117646933052059439456622535562623889227153120113506740973516
97155538530560244178003682192995492618850029845294959051557931409280482320451272645424323412995427133647879808
262251880695929636174546663917586283513923195988224808140610512583884492230264001931527449959259309298794780552
704646138215431433659877612142817502057244347740326712506639946758816876976918983740582018652577484592434145088
1884814700533271871738041636100304213049274621648671351958196902021338248537650838233732413244078869778294570626
5019426456616533093206621565351183128155613668048555913549304448573050016986607578632277476065899810073677503824
13309727574546042583910871172433666200242215875829559381183730729569285658181948215526736011489044170900510491512
35144287012410168178197305095646700852660526713494635895923148565859077262014017968156790992873041275306847991472
92416767810676511621355004344758078695233301900227174006104897451310844048464023053750110003194050937990840601904
242045146803808246863193553129864361972088507388150071858946609799079295517848239539317805201225731348049356366032
631436672121426778423280053846601531744026137341219122670593701782512787760577968152689671295765584363471201070792
1640924028559858132678086340623035421852329956692091516360565375145867548097194893366840899324990332557996281314096
4248239968629899241413405477126346806300027888134980101331255419958566890925103714151992756137785680592537013029386
10957900997703473256991919313637664493237450633731413384249754575091092932283819794807573846107948097395516733550240
28162979706669367147760415061916744806037513181150895532957360492706419691464167935515519764730557382381952470036600
72126880247225845019128942420085755309215334933573483429405884176798704934515549788843676255516883330175984862731808
184084294749011574174107935843721351836508961404589912292478015321586392901856527629759545335225857644165797313178940
468242079626803351582194685714872308262809331379911107593838397569657752274433164923405903789451879660586418535260736
1187109238510329336401617106911108667291560963358325613494151357722473552110499321329855203587682301261589742655776488
2999917382138567811073266487773850211942475959987218607123331893319916882186604233428779633281183892550804533638202240
7557140682449028624941653845027120954140653439250940681014221186425610379683541028303356523264687894976125831306700046
18978680016941962213670475060855317041061648595479282233672172071455792588381440482465792769958997539274410377476300144
47518741763614690432723420874235033975614846274975973791661566741910507637775928687278634941109929305581664706273232216
118627105759210173517229824390343571604242694087256444070843963241670686326945134379135564322538925357330831386142743824
295292330056204906637105019993600815025277952924655485638182760635435927670346507553089000880214996358791741041082324551
732990462183145563645242041797986783194337792334366089210351750132398644680976243619862262605636136115052259740427527848
1814473622657425504027097147470833616949439699457068139983193538828496887029584505937154836883973433857167486588628296036
4479576990592708372660798611987437704264934565764593828559958918809415499295652898164098792061041494333985482476889884248
11030235562002468160380482051882534916886469491403919740271620390586800681364911132332315321601776813462901178870377940418
27090750611004296843526704936173676406764729545663575153972112836142384797730979108194559229579610198240003796481823973880
66370090184437935648440271667218333162204605324146083590503367057139197280528665894830185968225646931279570918055405573452
162205347485486874161610885956287568055146632414969634184728211978642357537474005388751917298919593593481779100184617225672
395480626139775747886867737610981233327436983529098143870571757731589340210952095519400349672895998673981683496729765327363
962006613079568644980943561080665590053836787316359561842595876344733504882724445951768270191490867522861313355356114456528
2334795363084971499072761142065217466852161779168845763447626100686363678014993857207145657974781927560564545044793885248664
5654083507388806731464512115135477232995913696770149360504192614403810212030997975453176888009541183143544104613442794664880
13662888485449108203249131219704001951751686637504429428754211472198064353635720671701296184224832165998407488696896217367236
32946823421045289407299034694542238947184995591433171858617853264570309433831984063151017992005591522893122881174135806625776
79286381076653438191358319002159079255156079125173055838909872992466710589553683613950828034385082882402399942550252558436168
190423442571238827228317029665355423780760865451135480405020160036242850578710019657231096866193205682270211820037324709467152
456458324594120158726145166987206159970007428631222494634519598069677153030702864250256881827305513396797742789965816224432031
1092099498306655545142211969429808523885308840310525282120190029734069103409952103598538632065900396741164557138166441197195368
2608100597585919433070408068771249000452604465144698990114721674509268931245757913484178352239126186926828862239716939061853636
6217379658590703934563210744299095217769832414510515812626266827126429340665678113199180846291504511275856345073236909450015384
14795522040825231651516236080478252694748899056496020696716972827951139948724616916915172184534669811364753253635061618224971426
35148837998204264305540076404587498560619217953704530068439207436142069071327781415859085191811149268921307909619016198035705016
83361634584289741889335673634025317473334431117082707059470594039896467469749367279743448635527401742210415549355571865547307404
197383850842261068901197171612209671473554064633326830838124481717573291565450524320456382917284731646231269134775409238158202376
466617913400546925754857180040257133723026677044535943786967445584252383480499560630007121674658098025697296998709432852012138244
1101357741668222420640991221743771487412624486879275291274933609927804264639868371892214959932850818281038303875406546998653551384
2595517188167436889490878620114220503447605213588127863340527999376006599774601445775706877292427448667944265805942869062781347860
6107416929390089348763485256618364245284310070366172424996217316968146560006321843780598715027027049085095832940993450729370229416
14349518624688215872629520755838277052306074303067554135041836905881184018758325700622221108687705536487860820717589003998025964530
33664281670399180336744565721804381602267982512410298290297057363174429758421727159802455137313652134963665644892285972710856866216
78860208016113818369521463199121511542562039592851732238496057878448487736445869032846415222204949659016301969913668473725291024700
184461360774527978956076952848281376110266711059029896995598112372441022944701094233201849497110317545513179726443644224595966803288
430836258452929271651099481392865829205551270574274343715364421362130183486611049608733261834774805300557833717555245152666532395289
1004793649614069271172184858958800167407058440353226495174678869632914275296368334353951212445167175999214464805724813988628302932720
2339891874434176282768102357710491074543750466123379941122941803478597106158429617350326092996244698263194323649790914929589215872520
5440808984198309556580658672524872858895441689738096772354129613030905292359896470295441829644700203402141266220827311396730889217168
12632012038344932521339833175949245272644832065238735960007890377231788498227112440475082784514182924278303095137135213756638132071252
29282870426771992096281764771927840642904580318211199768208280233505943294308278176868088998666791541221299683722251401136402228345232
67775965492933657206270569641330273651963038091180228899461496224327385207605743406612587550542664410884744637084189092792460943728504
156619521964077283962414791348458662386468782828042064336963500453412802459686053308374314611916251018773509570584149957341286304118128
361334742672979416760868711231932496916684129384464512973703439800257259285906680500428100691891921247755859928870726737248810039461559
832245027029018101674600443361816013816961663664920472994727913140048884742441546864457416331508736466588520675585852149870546216812232
1913607977750600371424714073776282758626446301087552577369167632016704382317460096944148475612921318383256736817733438579306749545616332
4392344171086795875279656715510951272906134632511014923735999605476007177266871940671182163344260931025220627233144602595852554741433848
10063790690503949399275095921959730478086579935223341360476141308194364503660688158080146123093538415613009638512176385061299338581468526
23015896472175027738075890904240650274271876601659351653983656108218461768897318630944778479130744051131889733382821513912013930714974392
52538011796648521391845104330587843732805578372601427517364805294599926357525321202948681306979397998459478352286773384240597964076465060
119695126850577111925421213959291328927488668349235649638263223184004015089229952849800817807088860292220042825438143875633145549245224904
272153225126484856786166080607498318935934355869542612183116143682008521288875173706267638057079794573533839903182069004943295757196241827
617534635964814128486771608611722050410384219581454280694997716376199186116430417444335610395608570926018913480043916152252372897688975568
1398286934853433639661469562290483688704376326232166667343885798222008026409726619594267033041797725079981557540145620024871757130226653560
3159326764911480302055588614520741836471200970681086304057636694173540348603684023094798023726956238409971848878878841979953748247535329200
7122494150832581867842634020789024556543823643427401473537301907433019971563153498788645573640687611944984955547504869938232761731013629062
16020830246620411395508589298804353565784438906356844256155581467398829291426479262903381902531525538864413770124514648121826914648893904640
35952530518818335419461502651024411574445969314176056737721417183357750668982878990910547908318818718821074568095311740572626742091602339880
80489975019700162003760561620356886395585165721345371067688617419520300499739963287773971072171880014705605711752383108077644984561617718464
179762305139179285723308954307676262984946105956653550040721826627642918407419408791925107974153766777144946009814699753756295653802250860331
400476396296179611075360670582242320685826659591899119633751470163736291500406576024645322383454777103357757160331077786135183599816678228888
889926251021883239341173314154077510903620824758059597328681367950621075215718629149857298022089192641502251001342399950189010791647957990444
1972457607222973887648475434648646357605867325381111924016333451159064510643982773114110287995380552368329822968377526768345724508042093596008
4360297706695761380567901542609179276848212417060585682003174647983189357812555861374143846917736217216347159584551768090432934447649611899060
9612982405001572131220790076689452552310878958221885735393941530391494816859290348578598589642327298046816375962376213955470892469754787688056
21135520622640009376374849824255417706353300793901574034115316989003411180921416448390341171938949230129958318985058396253511689358953669376036
46340460496555002876187120328013040875224719147065855703649249924545205727022648275325272636528381603951917697750659353926585197202648257921288
101316615761928770554279675971584193516838177344199819703563572379304181624206256787128582025605948515244516410979368342197709165827360251687939
220879206621396182267439791203225893827007640825265297261033169299325683872441915237991724880333784266430791581025076451981984840026250225419920
480135999298016323100165145775021499052807545609547432159426637177806431511051608094311104904678029989736256073711131161231156497144196042331784
1040617149357552411182405619001855968502167189751715531373269288391065620819368688842085482499484648676437417798418834968895283673928934648509296
2248627412395772606922810346487671657951650855160691447556471375179626095934416903439505405516799823458562341601982339307747045577326797876892546
4844253996800787440170452494490814625826175039623573149259224021593092150873506888616206357705870829642364075776911350578192397321945827925434656
10404058514001863134587386395413897436049900955128298644930208605000607231078827002945380773637819531503495978099471256676273084011461238810930712
22275591044826686315711865777294890298459219513518115706958258081208240482316898176500053774096692100334810138734299570785393082266685993886378912
47543466254577245332394765204410875542380352858861915314072956784960763904224792523726351306173474225969513978702952873111930898121338115150937174
101151577496399363057088844845041139802156390681867964300250059734199511505841656947371678120996717930515858806529029973995632785459220211994694544
214516253290135051106832209863466940680273402759169373860533456665634690335526942885916550887925378671684970018923382131328243392938380557124673248
453460452841970706690471960583838797701744803816249563557787998671893794785985999778558025757091345557105783655795140118340161777367152617016413360
955425144827934677869807671635837931212542400819529890696287934634278783572381997978536594306236591384428508643998519845401845017698804795424959814
2006405513240873117162749138119016447404188336568201667618880826327893762789663933173335821456981987255452311101109165355042834938279172450979377024
4199452701053936967327641863949525026509883366517408742531306526864540831258018884611525053448610764262276405943273267069895121029472064803988368320
8760040440728994843995102507971787006398906813798941609733598720215166389919350503067815878530171224724668080850396394623275148910788434948472528768
18211545545320390640483526110674960727217861070399052132932991914232629316859948681755902069466836063174941650806329604608868719481652213600645930469
37731401586449935499064602951657304578364237124788949946590640312904139248460090398292759541059634560076955231110792206383639112779711958897440120872
77904578547597197414261797934123420509797918245807393331438474527923413158888831504594605863129663231127338922292383957790712018668600537625360468740
160293420784315274048845211944285114300366790458631530085186800517490140281260506854135727818355455801171993266590321107105316901263377865961760043480
328662470017728921269207569047420968459428608050520412106584501578307576922174818902309160532782498999526277974558597214153503602780763127580759945412
671514702229340167887836500779772300873659354996674061076255640066327369717004157992557953481154646356859673020895666802395608730296229492094429973384
1367166671896330399909532481450858603725002953980108847484287463635770910912460578669556329973232290981680185905731014751995067870748101217695324825836
2773560787854200339964795885829829726389796808341374092191632572513115207695328611324265307307565596716539206635477168656463204211688045009155355209720
5606530398805453942425392350276957775213656073135072802385636421816577111631816131982779447317050782150181289599054636235120837421973063606196031065419
11292266570700534386001521742670852936778588382409952385963820042805190541318834905681101948134776205005957836710631105896053360721197830603718562436448
22661511998268979860162253335162468756684018776008234525031529963167149070621681880794638885234629587792769551509667350845857127922434012023537823409272
45311456080167603095096999901474017069810201213308857610590245245674706169616243364606216868928378157602641201268056202214233071534489829252592056236128
90267050364813213054029339587902568374195657873365623365922282727686855458228442487300969041420038339437713029144462846269303947728683928126888779245834
179160995035175075203905060779096209229753761936509586449749465642632757960787572602723717703027621744039138633549806881928042324352988501844755422582128
354275971121549201124707293687157391780529153156416397190271616906547569149082170829986435304861496152441474035319214589260399844357811704939679157762728
697935234946003807790518204734142750577014724568113556042820251275622465542684295310705369569611233628830505213135167477695542239701166827989915942481040
1369793371330665740731818435503190768820436886797012923256926185874884778048021656864921298678476193314424142767387683664413598032085210767131178746100573
2678261311287394883725361401099150720951751047061651453133720768732627306356189915826109892455925794530115764242725795187736641821715239380465432134917592
5216753907430816842360632200085017639630170777676519186403662527118107025493071822253741141503696459861717907020249259167543157763470282395605663604130732
10122527042109390939905600312575940890696416343328259966265986160081400702686537918929802140330090734327717729796134805630847581381070217198747230291065000
19566381767959427552202680649441701225709740013981499484639009905403072764549472763300412628833156669046452667015849403562012325412747842506626888542473242
37675322162129585200723310642044165647324350241773449834443110266277050272122773339421184184163045703533025697426924880671351475953394853158123028841328872
72263716421151732184295811745119581946431937094217165980785090849774766531056018481067285566818859174831108937272931345035940886790197557802985694464228484
138067851041592725277433034176565127739221365309615308261101259341593576942962300312730296214364317044775799665514812025464618715469269723030776864575855448
262764064098225975402050183253797012433858768748185664994287562309614278125278047030694387367294069385085680802088011815324794365934291035604785226930630995
498118617607784166736331600071358869154324696772961349155369621401974831737061918954922645643456670161640242479707970525311409273294217797206511232537089728
940557448268337843169327128039919051950594208883659895772063503818733942936142022512363055743636455688627195109095989870356666533344457454402471775372196640
1768952046400118795362487349236222477836349907005674652704590555412406244603376573587131751889460110374380938630122659500548861994787215954822934630141452352
3313732772191039377038546318183122377497406677460313669293711549887701760893386920743880732613508641958012085136481117546442302783385336172213913884160362556
6182757043808698085300787652316107981394235854215291788028926159997047404046890489612163951164549373583724640831223253031559469814301393941714576390353078432
11489544533114970670688083801943902063256072727177381227127096541299126483502234717701963964943104267440577047761332042637733527101650873581333712891973306240
21265329123352453926614760299225057875932603755501587090873942332082725039123958143798444811499624607160418473997724782946887057579418513413328786752258386400
39199711266326353076245158423461600001088982077374048392044543598960916656779120743287621910709416641452734516061932282128984164902627788275146666034177822789
71966098443181689322996946933528227477692590389591988600148076962088465355424487934136169903126247234109151528930077592640042084338097515279664817770452863944
131583160502282687749627132998077689776315468126778236484302324228208797667746914116677971622907398854469042595285769584633759513684980309405237268826092027460
239603375182389843595760144321038706012714544265520362813384362927821683093591146609814343536808140897791732861943104920341239968299323680960021961162587827384
434509098022365999919304048856948879573831413869504017548440921157201837789876506530017967729494918959919631567396737233272567772809504843096688083918790946610
784713757797669278994958043677615921371605479009538155091416062359861603874217280864126318459144149724343739025387758529805460168305253470913179036042776138520
1411312846341450214649041332021654522197797471838667308210824892862342780990971725157873317223779357294259990127578771755692763405209119800046285414868653324140
2527715574721792371545339544841755375143398059472766011695525088704938511938078918754044422291746503799632082569230424810171143704881896920153836721171291130664
4508367414648812744960752926927659527183811572369850729237093322946048038241389555419804082563643689801742038115089488169373378968670358049087221839547257205647
8007371041823012202935225190405964201349876760065902519758815798361805179505885930970927021268866324970528971258666525814386382582547425292746183244654980372432
14162293181984854471717750059248541897984365194543640228504582737675862717940112251581268895086175676231848880973581288138384389091053864658381563011804842379288
24942711656813166180827671236814719013563229047015770658705174521363096521747567727245713014788814493570692134907081618915588394059870522655884905904013109129392
43743522069498890909179417849506171287908965178888177774245561672190029877775147175762270408961083968863005584666858885317625634089850861011753500900900079110292
76390160232731168904542943666786936108824770796092415241491929974596019007829982188086623508995753859084889441517459478855134304033846103731972196095459946185840
132833720485456886001996832487400682773439213730067160822066265392171868169965252023518568003355195486692716267589345285332904433495433770647525458597049628826504
229995957447265108873512189654364263911626321737087721399142773306331670127474289387403863199299288495655230796227584291625170585565694903166418442744328573590672
396521537479499197403785094147728109159786796119718971648219463421953985840905514516161529412826081328234049428982746680947274420335473634575623398995375085896730
680678277742880894172507166144384673919584313832081378963216580404200843610995073224017221171986140476605083702376012585850130442575624588509802631758749388601152
1163427715414337925126637611091181589940199283651956064865823410176778814463385822417552596691407714649016915771252493305048695117055582002991784929136820022230688
1979945571239544432231606924685588754706972216579131328913347867634254137746216927965519223540308380853116001045383325390534702737937492574618224497743101184299200
3354883258481908638726434979258709488327677028374752740901088744969182589703453212572699190533115257292192042481826995866813893631850907903919920005591986980621700
5659863071162204035179812093643753080570891732462536001488907375122900947266855332286266960954887861951093650558073088041901506152954083219436111022680015163768672
9506767628272071441359812692338425316414313854444841510243264847450935969173584177224780773236118311980809456094379458688097240297264368567953240709354002895615584
15898363410656482919251304895788047570379535052926272261450613336984867453207585320959274711999797693162591477977993015950795830579100723120867716815127939086090784
26470292922021172071939980207319044403615215778037310399892711691046268097633494888613536855442383302074620380063785756683956017955346016762739107095560089200934046
43877928175258338548736489333199165709966552220549604674291778582671728732337236275622465004903363245414174937624368946026546864966918881668096267872836235883810512
72411713276095815994537527005389800872736713123399452228016226350102277395633070492415120521110782373752368704642848875346038071400963897645009096432957441692709704
118971034380325881331316307048523732125539082719708743094349967150033419326532498842393252015320357122437372494054763023044915751111030137509641292000514800253229104
194597729742721253998571002589164322095865458123385041514141855274399020137194882750339148237349963019080348600184230681039129859019767217421017880869805164219457416
316878581225071564064947841141068287646136321970126736724367214731074377427377251235372676069818058627825838480026098975172788619203109463359023611079469162135046032
513689991414427955592327419627111799752764081790529092430489211435907843361234341363295320910209307710147145266381894600930701336494644692242948462708232278934813016
829004713807554425621436468719363834313168194060828640474607059557467785809262122623955911878711795527796611005133323835835813872046650154926253319761362411424298096
1331849643217369532891233568128865077912116435613386363827830358560724134228151072836354199990294626511263976166371097153536057526485485094240408824961673177898332746
2130052852371470563766921064827065174214221800822701567965505509766689595469308053591891003820845474372475943701031223294351757535796582124346865686925319243013793504
3391230231324756679657758355839426653540956815978593268609592830247335416512530069705843183243675506351430080893422848770866125696512785782088699302625793531162117680
5374655974751007375449881685770893908768999411993596248968769137665228837268027820064240119433142340937579790273609804697640710264259984524162280921802159151334043424
8479405514570691314392319202997171180707456080653998320395081226369369077955598282486193490624540019758720044943269176143122502430332813821370220427773757001183483756
13316692455254238725134747158317160996045108754481493796337169197224371922211372867611056232041413341563125381397879197791571485636477943179778313862538474568024570688
20817976292750583533550603629865560709700449780361378166175915990874500305660101754233869919624114029136386870958050901442165642513807080717872321285548960512188659792
32395659218292555943333239959331557958952698140329688738699205137722683235403439866317170672870809318398400404304976940562468769466804203941430772617150940534486747456
50180658619423542906733722088374151146601046708668649141303041009621208133191169605405535015781839500513828966648761088149836095979187187990550075874464256116307128596
77371714233247849812647182972581100050636190860123971292725175830518593974841606577199001395508814832957084551775283543236863229709977767358093298600992980797197927008
118746157270784279105884045720452389955465326603757937226181016223953156911610279732075856407493114782875800846158789815106083157020031117120939546805289300710871088384
181402639711574984741312916865627244010117526330611410992967273853325532524185483916897679453204974720475793913094428691659273760113322890824544391212557194931744930080
275835142363628959188724951295162358900562166381551293788914661050485945570136458464106851011549201915984339295055435178138367768163092306146240200822694359477552185684
417477294716306231026316906268823096063264000634516557792147614996744768163255476986578133867084269350689692524240437206425927442724652558233998670915173053709148751232
628910382947314731874504248302219505914704017188977974793240932733926295139825032923601648859058926411916073696604598215964618145938723602728969136070413027686125074048
943002252863626003671052201462590588184045839705498423609607590091605637323117394825571931118768871162797162141129015204957802086823546839332663205748917971858184301184
1407343889959438393877247564426837087286235683388434543689696938556792041457617722741299128184673013148529367923328555650820503653287257982898828509124396733990768174502
2090483757872182759167311563145609565002631402736411694444472047117756085324072372342390280264043071296188804688279178890697355276179951331152089440519556882116722281904
3090637062715140022939768377593048951694484611890150259123017920407365156799476352895916899367398462253698135280747466032794889365832655832512941086324027237698748247384
4547780532209818676250539432196267945404491976931424938090965879117773179593275553664823654541917886588905754355951398109940006517207821748371442208923636407577112182096
6660348511096729813858954364754874781076655339744614697598357500314774335530662187392328488060412664641301455594335530714867613287889012391586537257811635816947579282216
9708141965387826136275518528792048041421882340036646461709247292885163515419797854885770849744369956485829787734841585962074023634624520169896070606220689388212986428784
14083570867906971099683682528525129643084587266060871710921579134854821088768852976115693513071752657912566705911058089152331215489017872589432417628320718217507611644680
20333998950700656977652920694767121617414693977153075379301074045204430836856583199274162604132890413499476625415140809268143770037296205863771888759010090467590336200848
29218778702207428679721472305825320994404359455762155675353437084536034599833483883733549152347369544915535797373947492949079671356421209042859588108160798914644597851630
41785588646054267316469376045834010075327790051686842465244475503612566961362705905142209387131099076350215716363999120769831491605749982357973453810405085827785443178208
59471953002323686893134051574451617210017022048931622961374552065118714898177755009218278243377415465550093183724648014368056923054851467554092031321598967364993484903872
84239377343835552978492597871103686713968720732154208881656828699581812464158747052366666560612620145959812957502375096645980117857574948341649164655462251691740807123616
118749415820181027911799919363408829227039323302039543002805406359931271136047821688652394544640242661533251522304278500741515261382808501680350465217414754035798895954332
166593238183617388949094198694252192573096906299856881027836710359351915255941857957389399329897133314763548957627394602312953603778759449516245029145566852881065818829888
232588926584359816458079481351098090752818411493764323526945085441720309846525977020113706653521830120515762184713105577425292666739095899033277982519050083421870741835840
323163833171757223488942175812304645552126859640117030919698550231300416951177996641441185740758104940956122520356416105171541278910866222156731825715234685649716714735808
446842886636633030758828979303746806094965825123176518152038229779718785591451634448408262812630344035468029056029093788910646519894042460667078794275714657546335445322190
614867745283561414132479250777372390811719157465160838458224771379462217248493608536373142422330503973379644652139166979906425635420147986635493117121803876848385734885552
841976123813082078223864113841918785417657071787446795142902737610877494648028800900790186410551747749037761420466715253126884375239335073081860800067024617822428966296984
1147375400487435808451630814836047100141294817642721988797524002734416742754227009306436156900906615145118348233038445280811688547232923453219282368835679281437794197130320
1555949621919388337529571221530688358718582750707260691332776946747214422081356461247521360181611068859727276826258976044631655993809977396333256132232317396668327707382444
2099744085641642680914417945976650189778196557677351322914370320044195854623667516223741713510545686702682438527203187191303693327422087100189875590269811017736856624534672
2819776545847956853292524275123332932059322490189102208393370719829664283709681875171244308680912383737499620366671868582518915067170643485206704327423581967624669084417032
3768228423171779136870653812645021277384263702120021359672823918731638008312361411295261426067436889749203887372970100149698400326713920883631405839050585175653520344878832
5011072782044317909243627791769135396133969982877874324467126110935742819694557178723910401624295617089070189261487869934376707937672178890973246135164092894593887887109638
6631197749272145033118596653626803217597014160368544302484669715817600858706608875516737286830866547317533280677998729439091097102791295150027983913608434644693957797447744
8732083867450872567827082060630604885320986035578453937463316491628198862305180416310141389568493132460473089485384481483046890003426770416868866814114198742681247027243168
11442090896888972424802167661985795538609874464671032618991805936089818796666898043955003016051950159877216985876891473005658067963970458907604877617316211082534120615020992
14919403011735822952034585226892170050500229586539697552528106992180868065498431869879396019856794169743371483991475332207767643671920624183135524321721297751110230805924392
19357670337755381162149318037279969720841552153855854073714282566464217330495783818108548389997640051502188408133968862606865217756262376165627038714790477907331939052368768
24992368490432698625203591506178108437017390512502148372475657356202751316772655915530352329105374636735776561511356137842435093086131742848440659515914671647792374098551328
32107875363886787486560252315407880068928323435047499027963240250560125526970348676799793116646079904504922906238605269083008817000848690027816167665114410146965907209504640
41045235158662077953868095734247036729217509824637256106674096744272948295718377456185400020237588458477563220242860746978342498513947387059277408466804673402214267623795314
52210542955654279490266148374725055142427897530667470214316709648761388326133555666727189390792879579981664337104684925207111538125620875537849198811686124799761725911029520
66083838738461538200640358840463856394416373517601226751290041692728769301999032748672724074729815515300341209186959181497773981434807009979413708304964868435914358555228520
83228347686785578262970369088125850322863865417701746572127436709591403545104272924596236641709201433704170809227811983583156145477475633086125165911640489915774089708466928
104299844314491855254125861024902480717913165100510945925090193739082695598765738562460148386030913453337673925117481311619004342638982951616600142493508166753381733159942132
130055852667228520788279125239657449942346225417058131968006375674823193193898375229622091172427098925945178354040343261284041140734550870368849048727750573835447621730324784
161364325028113501698734225381571386094497400725115587892753038298224920445742602320461990508191592843539761951834775439317982507747789116686029324096320038246011458879784312
199211369818533876976673132745689622536854340379313736515336225321904474962318336195439212478976259823690770840433926194607539951229233149132252540280075281571198332089324624
244707528785683225900274612800053491815731553517454510930942620795090902368186252057838898473660048669067371013864865868763925520413110051968614459891609067063389485491477840
299092038045407751710281136392828649878926281338140959074512034574882057610018106127876243513808149862860641059299204127654540667060376119581141483533214115028164735112892976
363734451694680181942248136673858038618186573545716540289113519318911023793294413949470344853198008187389337197452854472211012952041029556432219019928679198625701085951352744
440132965693201072616452845665562412991951488440590778104652988882822510020773432341156816316649301260690003983410816319970338846055922098789789617220248807693922740670076752
529908759099711581913586286240939184256989578256974659895895694023087742433962917568774160197818092274033669138244174481738166912014446926258270107367541389787255400610508068
634795675234323912018646018149305412109699375317501302860756582911391807828989930934170060099107128919167266968800593686181146793843499100962979956254705700888510843926573392
756624602437791146822776016074119790353880354173007415285171529684826227129596456812293157841082602577817074022869862927595514775007431666550507348368595361116106737515321400
897301987759958713165399575420065686421527282418992425104053002052605896610534586807207343526057273345085890915276231709589145326911961012997323753485651490007192397315214512
1058782031086320519057261690981881351218143230225378248465323224004236382058262937641178844543366107455390929202259348251120195862627962678736168526964099321756869330055415518
1243032264410949510014732823374501777022974721495519449920191245633296125784128945537229280079204273023543298170761329843345819878666785617180042551555492332484603770390032704
1451992421798101756408754152469954073254395229405148467604870333913059222855589478282186776182680997876406048246921793044187803208764782828243070036420083644069738847772403296
1687526748347795382884704359114181177255042554449745936900293591246529000233115837892746450833330823481382511553504549871313843204622329909057603145889198235848526896680976064
1951370176850368598538983455681808137434194325559462625496703672517878243260809582353440055409478846972526408879106367380965322800975192409585478035010042536909620287439666632
2245069111565980795313457904337452799895005045764697583840841443755948843777955559265416710515411523959596598646178147984123110179560080017725918673779680306729694436514264960
2569917889531456508221846986402746938652774248106541240016193441544438985912155066347440798802273684467485641012771513997026106570633000229680644675038979866338977009681502240
2926892327967404452817055015185649630064602498045981680110372890091040882554295572492496500682842643462173820080894487203019871883361667330648596854834813387915986456003712896
3316582096186978468608140838972563580439757541310883591218189226252028380009790320071039781598084569521442104376387045234703397370796929767744480354812856352574878968634263374
3739123954342185989315753720023562460274716691530421521430657776834126641793508776120746593021343741842375721199261515671319623517419953383039765236882709418012049293667873776
4194138160572144464546475863461590780590155692147407048537307103047720352772899032620332026973509449318993086001476803062870971114958006378321515664306120781692809710932101000
4680670543509581009736026835685906083655941262890693316164227974512054397928846161852068928378838096825568111889699701834300092319265962827090728095077488922316355336958957968
5197142850309447101485639286512448900670254222523906367771160224117214663102093350710333965803101573183952316747910678072680034512952965634517517292938975124329558566266173108
5741313995027378324896943085048413180376899134649626869514693639154231362489727573635656405347241222357291982503343615211003763507507596970004968331726309892747108510097895824
6310254735163700596546502299473292853191995985846463988262060380641025064955091828524541044913766871961398952554422244062736719326166432870418134425551229120480198319111174808
6900338086785234010815460300878841281931856104238845013546384285266894614693563282457372794316838747005359696746525849635458072006443841704444418791384478631023523322201623664
7507247447593314743916455502671286132426874279381707076160654619621099076389561864314959538991509659911172289589013309735320200764409233389103091822996904473365498332137253710
8126003935659806330560629730168879160400918517781498240559333854501011204420754695593436517600897944431918352343948054306666109084043518012739704650131259002076725027751712000
8751013879133563844462618601179407725162655977288083865555990561555195471087767616503493321018082379652910435587776058026327207880595050910297017962567907448146287148794391008
9376136725773158982575195402021455407479345807388168610054127970480286876538454372080468029120511551399355740583946104713494371447854998794989400071242261247075336789442700288
9994772904038891639664327721213666483892836155342309532485315419485689821259471957735898226381838894744068248828887255083688561295665098396473492072733353269104365770385169020
10599970388873513643284999373511361509432012643154759821708492273545360132840762350100210444298745247544716953096343254636218582407250587965853441589816953472930970447541882848
11184547939052733588418297845120824434279052177463401218574212409068333753110788367504857215641419097141513394007366419719498295678358327834285128385102229142572289646326051296
11741232215970391508396039905568739775934569017949346880677429122173323620990635766055325850596439899733065729875960259501088950509369266592461725283236964376596095580768353184
12262805303938813769833521856769460519079085219620853043100383963180095709189406698197279089832016339273376058171463129939311830581616381895269450079016600604189117980570503368
12742258566526094839498282830472424256303150382314470767937316223773106096103684021655521193385890542912300551375584491727098239593844678714198243613448068592715345568668445088
13172948325899467461982008582539947455199350066004324606922454728320823187436484133641664553429424086260175880054910657978023012000609917854585331530613293671165107081899487008
13548748571024504630107030197878356928339888680330020705975147647683895183454949352411948957184170727070880479634446307445676736425363612887203579031119343877941633601631138784
13864195807033938421274954061877345657854218610854822405137894866394226628782549927686249219334642202865237449502745827277558189559754602786338679594929303736390016533297101748
14114621264437635737017858939529665685946029057780124038712671588997888115541773548538474828807990638896215866525390522295509855574636851485754869785485281784961681397736678848
14296265995486817020872524915757777629009831813272035980601808305716261441061203833615429306227727514075959192214617252514689638499093056968013289589459806420186348258366702368
14406374887897617323202694021573600732805083063649976912471934056016111358028611978722666321366277536860923804300506442723949067723008363586792772569648887086119827223745573440
14443266304953909623472101587604902625413692392028133844953695893139875551872180294386109542864736139152763035415327413023750340020701591434086663783566577366124882458424753424
14406374887897617323202694021573600732805083063649976912471934056016111358028611978722666321366277536860923804300506442723949067723008363586792772569648887086119827223745573440
14296265995486817020872524915757777629009831813272035980601808305716261441061203833615429306227727514075959192214617252514689638499093056968013289589459806420186348258366702368
14114621264437635737017858939529665685946029057780124038712671588997888115541773548538474828807990638896215866525390522295509855574636851485754869785485281784961681397736678848
13864195807033938421274954061877345657854218610854822405137894866394226628782549927686249219334642202865237449502755669773079275875192297304154269215869752229726936139413322676
13548748571024504630107030197878356928339888680330020705975147647683895183454949352411948957184170727070880479634446307445676736425363612887203579031119343877941633601631138784
13172948325899467461982008582539947455199350066004324606922454728320823187436484133641664553429424086260175880054930342969065184631485306890216510772494190657838946294131928864
12742258566526094839498282830472424256303150382314470767937316223773106096103684021655521193385890542912300551375584491727098239593844678714198243613448068592715345568668445088
12262805303938813769833521856769460519079085219620853043100383963180095709189406698197279089832016339273376058172471985730223177913980069971367386225412571171223377607483148488
11741232215970391508396039905568739775934569017949346880677429122173323620990635766055325850596439899733065729875960259501088950509369266592461725283236964376596095580768353184
11184547939052733588418297845120824434279052177463401218574212409068333753110788367504857215641419097141513394011342787910017167115186913031783335245043420450687810517279306208
10599970388873513643284999373511361509432012643154759821708492273545360132840762350100210444298745247544716953096343254636218582407250587965853441589816953472930970447541882848
9994772904038891639664327721213666483892836155342309532485315419485689821259471957735898226381838894744068248904812265533348398582040608825931828007353030870102207350913407612
9376136725773158982575195402021455407479345807388168610054127970480286876538454372080468029120511551399355740583946104713494371447854998794989400071242261247075336789442700288
8751013879133563844462618601179407725162655977288083865555990561555195471087767616503493321018082379652910436007678008017700323700009669175812225041258737115430083222742510048
8126003935659806330560629730168879160400918517781498240559333854501011204420754695593436517600897944431918352343948054306666109084043518012739704650131259002076725027751712000
7507247447593314743916455502671286132426874279381707076160654619621099076389561864314959538991509659911172294426804090131306779436596900996075268687945685806092986281634949966
6900338086785234010815460300878841281931856104238845013546384285266894614693563282457372794316838747005359696746525849635458072006443841704444418791384478631023523322201623664
6310254735163700596546502299473292853191995985846463988262060380641025064955091828524541044913766871961398983963636471025049163049908573694967045649735990004936522705477073560
5741313995027378324896943085048413180376899134649626869514693639154231362489727573635656405347241222357291982503343615211003763507507596970004968331726309892747108510097895824
5197142850309447101485639286512448900670254222523906367771160224117214663102093350710333965803101573183952593134554965912491697271698408351514844221938841483616767072566736564
4680670543509581009736026835685906083655941262890693316164227974512054397928846161852068928378838096825568111889699701834300092319265962827090728095077488922316355336958957968
4194138160572144464546475863461590780590155692147407048537307103047720352772899032620332026973509449318994980323046595461870011713046165895217330994283204715129021666621949832
3739123954342185989315753720023562460274716691530421521430657776834126641793508776120746593021343741842375721199261515671319623517419953383039765236882709418012049293667873776
3316582096186978468608140838972563580439757541310883591218189226252028380009790320071039781598084569521456537038389964889885881747872857205513540734356053813585389484973344590
2926892327967404452817055015185649630064602498045981680110372890091040882554295572492496500682842643462173820080894487203019871883361667330648596854834813387915986456003712896
2569917889531456508221846986402746938652774248106541240016193441544438985912155066347440798802273684467584586419696761046096837730006617614635369546409609402519470366701588512
2245069111565980795313457904337452799895005045764697583840841443755948843777955559265416710515411523959596598646178147984123110179560080017725918673779680306729694436514264960
1951370176850368598538983455681808137434194325559462625496703672517878243260809582353440055409478846973222610889854475723098715245050348469052933572476044806364774214904610248
1687526748347795382884704359114181177255042554449745936900293591246529000233115837892746450833330823481382511553504549871313843204622329909057603145889198235848526896680976064
1451992421798101756408754152469954073254395229405148467604870333913059222855589478282186776182680997881084712904567186243752119191173193165894809314943817203208285930481051232
1243032264410949510014732823374501777022974721495519449920191245633296125784128945537229280079204273023543298170761329843345819878666785617180042551555492332484603770390032704
1058782031086320519057261690981881351218143230225378248465323224004236382058262937641178844543366107486805725262902254076137560622542918691313090073053689307722272406576514782
897301987759958713165399575420065686421527282418992425104053002052605896610534586807207343526057273345085890915276231709589145326911961012997323753485651490007192397315214512
756624602437791146822776016074119790353880354173007415285171529684826227129596456812293157841082602784142799443819896147844296502004526484143400264583193703320522229740296248
634795675234323912018646018149305412109699375317501302860756582911391807828989930934170060099107128919167266968800593686181146793843499100962979956254705700888510843926573392
529908759099711581913586286240939184256989578256974659895895694023087742433962917568774160197818093619352555000330062781506372550098390425637147430774668852728127332663536932
440132965693201072616452845665562412991951488440590778104652988882822510020773432341156816316649301260690003983410816319970338846055922098789789617220248807693922740670076752
363734451694680181942248136673858038618186573545716540289113519318911023793294413949470344853198016853268670996487472620366786405931685888425082669852925611860898511634358184
299092038045407751710281136392828649878926281338140959074512034574882057610018106127876243513808149862860641059299204127654540667060376119581141483533214115028164735112892976
244707528785683225900274612800053491815731553517454510930942620795090902368186252057838898473660104090523568027425780527880261426301281625729233337475814602599683829671320912
199211369818533876976673132745689622536854340379313736515336225321904474962318336195439212478976259823690770840433926194607539951229233149132252540280075281571198332089324624
161364325028113501698734225381571386094497400725115587892753038298224920445742602320461990508191944545606601248833259396609185833082813633276702446805934266570369756711126392
130055852667228520788279125239657449942346225417058131968006375674823193193898375229622091172427098925945178354040343261284041140734550870368849048727750573835447621730324784
104299844314491855254125861024902480717913165100510945925090193739082695598765738562460148386033131859345638000212148344720016727841255495019986932819139148763446002042288116
83228347686785578262970369088125850322863865417701746572127436709591403545104272924596236641709201433704170809227811983583156145477475633086125165911640489915774089708466928
66083838738461538200640358840463856394416373517601226751290041692728769301999032748672724074743725210292098753571129053470840971061537416207605474773482304712711695184509288
52210542955654279490266148374725055142427897530667470214316709648761388326133555666727189390792879579981664337104684925207111538125620875537849198811686124799761725911029520
41045235158662077953868095734247036729217509824637256106674096744272948295718377456185400020324319801112449607911071864172834044977867964403208664932210568445190854547827314
32107875363886787486560252315407880068928323435047499027963240250560125526970348676799793116646079904504922906238605269083008817000848690027816167665114410146965907209504640
24992368490432698625203591506178108437017390512502148372475657356202751316772655915530352329643087703904936521452714130127035094400041562634648075056160244832804699557454368
19357670337755381162149318037279969720841552153855854073714282566464217330495783818108548389997640051502188408133968862606865217756262376165627038714790477907331939052368768
14919403011735822952034585226892170050500229586539697552528106992180868065498431869879396023170699466054174517619261755244541993479304842602019369138527437834608899279112744
11442090896888972424802167661985795538609874464671032618991805936089818796666898043955003016051950159877216985876891473005658067963970458907604877617316211082534120615020992
8732083867450872567827082060630604885320986035578453937463316491628198862305180416310141409861740944517570081416424661498076063221016059067191673323720256003890947473483936
6631197749272145033118596653626803217597014160368544302484669715817600858706608875516737286830866547317533280677998729439091097102791295150027983913608434644693957797447744
5011072782044317909243627791769135396133969982877874324467126110935742819694557178723910525036888845967513496488639590590829849954208268765701440162128036263756848721505798
3768228423171779136870653812645021277384263702120021359672823918731638008312361411295261426067436889749203887372970100149698400326713920883631405839050585175653520344878832
2819776545847956853292524275123332932059322490189102208393370719829664283709681875171245053600830651728044083498512242805290548106496786895998007858681670850873461317991432
2099744085641642680914417945976650189778196557677351322914370320044195854623667516223741713510545686702682438527203187191303693327422087100189875590269811017736856624534672
1555949621919388337529571221530688358718582750707260691332776946747214422081356461247525820241616344033937929885495560866385832963813124037319514244968758433878489182081708
1147375400487435808451630814836047100141294817642721988797524002734416742754227009306436156900906615145118348233038445280811688547232923453219282368835679281437794197130320
841976123813082078223864113841918785417657071787446795142902737610877494648028800900816658728129169829875658973448184922115849437611749470652544773061509343589551792070040
614867745283561414132479250777372390811719157465160838458224771379462217248493608536373142422330503973379644652139166979906425635420147986635493117121803876848385734885552
446842886636633030758828979303746806094965825123176518152038229779718785591451634448563934623344888981634262634354496474000306834463196449261946687649358510383716479273422
323163833171757223488942175812304645552126859640117030919698550231300416951177996641441185740758104940956122520356416105171541278910866222156731825715234685649716714735808
232588926584359816458079481351098090752818411493764323526945085441720309846525977021020171309454804836755462855357529203193065939437767388947718700125731584952097654231104
166593238183617388949094198694252192573096906299856881027836710359351915255941857957389399329897133314763548957627394602312953603778759449516245029145566852881065818829888
118749415820181027911799919363408829227039323302039543002805406359931271136047821693876125694767551754823905194114670448684577184353160615847889224332300208179204918282652
84239377343835552978492597871103686713968720732154208881656828699581812464158747052366666560612620145959812957502375096645980117857574948341649164655462251691740807123616
59471953002323686893134051574451617210017022048931622961374552065118714898177755038994857587128051412166014845173170304949942627955532207593425710780548532661771278276032
41785588646054267316469376045834010075327790051686842465244475503612566961362705905142209387131099076350215716363999120769831491605749982357973453810405085827785443178208
29218778702207428679721472305825320994404359455762155675353437084536034599833484051542447192034627887945065719926501209624221856566790118885905844380692067329252047767022
20333998950700656977652920694767121617414693977153075379301074045204430836856583199274162604132890413499476625415140809268143770037296205863771888759010090467590336200848
14083570867906971099683682528525129643084587266060871710921579134854821088768853910636012413683965505544541357638434328727299557341580730074281908538366522191128547595016
9708141965387826136275518528792048041421882340036646461709247292885163515419797854885770849744369956485829787734841585962074023634624520169896070606220689388212986428784
6660348511096729813858954364754874781076655339744614697598357500314774335530667327675192910868973960213653582202833351604680921662497616513780391001843545426703147787048
4547780532209818676250539432196267945404491976931424938090965879117773179593275553664823654541917886588905754355951398109940006517207821748371442208923636407577112182096
3090637062715140022939768377593048951694484611890150259123017920407365156799504265658852747345393507133653524670810131754902784836530780586527539070386654527808884403544
2090483757872182759167311563145609565002631402736411694444472047117756085324072372342390280264043071296188804688279178890697355276179951331152089440519556882116722281904
1407343889959438393877247564426837087286235683388434543689696938556792041457767287828131539337414800333879934068301584338654213565203322001637270871443017185601894966694
943002252863626003671052201462590588184045839705498423609607590091605637323117394825571931118768871162797162141129015204957802086823546839332663205748917971858184301184
628910382947314731874504248302219505914704017188977974793240932733926295140615463093291586998638572186166670654914201551740051933337208633903402404094166641426107659904
417477294716306231026316906268823096063264000634516557792147614996744768163255476986578133867084269350689692524240437206425927442724652558233998670915173053709148751232
275835142363628959188724951295162358900562166381551293788914661050485945574254556246813381025432933752478056661839104353999102687219553896483802387456619706577989173588
181402639711574984741312916865627244010117526330611410992967273853325532524185483916897679453204974720475793913094428691659273760113322890824544391212557194931744930080
118746157270784279105884045720452389955465326603757937226181016223953156932751156039827175630638201244942057460462394450468486443833421929399302319495227714706124913920
77371714233247849812647182972581100050636190860123971292725175830518593974841606577199001395508814832957084551775283543236863229709977767358093298600992980797197927008
50180658619423542906733722088374151146601046708668649141303041009621208240080637056673373979037319331654165329427874446391857709476132052125218998149465970761058611476
32395659218292555943333239959331557958952698140329688738699205137722683235403439866317170672870809318398400404304976940562468769466804203941430772617150940534486747456
20817976292750583533550603629865560709700449780361378166175915990874500837674983060970792917228013895350915957584288871085584052502954293637809277151398348970269653072
13316692455254238725134747158317160996045108754481493796337169197224371922211372867611056232041413341563125381397879197791571485636477943179778313862538474568024570688
8479405514570691314392319202997171180707456080653998320395081226369371683387548456101636841839483186625585643678787030112201019342257130538466062573045661263614400364
5374655974751007375449881685770893908768999411993596248968769137665228837268027820064240119433142340937579790273609804697640710264259984524162280921802159151334043424
3391230231324756679657758355839426653540956815978593268609592830247347965007230161237327021248065536515486770772844896701116827482769722276216033335750360684147230256
2130052852371470563766921064827065174214221800822701567965505509766689595469308053591891003820845474372475943701031223294351757535796582124346865686925319243013793504
1331849643217369532891233568128865077912116435613386363827830358560783542503807952791634580169363177586187904815745525335158468618154702042375606692633668815136666186
829004713807554425621436468719363834313168194060828640474607059557467785809262122623955911878711795527796611005133323835835813872046650154926253319761362411424298096
513689991414427955592327419627111799752764081790529092430489211436184175688166458287342171238636535989971457931557627975200249841477061184017124078222282947114301784
316878581225071564064947841141068287646136321970126736724367214731074377427377251235372676069818058627825838480026098975172788619203109463359023611079469162135046032
194597729742721253998571002589164322095865458123385041514141855275661226441060332874643238022677933146629184428288304366074401117011484999188087601773561132527247240
118971034380325881331316307048523732125539082719708743094349967150033419326532498842393252015320357122437372494054763023044915751111030137509641292000514800253229104
72411713276095815994537527005389800872736713123399452228016226355761095753911412862742244159157928742058802882195387388763517179442554794553501271012033793956819784
43877928175258338548736489333199165709966552220549604674291778582671728732337236275622465004903363245414174937624368946026546864966918881668096267872836235883810512
26470292922021172071939980207319044403615215778037310399892711715934788868492048455559615708437874852397369134719734757524214037611142683228788366537880656575380638
15898363410656482919251304895788047570379535052926272261450613336984867453207585320959274711999797693162591477977993015950795830579100723120867716815127939086090784
9506767628272071441359812692338425316414313854444841510243264954783065303004606773433935457927755876026109532552321213846066933157872723542911905517705654573741664
5659863071162204035179812093643753080570891732462536001488907375122900947266855332286266960954887861951093650558073088041901506152954083219436111022680015163768672
3354883258481908638726434979258709488327677028374752740901089198592443218240180669514318448050817756413220673820209389388623943667357364059621940523395444122946948
1979945571239544432231606924685588754706972216579131328913347867634254137746216927965519223540308380853116001045383325390534702737937492574618224497743101184299200
1163427715414337925126637611091181589940199283651956064865825288072613081035343357764612046665599562785389503707402228769175714560951397480742710262964538732789408
680678277742880894172507166144384673919584313832081378963216580404200843610995073224017221171986140476605083702376012585850130442575624588509802631758749388601152
396521537479499197403785094147728109159786796119718971648227074252643932336554394186623055536310691128894614704104032664603750803684348736589437490653642197353498
229995957447265108873512189654364263911626321737087721399142773306331670127474289387403863199299288495655230796227584291625170585565694903166418442744328573590672
132833720485456886001996832487400682773439213730067160822096447446186607806745009911353483515141990563368144971427803546401963778926967460708964239336216855518088
76390160232731168904542943666786936108824770796092415241491929974596019007829982188086623508995753859084889441517459478855134304033846103731972196095459946185840
43743522069498890909179417849506171287908965178888177774362617075810287781406356967457328318352153231826437634205906894902872797703256989539806240849982569023636
24942711656813166180827671236814719013563229047015770658705174521363096521747567727245713014788814493570692134907081618915588394059870522655884905904013109129392
14162293181984854471717750059248541897984365194543640228948321959633784087713776119808373927027241084358402288219321583338451329057089953168013724989743195703320
8007371041823012202935225190405964201349876760065902519758815798361805179505885930970927021268866324970528971258666525814386382582547425292746183244654980372432
4508367414648812744960752926927659527183811572369850730880418532609551391447597779465255682482729420388866764115809771876578836364541974970429439252032804500367
2527715574721792371545339544841755375143398059472766011695525088704938511938078918754044422291746503799632082569230424810171143704881896920153836721171291130664
1411312846341450214649041332021654522197797471838667314152955270499707295924823165233513927189139644102793123388438312972172853994913727039700154004432346560364
784713757797669278994958043677615921371605479009538155091416062359861603874217280864126318459144149724343739025387758529805460168305253470913179036042776138520
434509098022365999919304048856948879573831413869504038515877975169292477779525661232166904291593950476250106907338348773386532713848557525453916022588511973170
239603375182389843595760144321038706012714544265520362813384362927821683093591146609814343536808140897791732861943104920341239968299323680960021961162587827384
131583160502282687749627132998077689776315468126778308643642458427137703243397838847673130637567766914163943178646419565915235446222917011571722976862160371268
71966098443181689322996946933528227477692590389591988600148076962088465355424487934136169903126247234109151528930077592640042084338097515279664817770452863944
39199711266326353076245158423461600001088982077374290462240160327514583800657214946783839343946609357909209463402702351348507705633055486342994293515626008645
21265329123352453926614760299225057875932603755501587090873942332082725039123958143798444811499624607160418473997724782946887057579418513413328786752258386400
11489544533114970670688083801943902063256072727178172356023094140391477700467952973290589772480235033167232224952364687778511206140402186213480588146009540480
6182757043808698085300787652316107981394235854215291788028926159997047404046890489612163951164549373583724640831223253031559469814301393941714576390353078432
3313732772191039377038546318183122377497406677462831137959410614295708199288132106893587652318367988049917928630413202929445953182696470123532305925097850940
1768952046400118795362487349236222477836349907005674652704590555412406244603376573587131751889460110374380938630122659500548861994787215954822934630141452352
940557448268337843169327128039919051950594208891455392458402758147451703883490160654360635639635517526505309104071022053789492572345045741968827681469774624
498118617607784166736331600071358869154324696772961349155369621401974831737061918954922645643456670161640242479707970525311409273294217797206511232537089728
262764064098225975402050183253797012433858768771662349845875432570872289034964240458291281417554638171434804201141617440192717171976244661768846918291992915
138067851041592725277433034176565127739221365309615308261101259341593576942962300312730296214364317044775799665514812025464618715469269723030776864575855448
72263716421151732184295811745119581946431937162938553051006164030165145392304084558498245478662965736667003396972912797561980524423116752122370021601492100
37675322162129585200723310642044165647324350241773449834443110266277050272122773339421184184163045703533025697426924880671351475953394853158123028841328872
19566381767959427552202680649441701225709740209396034683524859908477039742971553916152865930821537192104827109050858833874851879957700987361191841962937370
10122527042109390939905600312575940890696416343328259966265986160081400702686537918929802140330090734327717729796134805630847581381070217198747230291065000
5216753907430816842360632200085017639630171317160055495754486759727008680267329398182518666402440739983572881646493772575160179606082329174610282765992876
2678261311287394883725361401099150720951751047061651453133720768732627306356189915826109892455925794530115764242725795187736641821715239380465432134917592
1369793371330665740731818435503190768820438331909682975696364458089802898674156129443440779780228628954198032910326390168155059268310240675133366947920733
697935234946003807790518204734142750577014724568113556042820251275622465542684295310705369569611233628830505213135167477695542239701166827989915942481040
354275971121549201124707293687157391780532906970142969988288038914468897970877422796013285611113072054653345082317105548631310792400923001264928931887784
179160995035175075203905060779096209229753761936509586449749465642632757960787572602723717703027621744039138633549806881928042324352988501844755422582128
90267050364813213054029339587902568374205107973387664906762631706902573196901427797005940752447156113347687511558890625994833242529933068356252692179210
45311456080167603095096999901474017069810201213308857610590245245674706169616243364606216868928378157602641201268056202214233071534489829252592056236128
22661511998268979860162253335162468756707061733363851680358268316326940320791975849628636850287586211488019286666051741760450393330344731595797917885560
11292266570700534386001521742670852936778588382409952385963820042805190541318834905681101948134776205005957836710631105896053360721197830603718562436448
5606530398805453942425392350276957775268046730826626481149323724715455927732272748247573719896551646090149791979658165904691039657849000850448871460171
2773560787854200339964795885829829726389796808341374092191632572513115207695328611324265307307565596716539206635477168656463204211688045009155355209720
1367166671896330399909532481450858603849208807967313850975783150984169467667124411460673799001115036610133285765339045738253591573286806956935355689196
671514702229340167887836500779772300873659354996674061076255640066327369717004157992557953481154646356859673020895666802395608730296229492094429973384
328662470017728921269207569047420968733674819953824992505705505165644626467892008458855817504414975769645651322083613965805870643524685107388002332868
160293420784315274048845211944285114300366790458631530085186800517490140281260506854135727818355455801171993266590321107105316901263377865961760043480
77904578547597197414261797934123421094953813948050484178946175718349034730773411053642059299033086969954661106900634198345600989138560067869137046276
37731401586449935499064602951657304578364237124788949946590640312904139248460090398292759541059634560076955231110792206383639112779711958897440120872
18211545545320390640483526110674961933057483979783824617680910682078790364633758064470731688033724420830131818979862159767795802138943373128020123109
8760040440728994843995102507971787006398906813798941609733598720215166389919350503067815878530171224724668080850396394623275148910788434948472528768
4199452701053936967327641863949527425083241213333432073897011152721609658088152418497812395886499700948281096077077860722470183945414409778872249280
2006405513240873117162749138119016447404188336568201667618880826327893762789663933173335821456981987255452311101109165355042834938279172450979377024
955425144827934677869807671635842534043871094804300052394346087819955543976288514734340895000493652247902982867715096581730962358129376297759599942
453460452841970706690471960583838797701744803816249563557787998671893794785985999778558025757091345557105783655795140118340161777367152617016413360
214516253290135051106832209863475457438743695535772749175789483509822293237098779032683047806288323729079604502911904087683708501663686936335523552
101151577496399363057088844845041139802156390681867964300250059734199511505841656947371678120996717930515858806529029973995632785459220211994694544
47543466254577245332394765204426062677785398620852497915964468096517493746020605954046353880444408539713127326397070735387628764963304349296065622
22275591044826686315711865777294890298459219513518115706958258081208240482316898176500053774096692100334810138734299570785393082266685993886378912
10404058514001863134587386395439983714130590543709486257429128302745543536400652915096203779495200855929705705056227660817750163034373835910737432
4844253996800787440170452494490814625826175039623573149259224021593092150873506888616206357705870829642364075776911350578192397321945827925434656
2248627412395772606922810346530811046593319385475796794250203243803754663772240560066468726081972331814766793195547059153354324851625462708310914
1040617149357552411182405619001855968502167189751715531373269288391065620819368688842085482499484648676437417798418834968895283673928934648509296
480135999298016323100165145843674867616445555908349697020011959779168205008870205932623322810698186617866146981218224847463514819761874372925064
220879206621396182267439791203225893827007640825265297261033169299325683872441915237991724880333784266430791581025076451981984840026250225419920
101316615761928770554279676076680313796544225308061429836845140130477250023899792432681513120412749311932109589153882417754673327550242105308163
46340460496555002876187120328013040875224719147065855703649249924545205727022648275325272636528381603951917697750659353926585197202648257921288
21135520622640009376374849978948586194482305379357710984191586207078131015960233390195407529977964961708628427119863457047583590676512350582820
9612982405001572131220790076689452552310878958221885735393941530391494816859290348578598589642327298046816375962376213955470892469754787688056
4360297706695761380567901761461237041704672369956889628886719045310679892690202349867479500507020363039211087574948116668167577399873168793780
1972457607222973887648475434648646357605867325381111924016333451159064510643982773114110287995380552368329822968377526768345724508042093596008
889926251021883239341173611645514296877639253895669596857096855183235294360374767867660402635567346239532418502573747539975336468379477720108
400476396296179611075360670582242320685826659591899119633751470163736291500406576024645322383454777103357757160331077786135183599816678228888
179762305139179285723309342732360598196490173702899939903285366242299597225957481094345654638845828701125877679179419989764831570903371872043
80489975019700162003760561620356886395585165721345371067688617419520300499739963287773971072171880014705605711752383108077644984561617718464
35952530518818335419461989649665844537268119398465268142733385671163664538932820683750645985034610044458521768878106979906307119666762229800
16020830246620411395508589298804353565784438906356844256155581467398829291426479262903381902531525538864413770124514648121826914648893904640
7122494150832581867843220204965166942615206120843850115028915828322437534466954200027600584695680127509531285057299918302115848768719377542
3159326764911480302055588614520741836471200970681086304057636694173540348603684023094798023726956238409971848878878841979953748247535329200
1398286934853433639662146798645429879555088182383833414438974231280610918675761889097381076388634227730859967240784754621732471669869697400
617534635964814128486771608611722050410384219581454280694997716376199186116430417444335610395608570926018913480043916152252372897688975568
272153225126484856786916975166642988557852432853201767134216692837962750957097507857398092436475634537599810661235869060013904906002934691
119695126850577111925421213959291328927488668349235649638263223184004015089229952849800817807088860292220042825438143875633145549245224904
52538011796648521392644021371640468532087747420053303074936132607521923017565167091599214237549164336181282905560267827474257812443741092
23015896472175027738075890904240650274271876601659351653983656108218461768897318630944778479130744051131889733382821513912013930714974392
10063790690503949400090699622256365458265405233711574872063915289177029652403735900845763295089478207888131462164872475897972057826223470
4392344171086795875279656715510951272906134632511014923735999605476007177266871940671182163344260931025220627233144602595852554741433848
1913607977750600372223631114828907557908615348539428134940494944938701042357305985594681406182687656105061290091227881812966597912892364
832245027029018101674600443361816013816961663664920472994727913140048884742441546864457416331508736466588520675585852149870546216812232
361334742672979417511763270376602118834761113043619464074252595754486927508240831630882480087731885313726617982670781807857958846154423
156619521964077283962414791348458662386468782828042064336963500453412802459686053308374314611916251018773509570584149957341286304118128
67775965492933657883506924587521124363819189757927323987894554827219651242875246520655934387045315289294445276218785953507000586772344
29282870426771992096281764771927840642904580318211199768208280233505943294308278176868088998666791541221299683722251401136402228345232
12632012038344933107524009318335316655122248513880227573928779794794692298928351395486137777029747470607812890185499096843675837819732
5440808984198309556580658672524872858895441689738096772354129613030905292359896470295441829644700203402141266220827311396730889217168
2339891874434176769766743790673313224628039677528391909610747717348547047851269715427041884321882145463977118889124595307164375762440
1004793649614069271172184858958800167407058440353226495174678869632914275296368334353951212445167175999214464805724813988628302932720
430836258452929660075783816604409896951797660436837883330021100180668255789031596273425323758755736969922553953563781069767653407001
184461360774527978956076952848281376110266711059029896995598112372441022944701094233201849497110317545513179726443644224595966803288
78860208016114115860958249173139940680172039121267219471110277023104626454248973646324568820235117160247649559699994150456810754364
33664281670399180336744565721804381602267982512410298290297057363174429758421727159802455137313652134963665644892285972710856866216
14349518624688434724687285612298229948610021186611951462532371783527672512093979289906366931551633526884209398452231956221582859250
6107416929390089348763485256618364245284310070366172424996217316968146560006321843780598715027027049085095832940993450729370229416
2595517188167591582659366749118805959584555289857345938060363038192948404840959484791438455962535583473005059877844186621462554644
1101357741668222420640991221743771487412624486879275291274933609927804264639868371892214959932850818281038303875406546998653551384
466617913400652021875136886088220995333159958612287116855367139119897936411594367430803809267836272539772853962871155733865758468
197383850842261068901197171612209671473554064633326830838124481717573291565450524320456382917284731646231269134775409238158202376
83361634584358395257899311644324119738195016439684068832968412637734779687655387436371578526434908835896647907678189543877900684
35148837998204264305540076404587498560619217953704530068439207436142069071327781415859085191811149268921307909619016198035705016
14795522040868371040157904610793358041442630925120149264554796484578103269289789425271376636128234531210360532909360283056389794
6217379658590703934563210744299095217769832414510515812626266827126429340665678113199180846291504511275856345073236909450015384
2608100597612005711151097657352436612951524162889635295436547586660091937103139237910388079195882591068305941262629536161660356
1092099498306655545142211969429808523885308840310525282120190029734069103409952103598538632065900396741164557138166441197195368
456458324609307294131190928977788761861518740187952336430333028389679727301637177993870229521423375672495609631932050369560479
190423442571238827228317029665355423780760865451135480405020160036242850578710019657231096866193205682270211820037324709467152
79286381085170196661651095605534394511182923312775957410746019758963628952498741008585312022907039237867508667856631769286472
32946823421045289407299034694542238947184995591433171858617853264570309433831984063151017992005591522893122881174135806625776
13662888490051939531943115989865700009904872314264833335270967276498758610696584146175519900801568495115747919268398552007364
5654083507388806731464512115135477232995913696770149360504192614403810212030997975453176888009541183143544104613442794664880
2334795365483544856919577165396583171478018847995675896981512388028801566951679861897279462568434502623480487389768769129624
962006613079568644980943561080665590053836787316359561842595876344733504882724445951768270191490867522861313355356114456528
395480627345615370796252510095729152095283144576871953253286587350156228568607285687573882228054925756638974656257139520003
162205347485486874161610885956287568055146632414969634184728211978642357537474005388751917298919593593481779100184617225672
66370090769593831350683362514726034352630226896030663139550820493042621019355988079438436208780535901749530448299182150988
27090750611004296843526704936173676406764729545663575153972112836142384797730979108194559229579610198240003796481823973880
11030235836248680063685062451003538504223519037121109296818277362219277451484284479857332073254143854206823158677620327874
4479576990592708372660798611987437704264934565764593828559958918809415499295652898164098792061041494333985482476889884248
1814473746863279491232100638966520965347996454120900931100662566711242515482684365545185823142497136395873225828659159396
732990462183145563645242041797986783194337792334366089210351750132398644680976243619862262605636136115052259740427527848
295292384446862598190783783680903713904094053381271750432455340136299867638848888156618670450417232234728985293922719303
118627105759210173517229824390343571604242694087256444070843963241670686326945134379135564322538925357330831386142743824
47518764806572046049878747612588193766865016568944807789626619698534202887511085071669549534375337216301236966367708504
18978680016941962213670475060855317041061648595479282233672172071455792588381440482465792769958997539274410377476300144
7557150132549050666482494194006336671879326424560645652725248304199520354165955456083082052559489144116355195219633422
2999917382138567811073266487773850211942475959987218607123331893319916882186604233428779633281183892550804533638202240
1187112992324055909199633528919029996113356215324352463800402933624685423157497212289226114535725412557914992429901544
468242079626803351582194685714872308262809331379911107593838397569657752274433164923405903789451879660586418535260736
184085739861681626613546208058639472462643433983109393394230450961360283044795234133501006571450887552167985514999100
72126880247225845019128942420085755309215334933573483429405884176798704934515549788843676255516883330175984862731808
28163519190205676498584647670818399580295089109928420431701640614561394317708681343132541607342604161386571631898744
10957900997703473256991919313637664493237450633731413384249754575091092932283819794807573846107948097395516733550240
4248435383165098127263408551093325228381180740588282089711778478333008925934534026991547301090930535157490433493514
1640924028559858132678086340623035421852329956692091516360565375145867548097194893366840899324990332557996281314096
631505393508496999496460444225462779810103568301130966777155537676972487742030494192327304214959903747798338334408
242045146803808246863193553129864361972088507388150071858946609799079295517848239539317805201225731348049356366032
92440244495528099491616262355667764888660898794277434574891246574709897654088890976556151956820214999682201963824
35144287012410168178197305095646700852660526713494635895923148565859077262014017968156790992873041275306847991472
13317523071232381838239588933381014338384213455725558443021608843564260690365381041565736599776610526806608069496
5019426456616533093206621565351183128155613668048555913549304448573050016986607578632277476065899810073677503824
1887332169198970936146048074495049399198981541353530698050102745515270333920654488633043547195397261819232059010
704646138215431433659877612142817502057244347740326712506639946758816876976918983740582018652577484592434145088
263043009591927235266897880883304539102549003525355573867265689774917137371041680970278762591406184552831014792
97155538530560244178003682192995492618850029845294959051557931409280482320451272645424323412995427133647879808
36066000697623775843875929801117576709525843203179834103407999400209525842059103354316925220967740988189159372
13145887255435521899790445118420584271822433658393545363382172572980774363554257499677779684885284796909452896
4872486183365038645872430854275215241552069789729241377228266499827165957364192040203477635495634012641322712
1744086889361042602280260757277281472827745989971070432036245463116848321329922740824270728575754255349214304
651391681124015591172728896847487239185847268410361517450321521881608764272794594972672862359144635315335830
226681008934050936516840933134503915997952841877141335961722056835666342178419417158902418021280589243778512
87012776448678153965590372358297942908424366211881748148134353619848628057703437295929478837111592507816872
28835405540330796026956689255427118728346025881458004773950611009734114576093342744022552688550278110217904
11842121391469972232440677267393949683244011993536405423156690522128004577362876646495192304589580792644155
3586554777803641049768783012344690888739512496651348888584242320944625076131444914270742413487155706094248
1697618713049320452325045905873587843775978281551403573449991758316627920154966768146394275078476977233508
435739305500637927187455308259980786633907181603819372604653693969592028282939201083337686770346079021656
267553795920096387743504936574747660192319189263772719073575588851489797776673901029564920166413553848010
51654894610960628207088120071613206711795915232023381537624367744150295865805738097690794560401067280952
47797945288083707647392695393666003067156836543572168555018658992260920436221130518352632677181409293132
5968277606941378071976237557027274100017086081452780452156484754639361454282961716483727525271148312712
9619373476764891741243353673259996263574947461209284571852251076857739571970002066502410761494712288239
671329831677662953440578905385506923539347372046856112859810254829582020620265874677726036658065992816
2100712349136628542382411352781758396233437318006188468303435634124461025889049703757711783796566757672
73425656397044490618316634640491651716360158145294134820463995868954953916466007524007027804836516112
477643009024862836303760100234542175237600188925538470299591158460470927052720625099197263050233425652
7799001770370064829994052585790286448413604077642175939166871187015731150866295441948828851392414480
109845103325685135619397823443936880743532731133437436572068701745702987400153711493445119490848589304
803419764163160371023244444947524784796821619425555417159509338688006452000574329805995324837314800
25143337760061801496613644121117716530012887716690025457081232572933465211343438781575978326202901587
80162285987833294881680303603799703735533928626908418748426873987776836489764300166544921862597416
5683827042260592790287884621117817961041800528808017269219680122045396064948631582047241371986660516
7735929590022872788300919360169622711779130340478876070953110259734856996880947130541050207810520
1264578527967947375544093374445730516477762293018953619421598609972677154643683248536376967619360922
721007534572242786529293603610816878114864818043607166445602530035844072803766289886296238969144
276549488452862727063497101252771132035025210126410682956198318244551585736394150040192500847265708
64803997645416194203573162256035793674597107956692503937229451469477775388667498386551746102920
59427431983533109202831966093822642917721776026265881262862514245478066318807729561606908110557724
5608266680988081506413143526980006326512336934602275294335703906485320595683331435426122170712
12550120489810562002721460801849547009450670639452390694717153942559269711804026616151968393525972
466585830279158438603105835744449457432804114874799383769520294981096395684770172541104034664
2605564488418900476621429413440882438713095896208181761286807826883386007629679550234289450963994
37256609327789546106766563151873639413173175611430034354498951728865721961915444665551760936
532025242904842497990781953877015550430950182646279056195769008786714317617274306844431546543228
2850488340712775637711469496296778514688877686392618284017861201071651062752044830968535256
106890242961748223769289620780686161917472049095165336995066259581761437931401000373410277466277
208611235208893998657488637925555361631441823289092439339985185072315445855499082189857232
21140931779783327300611487935205849424843417385985032767084496902446873928107639417206369674104
14578087480983756676137221257212254472840786332555871934062784056490559749841612827685808
4118101568177131849798910053018707794522907869094488080789780754442797730822089086083648510980
971032622805606773747976549135161695307826176935327311135730219950515133255723613392624
790430415694503522781423153556570621821287211983130888608056044454641441460181880300923634632
61538614755817830572765074094719475550023662689800535493241347474136367142152047357968
149565102029005572125969547668622687160468303954841756225096095761362481270754161680901082147
3703707091318765306061079825524529212824023736671977701114045596268035264130209634184
27912763826515393610047807338712596593468620949144334431461770160070346829159066165201082828
211289920598637950098587257751753602849181509120516702825258842568033075259121662008
5140282913856257033269474175678922624759108975770851478742916618786618078185526905760266150
11403428714673786423816441202905966165807695625140024535810083255045429780630729784
934520321493685236854707502558215864079569592336603472592775664189719007201777049192541604
581098703463513014071695702182391775216039357545641686106057931503001603683704392
167808898167988471094302290606077839604806845899227061548508698336679177920516153963554703
27902672069043419359545842178670982090933175134022389291527004769110212733611952
29776579349726243463712034563379466707066089314884390081415581835450773785666178605396840
1259868218932449219359109041010585101007122246605687958265347978325583093283536
5223731150388741192834208919884300336340036677067991504164051552189179869955531129759262
53378415877173055631023362906398453833792972949708675912545066596884175702944
906464655943695483417790550177125070493412950698744505984571326913012662534437943960696
2117473390510688195889899657637761260995656366624447881874815285324157751072
155671810714956113314954247979112739025310700666224344794849473000186368936154773648391
78469599904579505813018534062148166533704197801360160520679559578530473496
26472317577436795114968068938307928198239508581019325758357996084043154984875211600108
2710193146676813353029156149413319072274536033277361067963579136945867496
4460060005275664386655890928984105667622128511034275747127308208912777235599575691940
87027824653382312956377349711394605903468016110629618782528367514493048
744919918268005707255816975463488702684261216354360595110353988714722475632995676900
2591628015748519214951545554607835200150302271557272171917244640822536
123412593228878877709833552596820021735147483437130912476932002109452158357224838695
71381978491732893989434376495976582775397345506217942732984397896112
20293247812057108486884607613678142992274705504768103398793502778386695546426255320
1813385349183367691786402195584273351382804625664094767649628238928
3313905296310803313767294566385987636445450587479626116919308849719634856939431722
42363534465546839895641476564916494816828490274924296152839503488
537713067169159966209956677139334153379524959339181249079690579497750349412241544
907257185653949696228301211953815834158957849473952442899046720
86731342634886387796588100953446888317923218928513972257629529490772067912582694
17752083592568018798343538028963578276792911919776665632365680
13909694991757544386567702796745127837700498409957730645572653014712671839706096
316219683413103104053263842151590731954794513550316108258000
2218406007964075094707728609292251416023772152726864392380118482307155174473454
5108209146150001157651759852907727914660722344186501820832
351702066839296998484582353870124682125436021026014495122718050121523220490096
74519373556392736372456907263882589664539878490735069536
55421456197013560914667767066878910046671047623545135072993007817227222910209
977259610542841421774682151998658339159050397182479656
8665879333799034618148263138661208172178974933958099213331901214758167153668
11463650640525519477531597983744828004935692697851096
1345318885862085888299769394366266825976911806980265366531548337100976134196
119624691263808869400146564415440537276093559916552
206325725420950033220248793400432487036783305323996036555505331928816755180
1103717674504264811585883299114793565825811023224
31414796060642905825017364860937856650356669830872144537035535760462288599
8942984476926113729865846733114596343147431488
4678664657645393199564315983173335956602946630170560670588007183005823240
63150354827259236572138303335513327850416768
696202010748108342133392444080182582303076315089974272776192920054897202
385280138580278181621748256827569308364688
98945406925247049070731159373645786841458256591986668098959734147899480
2010862157139114121877909266064581217904
14432662002919655182484377075927574302290953049079650582649069013977273
8876045964194139075933537069546808536
1894321569792398999040598088159517447347701457563008302941803626009068
32694225429665790395338127215223720
276386644287839811662758745442716999172036603920669598055386362704178
98909381705758960773235671545512
31409214226962312443723742140824548916247980455198791452818647805892
241102256429915164282200840344
4837790780395986578672187667606972176875848214690565232452491608909
462525542432051551824485968
419901949991373115819414618265515207078709182293535131921534557944
677888701855209411933744
75925010449659837286375510429458335934619700790766007697042015400
730359336619436849808
3976368190518871436828585197498206859941191329146251424045176840
549095149736350448
1008855790911347332363688076097936146395970567047128888943421187
267411243271592
19684991042172630875389035631179241880896986673844061638740180
75184437720
9842495521086315437694517815589620940448493336919607085091754
9962680
76636
392
50216813883093446110686315385661331328818843555712276103169
