2
0
0
40
600
80
1600
12200
94300
51280
492858
1980200
10951000
12237800
79350000
235726008
1082239490
1793351800
9047189940
23364623200
95766678756
194739705000
829913084320
2032136562400
7680217545280
17267959421032
65510556838090
158462161200400
560835923970980
1323078267289600
4622197370778580
11214243246250560
37552913914746520
90681757345371840
298125937938847560
727859224070459760
2326138114843584360
5682989490131527680
17830269900352545340
43759355994949606480
134464603569815837570
330434145062335324640
998665210996149544280
2458713547065360863640
7309402388511986039480
18008802623651894628112
52771620119507132934280
130088388936771274184520
376019834936548713784200
926955171345022495839280
2646174460165828720584818
6521622646058000063452360
18400784847645214988237140
45324064382121516398929640
126501221123769755187118400
311343601000174872304839368
860158746981774062876355280
2114866809825661011609370680
5787194804545594091115491360
14211892972217342810973872280
38540627534450410713005562426
94517395075984671399211798560
254141249353486042832863241060
622322280333676452639954220280
1659838727605507711425940117060
4057872902071988387706377502016
10740099521509916235425636585400
26211030493685962651945704816200
68866475894040443325828413742060
167757795275182530004673891131520
437683278096981238480993953899762
1064127638264664357876920181733600
2757721339692009457437151316798940
6691235835023615106940209455456480
17228848613471731916740605803181700
41715790202835401647084586454462864
106744766675739054580011043185426870
257897700987337013565378850451244040
655968388318097504848227459246636180
1581287109146885848603346039345602160
3998708221664364828522595441913273600
9617147524743627538695579542479726280
24182708485049971588036063838545068820
58023408874414050847875326509868784320
145104313246551278473894916294551059860
347315576308263353774961601564198601912
863936308319456462434266868144235761590
2062746513546613932729917451024686694040
5104338047709056892901094606702051887060
12156225484499361394851558104093284321640
29928045397385323923254243101564703705616
71089926621731064302768434918722286395640
174147913305764522677762534158175212298500
412566186431726472538757617852288426243640
1005712809960041968944872453780652278100860
2376129464032054619366404488068489232497592
5764417345779931562350710311355208560430160
13581480805925438058479118796998388524337160
32791990422845649800641294171602107490336620
77042340096637900696404949391407407243779880
185144837159669363134100420720128880924674958
433727623046938520367040237430940029553893840
1037487395950709847439784999522614624174264980
2423288881899335879115506376583080167674191960
5769959990953461482619084983293272487796007850
13436442498229637451761677006344712880738238832
31846983960701022367886206933325879468058678600
73933322278601746585876058172563357770449029680
174442201104643597564467246544346961877369772840
403695655081036084992121135605624052030600116560
948200421505958131441539548423465177448854807678
2187269200589911141491969779631990505860379214040
5114309470254544776060232426832125446446346040140
11758618785477127105904083004507079434480324079840
27370349909996073271329236713633320112839361308730
62716679009093848879956548406766473255150358364152
145326090139978812739991760514969514368226787697860
331851897221305848648648585620247439349161835427000
765482450195990468359605131628067442818633591478720
1741794433937535650417326241652747750625077327434440
3999528723332306278379192151554142046866218938747378
9067604483145308971273683942710878807917122469367000
20725869899775376916122200148776889593310276143200940
46814227185523591970937371737931974216694847307376240
106509985641014775115518879975310026917929908522348360
239659160076450026890416874174584994337108749482151608
542724548436847768921848327110378068741131694997647660
1216401663570084813427057341883993604670685897033438640
2741655064458752084865657747475921101272065068070413770
6120082629183819424121898312042817511236012807161014680
13728326856538779284421060340738933671709645856917585106
30518273334712904117678890685416744919583899755613363320
68126440982218979492382740376425474547886641426604656180
150801165902886300978446553828766954498643715486543003360
334983619660127340358461291639247296283600998351706838320
738254048928501521110159665192367464191184407707543240248
1631745516177341343552686919017132559793566717390548395090
3579912986681124643216304634050769390185744565703767179200
7872421584759349651543529142031966435297803332989891540050
17191296717757628890829699776860041981492912088392132377360
37609057405799932429038417168053570453872191807336540351128
81736030041374871277441932520836838659106171386994028452600
177869380635621551575075635093854155403337294293260414335860
384664267387466105593742075702664826284559112647631429230880
832581304056321612848848027270463818647838529558819298878090
1791447204217580263721313298322655797036083799238938687366664
3856176546491356705062897733758140250015345719897905009188050
8254042381838195156812344321750177626386480817946957148075000
17667554404031235618924353019963556640106646712151172146787260
37614314743408849656128707658648958426880694324302875521275200
80050964861438051854151746071135062918559970430286547901784904
169489864694868052819603546649846141496422857843164976026834680
358596427361243200863049050383459025318262697983528770641924660
754946748118739664154376034914684722101796796368002694228607360
1587709506248706499229490778976044476298339216306879151791445530
3323126135654830391451727328948245195493777574671644261886402264
6946028312761761384032181031475159632998781997880802470207978160
14451391503280952122295003979701531116665504756614767274992521480
30017597257253770465859694112746755834306074482241001816727054300
62069493510978710970159936002243732354515532111851743965687249480
128103740069528665643464826717098321814989368166541788651103124958
263223805708257565482613136531083252048758232648664742679184083880
539717394016027816313530521788530388392839318666056702294274126340
1101851444558482208793407938137558961178275648522722817503594443280
2244201813482949749783557043855832206269267920142366786000498753950
4551394065884695479415532642579910346373687456749875901262003458496
9207054832829190634287368240954145979549058429197495251890896858040
18546515831442988501794829644866460706223420086745472206310681602640
37257684170619453872094117967579741015669891525788183568704737543940
74533302635056490342888584114924179614100272910898789102567448256640
148669210825269330633484948193661469852451494664896284615863136022710
295313299198293695419410546828659863707936993254885114582302685702880
584804828928951572552470406934992684826138686953818726605961573651380
1153282538231801342774053297552616444994692502886726178826211919509480
2267051287722789748053578357886195150321359781657314909155360758845670
4437977056044584469613921843144763329499844896256357450294513919074424
8658628640114209907679187483034744203230973854587993246292203469492820
16823204408481115079105333221876408085376525151460948944159980010487560
32572593111613946091023517724072573628125935887421416030841709791366700
62803754863988213760641604593883693484241673129686596585524688298119080
120656377320888497934116946048418036161720394205825754549062313866405542
230831871593187334641265708035623320300766554524717923103026358324752960
439970342696772192256923247166726905251348781309962751380246854586438020
835065233932645746903922942879727362705843843485152414947631847736334120
1578895077881061781571876927139958981489841229640269957260562205830227960
2972636270234829121601079129984204496781463826947819212754713530121151776
5574713066096069599064553227525724889535680734672354306191986856263279940
10409818535738488843749208482669407384250284128430828765616419501309988360
19360419326945204336210461427749551693849204802009054262171192031805003590
35851618151394573021219093121211281605421591370854574363127346517823937720
66117206236086306754932874073844044431307609244372605581832838979385216326
121401376354448665108045295450890468460521875919678916025881684869811475360
221976509723524693086044316673323845904215727782315240632073354435347760940
404085683646248799673432441489048511020443214472428827116771526506494985800
732450571282564410202818024155196405800908200346703318410841898997694957800
1321735998955486767395192234714544741693145214134132583208130931537248473616
2374734129398391853286067450883427394363940381512753024133474278627616190590
4247411227318710011529908634751989465249377643266724327038294295717684242080
7563174632458216347315581910816373308049066132018870974674426021172163217830
13406012767974289506153646477824041962329704985005383111152993790408705928840
23655560274805443929099863140243206414979597994521564930719962365092884613288
41548794829428093176024389850786797221613762923052515505987961823298774186240
72642399134583855625049686646005081266882163129796472870201699274801655343580
126412137087905694478748749650639833478342977241190250866712046483001516239400
218959138400092405041789333979542420947331702552292968976448994447489873775190
377466961780297498763159031337443249321403487400996750867982735249057603003976
647649847662418152463187506512343936322528186256673053099766574055616103973590
1105903976465779243886075512040548174778793911912528810593859114273685717982800
1879361227886427652503481682403856839965996547080883390969362184679442931586220
3178284800537739613896771678716793883792794844643393250551073745158455606037480
5348865792731514709330018275822464428948462817723293132144691711684381624654160
8957645062788077298581947693526899476947716446963325131246604383020313244574960
14927371250679943721774536477061707081949561223393782715207758974478853506144740
24751947059075378137312924251975271153569467956973230674967027981943785963147880
40837957677517876335848148068814413983277403085473669978161684110897877616822390
67039118050453079554455614988990617753687829830408421201043936471981365621445272
109494600155694235150425349869581021457589934003769687150982543266786110649542440
177926100701326054467436149924991498048711056654317936976770972571035274129545000
287646090723353398533840755700505394904325858261982467149942218997791435974071300
462628775303108309054380295595768280358919548725767459521517719011598255762224840
740202532799929657865812268475402411939451840881510605334992742572221325476696746
1178139097294598901233003704986952544476322135174709390181925002626755787951984080
1865341678325426498209403689906823873067365715468302759142044122554093138263777620
2937791606700195940707920667712520632778717164971627413206852611494819766003652520
4602264975066556009169589612924274442447409852720136941921891579776613366360988230
7171263975955870014445556236927047574274561173417900738265086194048162138995798048
11114251260044584628062072190856247103638402580534214288407312700052434731591879840
17132111586721519224092584574480036077503717777704592055636246864377368544495015040
26264825189998769578020488372612065439643199799897327966273627074670630683690959460
40045813081882725244017856657070460409107330222549541559154200976300020746324566480
60721898797128010838594612125526569095523005138764865615408538883071088836981847738
91564147999221089157801022195278507516863458296489363445186706246862074096394826920
137304278520041865739175607902087239080340275961593442139855181996694788973473327560
204742319225996501123920563867441027232293752645761123995384648299952977116843265520
303586694516856836430041242705004163185450906764546049538035108230869415024273660230
447606116377898021178210039532469287714159601092882008543473655076110277622000068904
656196866884219997319436669904942303059818171586286875472483927780715250322285848140
956497630845162409273155696212410256169232309366410175731055061223396773441578095240
1386219653411434549776122701699462524178776030975038527965425074366951567588821875180
1997402116586838168019804468307474912698494735779028024665033854080334414109000370120
2861351390806391993952658792306916896465088023573220269420308286533724131030760608804
4075080291032442197965638122024034895681448709358723879054143869520368473972104356120
5769624185664499241735427460123631107118480304068446100998433303334146439629322456280
8120681586144868615077745997936372162427585856603164408915497654646448635209101095240
11362092427222863138900539208365762856018852327540197665381597558769016004684459628200
15802741668409307745349973066076829524814101901448069814231138914711999700382981093816
21847529510844540332620252767209912750220805552917454040247035512433866865483307736260
30023105682394336110621910620660170585800101286476830163313187038730658021600322565640
41009076854038358259431320503885099732517388210355046099086436084219088932914802942370
55675395856492394334379588827494955458482250354884105181203234749787214940209944149000
75126565798022411060744784208774288733343203100634910946127649651234478126521279785116
100753179468445648138441576450224287849270663089717843956241143252437200672064370999520
134291094861029657544243865634013394942820622735418482277092305937737981396712895627700
177888255083631599340576573738050217155085509906422795001241373653349707318551113343000
234178740526629424788607355350020964579977365243027266406539742913957162013687778128680
306363106039859512807954378980378929494806612297068297117385756459612745777543133586064
398293400078290096268375658349250164466359665501939919840215140442872812806079244680810
514560456917998249320180240313691012668525560188708175841554420290969089400058186494360
660580182095582389068189785312714231421106633215998318399712254689579743880958802694370
842674521474204720135945929964124558767467682949348179803186245551965785040367653015080
1068141829400172238684811946926420988878439441543808837901157274450383765759006785020916
1345310261074598196099842926562762406420067723224816645436564084768416831815185935183600
1683566963826922258206486031998575217005875848583440835088433708004175088566569964319340
2093354994519558837113143837492255356926587611289834302737598951011888179699213517175480
2586129507449271219613447993238398554701431464919445379186718857421633430472627454438490
3174264577872558210418066192571453380313062474396341077550035531356905664145919937743056
3870902517022411413807338021099951621889277367380952957362809619728373477360127760034090
4689738488809383024953943943159462093783611082996583099111344777024742479689695436982000
5644734961026342012953169891333827263234487864153115978865426673962596371567086577461680
6749762966234096193939474678104633513937941439301340599967440571808665318355900645421080
8018170253767171563664500352627522473968814350352969538804902480413455958732619179628172
9462280392559672061378646517413198486830352655382429875128299014132854335595426178948240
11092831152910955683544163420826184953625265602769512585148701801517764644087706543869130
12918365570205898679416410244784289542984052321764110206718499292501278078264097993767720
14944593821584202945939338062908276275300843504072443347921457869748521629744163157618330
17173749212688347656001137255099948799709772167122984451784961860041697330792029511990024
19603965601473935633203612706616409833902336306387084559260303113845408561325226319589180
22228707378350371830124410898931590345749667148401423658241444416433565775250539754877120
25036285052232059794639701082628478182508690817946200080191181788537442232100118671881360
28009490316401874174922580512241026133857458065690174912427852661521580349046472163812920
31125383042339061602435797366116900617669827295100216901720984874344138078867556885535560
34355259292270701238723235547542043548909285271185756764572412538522597570688545019158000
37664824024498304548770149848580007223612793097004570451448017306581298907678738082514850
41014584338086502103466511390386886286612014865606605209868640283261981421645629839191720
44360470087164916603884567647247162697163743220692229904869825587818650095281824611477070
47654677405854671703919582915089579290832609439529110900992066257107449274757821647828416
50846719636541892718705566189204892658197417308572415739831745760856497752660643013636660
53884657705271664845317718631740354958773812330877551829053018331893550167428989907761080
56716471418996387532348996026749727376334868926708365377600082754847034540850059515744540
59291522673261758879677395021847967381511677577783431200033379548830837615037938906186400
61562054306141751405248909495263150990760900274282518716943216813624553396673634891381448
63484662888850222234045615832264081059721700881468507411699093544435087120994774944188680
65021682123073755524795959359749965237679684741155935446610076964033125865026478724974700
66142415145422276678592277733959172430009892397607726766409222574127199380832437040746720
66824159049057970973121881775332715582091025424401261016688850546511393353014988014748870
67052973856431228778135774148394504871788301127345009216549221335128749352325432815200448
66824159049057970973121881775332715582091025424401261016688850546511393353014988014748870
66142415145422276678592277733959172430009892397607726766409222574127199380832437040746720
65021682123073755524795959359749965237679684741155935446610076964033125865026478724974700
63484662888850222234045615832264081059721700881468507411699093544435087120994774944188680
61562054306141751405248909495263150990760900274282518716943216813624553396673634891381448
59291522673261758879677395021847967381511677577783431200033379548830837615037938906186400
56716471418996387532348996026749727376334868926708365377600082754847034540850059515744540
53884657705271664845317718631740354958773812330877551829053018331893550167428989907761080
50846719636541892718705566189204892658197417308572415739831745760856497752660643013636660
47654677405854671703919582915089579290832609439529110900992066257107449274757821647828416
44360470087164916603884567647247162697163743220692229904869825587818650095281824611477070
41014584338086502103466511390386886286612014865606605209868640283261981421645629839191720
37664824024498304548770149848580007223612793097004570451448017306581298907678738082514850
34355259292270701238723235547542043548909285271185756764572412538522597570688545019158000
31125383042339061602435797366116900617669827295100216901720984874344138078867556885535560
28009490316401874174922580512241026133857458065690174912427852661521580349046472163812920
25036285052232059794639701082628478182508690817946200080191181788537442232100118671881360
22228707378350371830124410898931590345749667148401423658241444416433565775250539754877120
19603965601473935633203612706616409833902336306387084559260303113845408561325226319589180
17173749212688347656001137255099948799709772167122984451784961860041697330792029511990024
14944593821584202945939338062908276275300843504072443347921457869748521629744163157618330
12918365570205898679416410244784289542984052321764110206718499292501278078264097993767720
11092831152910955683544163420826184953625265602769512585148701801517764644087706543869130
9462280392559672061378646517413198486830352655382429875128299014132854335595426178948240
8018170253767171563664500352627522473968814350352969538804902480413455958732619179628172
6749762966234096193939474678104633513937941439301340599967440571808665318355900645421080
5644734961026342012953169891333827263234487864153115978865426673962596371567086577461680
4689738488809383024953943943159462093783611082996583099111344777024742479689695436982000
3870902517022411413807338021099951621889277367380952957362809619728373477360127760034090
3174264577872558210418066192571453380313062474396341077550035531356905664145919937743056
2586129507449271219613447993238398554701431464919445379186718857421633430472627454438490
2093354994519558837113143837492255356926587611289834302737598951011888179699213517175480
1683566963826922258206486031998575217005875848583440835088433708004175088566569964319340
1345310261074598196099842926562762406420067723224816645436564084768416831815185935183600
1068141829400172238684811946926420988878439441543808837901157274450383765759006785020916
842674521474204720135945929964124558767467682949348179803186245551965785040367653015080
660580182095582389068189785312714231421106633215998318399712254689579743880958802694370
514560456917998249320180240313691012668525560188708175841554420290969089400058186494360
398293400078290096268375658349250164466359665501939919840215140442872812806079244680810
306363106039859512807954378980378929494806612297068297117385756459612745777543133586064
234178740526629424788607355350020964579977365243027266406539742913957162013687778128680
177888255083631599340576573738050217155085509906422795001241373653349707318551113343000
134291094861029657544243865634013394942820622735418482277092305937737981396712895627700
100753179468445648138441576450224287849270663089717843956241143252437200672064370999520
75126565798022411060744784208774288733343203100634910946127649651234478126521279785116
55675395856492394334379588827494955458482250354884105181203234749787214940209944149000
41009076854038358259431320503885099732517388210355046099086436084219088932914802942370
30023105682394336110621910620660170585800101286476830163313187038730658021600322565640
21847529510844540332620252767209912750220805552917454040247035512433866865483307736260
15802741668409307745349973066076829524814101901448069814231138914711999700382981093816
11362092427222863138900539208365762856018852327540197665381597558769016004684459628200
8120681586144868615077745997936372162427585856603164408915497654646448635209101095240
5769624185664499241735427460123631107118480304068446100998433303334146439629322456280
4075080291032442197965638122024034895681448709358723879054143869520368473972104356120
2861351390806391993952658792306916896465088023573220269420308286533724131030760608804
1997402116586838168019804468307474912698494735779028024665033854080334414109000370120
1386219653411434549776122701699462524178776030975038527965425074366951567588821875180
956497630845162409273155696212410256169232309366410175731055061223396773441578095240
656196866884219997319436669904942303059818171586286875472483927780715250322285848140
447606116377898021178210039532469287714159601092882008543473655076110277622000068904
303586694516856836430041242705004163185450906764546049538035108230869415024273660230
204742319225996501123920563867441027232293752645761123995384648299952977116843265520
137304278520041865739175607902087239080340275961593442139855181996694788973473327560
91564147999221089157801022195278507516863458296489363445186706246862074096394826920
60721898797128010838594612125526569095523005138764865615408538883071088836981847738
40045813081882725244017856657070460409107330222549541559154200976300020746324566480
26264825189998769578020488372612065439643199799897327966273627074670630683690959460
17132111586721519224092584574480036077503717777704592055636246864377368544495015040
11114251260044584628062072190856247103638402580534214288407312700052434731591879840
7171263975955870014445556236927047574274561173417900738265086194048162138995798048
4602264975066556009169589612924274442447409852720136941921891579776613366360988230
2937791606700195940707920667712520632778717164971627413206852611494819766003652520
1865341678325426498209403689906823873067365715468302759142044122554093138263777620
1178139097294598901233003704986952544476322135174709390181925002626755787951984080
740202532799929657865812268475402411939451840881510605334992742572221325476696746
462628775303108309054380295595768280358919548725767459521517719011598255762224840
287646090723353398533840755700505394904325858261982467149942218997791435974071300
177926100701326054467436149924991498048711056654317936976770972571035274129545000
109494600155694235150425349869581021457589934003769687150982543266786110649542440
67039118050453079554455614988990617753687829830408421201043936471981365621445272
40837957677517876335848148068814413983277403085473669978161684110897877616822390
24751947059075378137312924251975271153569467956973230674967027981943785963147880
14927371250679943721774536477061707081949561223393782715207758974478853506144740
8957645062788077298581947693526899476947716446963325131246604383020313244574960
5348865792731514709330018275822464428948462817723293132144691711684381624654160
3178284800537739613896771678716793883792794844643393250551073745158455606037480
1879361227886427652503481682403856839965996547080883390969362184679442931586220
1105903976465779243886075512040548174778793911912528810593859114273685717982800
647649847662418152463187506512343936322528186256673053099766574055616103973590
377466961780297498763159031337443249321403487400996750867982735249057603003976
218959138400092405041789333979542420947331702552292968976448994447489873775190
126412137087905694478748749650639833478342977241190250866712046483001516239400
72642399134583855625049686646005081266882163129796472870201699274801655343580
41548794829428093176024389850786797221613762923052515505987961823298774186240
23655560274805443929099863140243206414979597994521564930719962365092884613288
13406012767974289506153646477824041962329704985005383111152993790408705928840
7563174632458216347315581910816373308049066132018870974674426021172163217830
4247411227318710011529908634751989465249377643266724327038294295717684242080
2374734129398391853286067450883427394363940381512753024133474278627616190590
1321735998955486767395192234714544741693145214134132583208130931537248473616
732450571282564410202818024155196405800908200346703318410841898997694957800
404085683646248799673432441489048511020443214472428827116771526506494985800
221976509723524693086044316673323845904215727782315240632073354435347760940
121401376354448665108045295450890468460521875919678916025881684869811475360
66117206236086306754932874073844044431307609244372605581832838979385216326
35851618151394573021219093121211281605421591370854574363127346517823937720
19360419326945204336210461427749551693849204802009054262171192031805003590
10409818535738488843749208482669407384250284128430828765616419501309988360
5574713066096069599064553227525724889535680734672354306191986856263279940
2972636270234829121601079129984204496781463826947819212754713530121151776
1578895077881061781571876927139958981489841229640269957260562205830227960
835065233932645746903922942879727362705843843485152414947631847736334120
439970342696772192256923247166726905251348781309962751380246854586438020
230831871593187334641265708035623320300766554524717923103026358324752960
120656377320888497934116946048418036161720394205825754549062313866405542
62803754863988213760641604593883693484241673129686596585524688298119080
32572593111613946091023517724072573628125935887421416030841709791366700
16823204408481115079105333221876408085376525151460948944159980010487560
8658628640114209907679187483034744203230973854587993246292203469492820
4437977056044584469613921843144763329499844896256357450294513919074424
2267051287722789748053578357886195150321359781657314909155360758845670
1153282538231801342774053297552616444994692502886726178826211919509480
584804828928951572552470406934992684826138686953818726605961573651380
295313299198293695419410546828659863707936993254885114582302685702880
148669210825269330633484948193661469852451494664896284615863136022710
74533302635056490342888584114924179614100272910898789102567448256640
37257684170619453872094117967579741015669891525788183568704737543940
18546515831442988501794829644866460706223420086745472206310681602640
9207054832829190634287368240954145979549058429197495251890896858040
4551394065884695479415532642579910346373687456749875901262003458496
2244201813482949749783557043855832206269267920142366786000498753950
1101851444558482208793407938137558961178275648522722817503594443280
539717394016027816313530521788530388392839318666056702294274126340
263223805708257565482613136531083252048758232648664742679184083880
128103740069528665643464826717098321814989368166541788651103124958
62069493510978710970159936002243732354515532111851743965687249480
30017597257253770465859694112746755834306074482241001816727054300
14451391503280952122295003979701531116665504756614767274992521480
6946028312761761384032181031475159632998781997880802470207978160
3323126135654830391451727328948245195493777574671644261886402264
1587709506248706499229490778976044476298339216306879151791445530
754946748118739664154376034914684722101796796368002694228607360
358596427361243200863049050383459025318262697983528770641924660
169489864694868052819603546649846141496422857843164976026834680
80050964861438051854151746071135062918559970430286547901784904
37614314743408849656128707658648958426880694324302875521275200
17667554404031235618924353019963556640106646712151172146787260
8254042381838195156812344321750177626386480817946957148075000
3856176546491356705062897733758140250015345719897905009188050
1791447204217580263721313298322655797036083799238938687366664
832581304056321612848848027270463818647838529558819298878090
384664267387466105593742075702664826284559112647631429230880
177869380635621551575075635093854155403337294293260414335860
81736030041374871277441932520836838659106171386994028452600
37609057405799932429038417168053570453872191807336540351128
17191296717757628890829699776860041981492912088392132377360
7872421584759349651543529142031966435297803332989891540050
3579912986681124643216304634050769390185744565703767179200
1631745516177341343552686919017132559793566717390548395090
738254048928501521110159665192367464191184407707543240248
334983619660127340358461291639247296283600998351706838320
150801165902886300978446553828766954498643715486543003360
68126440982218979492382740376425474547886641426604656180
30518273334712904117678890685416744919583899755613363320
13728326856538779284421060340738933671709645856917585106
6120082629183819424121898312042817511236012807161014680
2741655064458752084865657747475921101272065068070413770
1216401663570084813427057341883993604670685897033438640
542724548436847768921848327110378068741131694997647660
239659160076450026890416874174584994337108749482151608
106509985641014775115518879975310026917929908522348360
46814227185523591970937371737931974216694847307376240
20725869899775376916122200148776889593310276143200940
9067604483145308971273683942710878807917122469367000
3999528723332306278379192151554142046866218938747378
1741794433937535650417326241652747750625077327434440
765482450195990468359605131628067442818633591478720
331851897221305848648648585620247439349161835427000
145326090139978812739991760514969514368226787697860
62716679009093848879956548406766473255150358364152
27370349909996073271329236713633320112839361308730
11758618785477127105904083004507079434480324079840
5114309470254544776060232426832125446446346040140
2187269200589911141491969779631990505860379214040
948200421505958131441539548423465177448854807678
403695655081036084992121135605624052030600116560
174442201104643597564467246544346961877369772840
73933322278601746585876058172563357770449029680
31846983960701022367886206933325879468058678600
13436442498229637451761677006344712880738238832
5769959990953461482619084983293272487796007850
2423288881899335879115506376583080167674191960
1037487395950709847439784999522614624174264980
433727623046938520367040237430940029553893840
185144837159669363134100420720128880924674958
77042340096637900696404949391407407243779880
32791990422845649800641294171602107490336620
13581480805925438058479118796998388524337160
5764417345779931562350710311355208560430160
2376129464032054619366404488068489232497592
1005712809960041968944872453780652278100860
412566186431726472538757617852288426243640
174147913305764522677762534158175212298500
71089926621731064302768434918722286395640
29928045397385323923254243101564703705616
12156225484499361394851558104093284321640
5104338047709056892901094606702051887060
2062746513546613932729917451024686694040
863936308319456462434266868144235761590
347315576308263353774961601564198601912
145104313246551278473894916294551059860
58023408874414050847875326509868784320
24182708485049971588036063838545068820
9617147524743627538695579542479726280
3998708221664364828522595441913273600
1581287109146885848603346039345602160
655968388318097504848227459246636180
257897700987337013565378850451244040
106744766675739054580011043185426870
41715790202835401647084586454462864
17228848613471731916740605803181700
6691235835023615106940209455456480
2757721339692009457437151316798940
1064127638264664357876920181733600
437683278096981238480993953899762
167757795275182530004673891131520
68866475894040443325828413742060
26211030493685962651945704816200
10740099521509916235425636585400
4057872902071988387706377502016
1659838727605507711425940117060
622322280333676452639954220280
254141249353486042832863241060
94517395075984671399211798560
38540627534450410713005562426
14211892972217342810973872280
5787194804545594091115491360
2114866809825661011609370680
860158746981774062876355280
311343601000174872304839368
126501221123769755187118400
45324064382121516398929640
18400784847645214988237140
6521622646058000063452360
2646174460165828720584818
926955171345022495839280
376019834936548713784200
130088388936771274184520
52771620119507132934280
18008802623651894628112
7309402388511986039480
2458713547065360863640
998665210996149544280
330434145062335324640
134464603569815837570
43759355994949606480
17830269900352545340
5682989490131527680
2326138114843584360
727859224070459760
298125937938847560
90681757345371840
37552913914746520
11214243246250560
4622197370778580
1323078267289600
560835923970980
158462161200400
65510556838090
17267959421032
7680217545280
2032136562400
829913084320
194739705000
95766678756
23364623200
9047189940
1793351800
1082239490
235726008
79350000
12237800
10951000
1980200
492858
51280
94300
12200
1600
80
600
40
0
0
2
