2
0
0
40
200
80
800
4200
12500
19280
88018
272200
745800
1733000
5720400
15096408
41328590
104107800
297400140
753550000
2020410746
5081652640
13556619640
33799729600
87819556620
217717272832
557920254150
1371776085840
3458885883860
8447455519560
21020061828170
50947491941320
125163268876010
301093647445560
730823638140140
1743546796586640
4181113556697390
9883438406981520
23405676515080500
54743986099394080
127915316749080960
295558868373946000
680599731514718010
1550815906737845680
3514659596020860820
7883756188888486472
17559754443354236470
38709072472511115320
84616535414745917360
183023857949162685400
392128812967720921520
831015837140936277480
1742859413736421389890
3614035170344894144800
7410708668580449921820
15017622038907995104488
30073658046493702293320
59487906415525038394880
116210882530689400194280
224127513365272385667720
426643419166594639546904
801363562924963751221360
1484796230234745386441490
2713037687725163304238560
4887297823158687898996940
8677291017075666155931024
15180007669552576900394600
26158182672994935524872080
44387452269333567751376960
74148421846879570710845680
121899437667860751676909848
197164709530670092004336880
313655857158537073022566160
490617439933658723090764880
754340476103556466932010060
1139714012992287731402007056
1691605854856169950048747720
2465747703746461837701481440
3528723344999401976616018800
4956570138039929410396555120
6831518526473105477388810380
9236477373108265394574660960
12247085239562263142077296480
15921530544944055788973082720
20288762267935036561523207660
25336312696257851403926658832
30999359876953233262912725000
37153050169460033873774321120
43610085288285737987255799360
50125207326029522777672799280
56407502162939002033435618076
62140189415545110677560164320
67006428284497863174644216000
70718272119862075571476406400
73045161305448731456396940780
73837989602394410252208785584
73045161305448731456396940780
70718272119862075571476406400
67006428284497863174644216000
62140189415545110677560164320
56407502162939002033435618076
50125207326029522777672799280
43610085288285737987255799360
37153050169460033873774321120
30999359876953233262912725000
25336312696257851403926658832
20288762267935036561523207660
15921530544944055788973082720
12247085239562263142077296480
9236477373108265394574660960
6831518526473105477388810380
4956570138039929410396555120
3528723344999401976616018800
2465747703746461837701481440
1691605854856169950048747720
1139714012992287731402007056
754340476103556466932010060
490617439933658723090764880
313655857158537073022566160
197164709530670092004336880
121899437667860751676909848
74148421846879570710845680
44387452269333567751376960
26158182672994935524872080
15180007669552576900394600
8677291017075666155931024
4887297823158687898996940
2713037687725163304238560
1484796230234745386441490
801363562924963751221360
426643419166594639546904
224127513365272385667720
116210882530689400194280
59487906415525038394880
30073658046493702293320
15017622038907995104488
7410708668580449921820
3614035170344894144800
1742859413736421389890
831015837140936277480
392128812967720921520
183023857949162685400
84616535414745917360
38709072472511115320
17559754443354236470
7883756188888486472
3514659596020860820
1550815906737845680
680599731514718010
295558868373946000
127915316749080960
54743986099394080
23405676515080500
9883438406981520
4181113556697390
1743546796586640
730823638140140
301093647445560
125163268876010
50947491941320
21020061828170
8447455519560
3458885883860
1371776085840
557920254150
217717272832
87819556620
33799729600
13556619640
5081652640
2020410746
753550000
297400140
104107800
41328590
15096408
5720400
1733000
745800
272200
88018
19280
12500
4200
800
80
200
40
0
0
2
