0
0
0
0
0
0
0
0
0
0
0
0
0
0
0
0
0
0
8
0
144
0
4104
0
63984
0
1097856
0
14906160
0
201010248
0
2421076608
0
28189585944
0
307267192512
0
3226610247840
0
32382004967424
0
314093421057744
0
2942530420227984
0
26760176210395080
0
236538135670153104
0
2037822791529962466
0
17137372095818863380
0
140939593445204887726
0
1135090272617620395156
0
8964628396330462870086
0
69509712528663968081640
0
529719315240873693024612
0
3971540631089435345375220
0
29321021082508111281694026
0
213337033622610042129826140
0
1530924513363756597494067606
0
10843001979774477350241838800
0
75847161901850711062101471978
0
524310703658152098309704500020
0
3583810539714516020268095285538
0
24234771289476232979578690374060
0
162213021643634909651831028694056
0
1075193455641707990406173645873052
0
7060406160867356351060580361373370
0
45950544734552641428253448255279460
0
296506051385896376919126065745726014
0
1897627962211675463226352016488591440
0
12049381216414709605689024657781225296
0
75932013621014751168510268854636881928
0
475018349717420210562254664736085216604
0
2950719017812769514336251378454662494176
0
18204181737132291437132030468104220862270
0
111563043794892449832500174277622090236528
0
679267257363481431167953578823262932799226
0
4109429992922597150609662186139169891367728
0
24704485545187543673071552313993082419546442
0
147583808433500617710134577451795911114908160
0
876128561724187360368612282165745254671655972
0
5168242978209318853049358065586411855851322156
0
30291881932516835251730059768264003054237050840
0
176385740940675755777671946930395379447137671168
0
1020198676419188877828959973236543176184109779232
0
5860117750290039542508911658330305644637217941004
0
33421991305947297163254972412449694754079827867974
0
189215441069294440783465661752577341886105126300196
0
1063077159223359557084750192190863700715167291660726
0
5925656046475397703774439551849640406685270994524444
0
32760210242798482305937177661742374621076574044511716
0
179584163408137279914407024837325420283058507766857880
0
975824907098836469348410113644881171271673149382724626
0
5254480419236444156247337363130931307947946227480179796
0
28029432041197048069487756695968817678351301398340211948
0
148081211063209751369699323221319416424676354389891842240
0
774575338952935918569058589386935609332607046791723216528
0
4010375836268083895734163136414670745061131850538570920084
0
20546920819450227579358204009742932883519942370925736334666
0
104143982507003123105464205534646989362552488904256980673340
0
522078401776716891705283307693857562695184964514890265399026
0
2587869793074739841023587835259776964064575038023927801811008
0
12680832466432959504550638695697442190603517444922675850130282
0
61411182879061841114266182331481048665281724508657107736960712
0
293859101393528583789857850764691011895346439655433945176930398
0
1389063471099192147292187416811450101316049835290091628076939996
0
6484805244501599629480693320151815287557192346623208973467228094
0
29892719880802842485507512857163646122875161749224043869196022772
0
136028584704129170227829073615447715222578703414188201722287031286
0
610934176500916524719909612758748477381765805341163880852389564324
0
2707458688276119866268680232996318655782617823044014202062561657140
0
11836856497429634461466629811507035783515546689978959421062483070328
0
51041346235281530669783660326764795141845338207278443074059059694804
0
217031670665911612819142990996785913065965375529226081468187283511260
0
909794506757762577370435064779903700854266287905409859623297256669582
0
3759122358202062430624629509830160264194516926854300624254324655377212
0
15305800718366845285912322507635691207829738290126092923044517204906420
0
61398145576069741663668720255466505148250236637012643633187541915086084
0
242597806129659045407879014398583085561354099359984824697001612645080128
0
943959409057537680151157346645912976646004036240257702476125359341045740
0
3616234794163902797055394262326059543585233212470815767834987116992323398
0
13636357217910299530215054630737648989243320123050066354709245344550967720
0
50603405513328006585370607171917744761199259920883340295906245514612222330
0
184757258267084402879432731207660320478966595474598115045219917074923399032
0
663535272850188925941234059026994200394569105376260774450466484413570035098
0
2343512208809483295360251804481834424813033100501358185738667037885716199872
0
8137869246976375379415516739357894075298176719288373594367357614718063720274
0
27777534881642021332989364671787682017932001957644288677141273081640488349792
0
93178367499182087516961942762797103812537877115097059220097932136309307514622
0
307095525390345137478726412229549184466064451442735194958702252456713060303960
0
994184988230037246297871962818018152772632865296400746981112785097002199082006
0
3160780446019182854342306778288819428734491233604505547397377965857010604250044
0
9866265060959508012117287617272830613022412210617352640325918584194973884309718
0
30230150256505314930616330249735743197744571992751923457469074641786269623002364
0
90898051188483207661992656308379198911318848888281555672197920835593017826609024
0
268159505209546825391533768276417902387144625708106786682051350830514689756637400
0
775985859979636385246027835325136309120468752525767503307846723242558271418761948
0
2202085193232964849344082355604165515819863278602362701998295665717342556933698220
0
6126775625326912521567243630196871653982544208646236767669966341730114371527771086
0
16708807481247674026632264116980233950513253814009903643632603585875997899920407788
0
44655290568496595594111752961283729316428612572022892447790011029592522198153760162
0
116926544030778095361946098200971179412153771065296283021710866710061387930058786496
0
299892254428712939210551934174657116653227411608900711923100915055492187646154095050
0
753232588531872908791006732071450915568801172743965709151005478525124129887638089660
0
1852273487414230777025247529592107890631402510275197238355505511583923805658137932468
0
4458558680656188033616067410143144568977975152184780410195856850336454373453291753756
0
10502660471040304877035203857212207340446477796895338981081821855376545863553070966928
0
24205983107211874576846197618814415158168433136169134303563809924401117746553919718676
0
54571879794998894324966832453076474818546485154612881993416404049488500523758176233012
0
120321538458973519306041990788138312293493704258233368248532543352581472641190473402068
0
259389860672054350722884068194586798109320782479589991920919481874165515048532175363410
0
546646024432257629222429997654979661383953297796142761094598012222454286959913639751600
0
1125934374035002296918802533716243177386989421473927611086544878588821732186705866416386
0
2266134039206868352866902468681359658011381045004429466198509748403021625602343397028860
0
4455923073055145527419425351861013742071220007517991431964875013704212013477382997527944
0
8558259433016626667620567266062019149105470939598630478514402253028987798390632217087588
0
16052670911597992776894635732036459547123390533508606440094477070961285502836574526061196
0
29399785212532617922217396251759776114786303823557638307097172667130520632144972066504416
0
52565352083671198869272846767079991472415735589903448144291261562698266218453439349710934
0
91736032906384378295421702494961509728528637607610348499873285300845444621255153779321288
0
156240881576155463057607270087280412404521213685300309892490337023558710412795499297476144
0
259654773991197036463416506618000519107942883875461051525657851931685902892184153040563364
0
420998687411438416687429122830583359291319984803136617810522661285078604846125734207394972
0
665866802972610882864185661740514317028925774656350558223074092393682886303635924748133440
0
1027209981654431250997633472647400293133191165986489659945806994482881292029867770099174910
0
1545408204940056552881939749201756271867942486843594594017795084322651358749436597743574396
0
2267201636718430772130046289356749263973257330272994724286351312858968850114786645210032750
0
3243059892552097090582513825790627791942534612646426717661774600507545061092803574897045780
0
4522690406997163520606730930538346441550318264610000306834731325102863121106656525429792992
0
6148644093601099604047111872290684772136494785894158481897992336715074516637723723517202896
0
8148364755871946307765352958943992704569850682654471052083347702399401236882218608217556400
0
10525500427285742785697175536008929253232256439828853364205130008903234188303765591691349352
0
13251756766003688963386748103021782199945427262759314558506674115491161102992240821413485888
0
16260897714656714160274239402254836558477480969079032994254380525471169592546864477394564564
0
19446554526188149733531575283740848883760725949564413253287466740888598483417851512188650350
0
22665194093570504924107463302303192714684279515849990962499685882451994171883230506280392328
0
25744901428586757571252464870627384011617812261396268398571189502496561484552353360894242092
0
28499633290641836882741225774693779940574989966399514290812686455758783582731720385358791092
0
30747487365155829116712015886413094451176169753808361115941395838485534475822276683835795296
0
32330558055343494170489804700880941214273412327826428599900940209151058720625606725445553280
0
33133372365333296105913411794852608842056649392035675330755818586019189766502805288107993468
0
33096900963882367519931776454927846817124961006923853247246084742028040356937179542286470116
0
32225769047604669858206879582615321138468940535048800088936368097026833803820889072821924796
0
30587437883041684955618268866721645511585920221159713368014793520926474659926969911195653928
0
28303542606540507882398693913795853745568160522732156033380748692232714211371690798445440026
0
25534935310415829034613234972012308455067099802752428369211805402619937509596902507456686568
0
22462991620922333662061473283114968864652449949882374020721858208306676622898308383989912334
0
19270189356376628606814970625112323678740236862544059620766024183726366712862051358784441820
0
16122803063824678546185533977694863768398873988882996426780856024712883230208892599450164420
0
13157873599046642331362804485235529517885118539471364603074120470473728957606581154777826340
0
10475614484162156279456474904005995349836234504984617992989007686225974049557010184368314156
0
8137358472913289161564826936659768065473324563179804451688466592392804249834149616845825328
0
6168255208654107696861500849151984391963104938732365257953427480412707897119221949368444854
0
4563353254450894878390706151299942077577954210139436717193320346159516185824251453668489120
0
3295486875330757335161864175260597238876907646705146209751627985784458335417082794681372304
0
2323498898845710895902878664116449628370804962239920338413807216892676901830251156331232944
0
1599664795233722693218572824833118612744232745597771999378245388835511356452964795602044198
0
1075617359981454451896341013921193504295630490184654782226686531301389562422796180833809304
0
706496213954822661632817484078509117377848435014331805277659537743435751658977249036999436
0
453385992754796441413121075510305722201627636233802782758032314185516344769297952354967132
0
284326607581046780787796193741837993923566229045169936888408991247202675593529648559606414
0
174278867946025226777814327750034506028199635983367701461836200688835275662479642501567904
0
104433072525130926115039810474276565917432144527135856757487150765020793253801705849382148
0
61190950979967007673203502544875484341227641358781607472311032456968733561861345489345384
0
35065755143541835751261908961488089192148629099809048443242090263618299671168403435305132
0
19657044445969615492628705965406390867183171652754685423617266181611640688007054120902424
0
10781656319890169007059830495398727255245066123373173200581123974430715710747890611550660
0
5787341314802014885859952466424917298227264656384443690200839487788007533408751450471116
0
3040842581161184519217065441124408840969843407676338838360928695553954395086125320189120
0
1564319831115400146376219646448995440985212489169294234904130108084677927755809194843396
0
788079490008949972518516376950410866318447098519300150735510321787656521709877789069266
0
388887421829361804897426015108020051567007702157367615561861043959105261000416557762408
0
188011342528338360341841859366688044802037380174681465974917866258401340610154937164936
0
89073317901927704046839089044826387877812986584831419571296005415755527426413467763956
0
41362992273076969236483905031810446039135787621564289799158992669941792587085210781930
0
18831044772946356046556228362416176104611639953743182262342584316633525980594170491140
0
8406833726858792030419175435789783075438875441596989744664991419223121590133466597882
0
3681149470970819101418718570269727190324499696652237907526896855944097762091985332340
0
1581337839578747529160944175510175691898663587455504013661216387052403609857307453876
0
666581390321144760372587850698758158435204161256218724731586430198863786802437817152
0
275781980217103252378183873047033365126308903677915740071211379260717867067715793706
0
112010661158641332134227799068827017799600118523772660463830001813694635411307899540
0
44671433211278575162430556055445733997473319029868735891329277534440817745487960312
0
17497394335422771434922449390548090780919071689096077724812157676583796229618007952
0
6732639507346910112912457532452122167625271576637690705952169923454758034272017376
0
2545428619890841483558182279734941216714637989551218155141406470156984359116107932
0
945789954267649454723053606501147121690916420358434552363179204169640124928947106
0
345446526250723637650439610738345683659983045743406801975658984698495854050210812
0
124054624763780322067415342792516875176015874015696991352164166227970072871357278
0
43811103608708477470845581821164206177483730519030175841933902074327292385854680
0
15219034137535663913135733325230215884479351687551333549581535409056468226296678
0
5201320911649706197667070110366237601160984466293545410404551963315538861531152
0
1749263720073939017949323052563842567726578678605237245997283366288279298949598
0
579032367515701834699287539265467798983736632765737571316376455199268586840604
0
188688982457924203652763991377604023544488682454926155508483230440308797408270
0
60544685160684580157235823390692641653883360147900111411668358704487581882308
0
19132878458143947965379942833486748884686400579677866553409994705669790213110
0
5955905738933647946144078827485353349077836183293583752340750452499292031660
0
1826696222245771294396661337024354192413367362843635123591739398176213373584
0
552106725939018339900090784306011360810961349775074110856285257476693495464
0
164476745354551048953850784101672860082506755254750961265530163196976912052
0
48305511075472761545283929407641057174938394535182130005350330777983238388
0
13988943470709313728946132998778663465980610663860185429429520441378685974
0
3995341853283549644277122232912585693515469463726784980362166112464371276
0
1125609917032771157580155683155028625794778001009164082651194253062129316
0
312874639363320380452503436376561080238745695696625092365615608365972844
0
85819160932560632205289144109985056406947120716608755344020261595045944
0
23233359277373067123980366783520334835737432384989675546226184769036972
0
6209196777761524283153599913128642382382755285677554963596249024334082
0
1638459788128821557019410582017490829923854626423815021126974286557608
0
426966538412795638555525427511424271617196361916944852281714702595006
0
109898003441371097791003879354251983087410264562404921275876321683184
0
27944953260087754390563000966731327069325313078678377921668604483930
0
7021240083748216018063088431468416726333852035480097703918111768152
0
1743411361566940960047944062647761193684163383826115922604415235282
0
427897599037182469609570880555441337552253320687908805518779616304
0
103827322006026221888927272963863209806796618713465269191516242314
0
24911092822916298741912800962766785226332750633478341958008587112
0
5910991864187049035599478197941868222297676386452447115101055566
0
1387366438039729113877063830194220783289981208385923116912829388
0
322152659012652807430826401433661604155632097092342658839286762
0
74019842443731832419871039784217324370316020055283516803233548
0
16831639498877299599978920111302061800347420905053915364621352
0
3788542918337909846814970323347659992232804257379680867867888
0
844230465335009404841987926042574036288754132354087661150728
0
186280826132346450353478453068077932294609778003088328817836
0
40706968274048687741760277511170857004424931324826441245614
0
8811255986542955304653577716089867060324924408502054807580
0
1889514261979621994073058605608045792978336835241523656530
0
401495342962080958870987658837913479650784886119132822640
0
84548002579994080835650062072036298544963741634018815514
0
17647899463121388264285585126150270983057813331756696276
0
3651939842358694467673742480704594129030979107039524228
0
749322794673292208084156462068189942377625459932788916
0
152476342449119794913039398883486603603126123771305572
0
30774938785691648843927192911925776772723127804556740
0
6162055701722039929657208735804467540371710863532004
0
1224220243301749514281410065352047715522583191587052
0
241362640068329308643251697020684025541990815221182
0
47231006758315243104289233401197392015703078763112
0
9174872688123960750221517595823918953342421038254
0
1769523554393918066445682470442507653356108165940
0
338892876987674421730572282824950879514697179328
0
64458920575148979818872369535005771592096458116
0
12178140297361180105967855986449411188937365656
0
2285688574652542366639591558280157617772127800
0
426235597911191889103550054977243644233886630
0
78983200474004602840518149265212294888988264
0
14545371591212859296124098200549936055851032
0
2662375033658513860093700423415817892572572
0
484410045659094583535265836051061497408400
0
87618737466397940710648542784421357274840
0
15756352005120662128159105171200407532402
0
2817199280737146193415145746321034789564
0
500845089252869380454961265103350443834
0
88537057578308397654451419599777748948
0
15562671562334902003305166956425934924
0
2720009848137418579216453288565251320
0
472672876296387072527537383814472036
0
81661371960040453625638217859325728
0
14024399487099995923011146905808868
0
2393822517948200965920429679203852
0
406022315414295104455495792672358
0
68414645804542545011660385982920
0
11448834314249961124887781470186
0
1902119299235986790212398702696
0
313625826258616392248764638126
0
51297268312509559340277627684
0
8319234842988577422424907814
0
1337047210183901978356514820
0
212842498832772131287300392
0
33537309916828812313008396
0
5228014813185014368612596
0
805533198939329989990572
0
122644940116434070125636
0
18422659117385391990060
0
2731887744988400516862
0
398570465725321909392
0
57408934468312949166
0
8094526176331893780
0
1130217628022139610
0
152840795771745540
0
20692648730110770
0
2649121333312548
0
349753476911004
0
41390382530448
0
5419917083964
0
567321315732
0
76436298162
0
6538672296
0
968608962
0
59124960
0
10698630
0
369864
0
96174
0
1188
0
612
0
0
0
2
