1
378
71253
8930404
837233530
62626330928
3893405640418
206917864893444
9596565612090625
394567955196037182
14561640491243226101
487243066115815459744
14904992451270196468172
419754128368490847291248
10947447898279229658979849
265770836472805995449969410
6032723041681660215661064771
128538050966595155463664341248
2579697284855805182648577826780
48917961420854098728068629475144
878894743397730076857729367929038
14999035337594769115080747991091732
243688978303296118876564459584447237
3777072595802537482176394384603974870
55955953732421532939353473358235028869
793718810253484778128521577263013879152
10797307449275612953677059296041384935156
141071597679695203142439582839571445786600
1772717527799980785414550175028074552236741
21452326842512817006636254103491538046611726
250303022387126287937974126257964281248189663
2819051855602021751386408294916829050129839160
30679167806756466454501738153768474353802730353
322937535988988139574921437354492325475980703274
3291046222426747919422617216215173494596819348379
32499253007340385428607873687996825124488489082072
311242942237185998576051671961446442397692182180583
2893052336244181836297261124990689777505724810798170
26119827880512638692161702726609463569471238858756391
229219876134812802907620391573778785864440755174878580
1956582895133255787021947819945138127818362871998173239
16255144875533055873428831022849754969713228907225907626
131522546382886437652992893736463121018683984297804663060
1037014930404168367553718829438943662388601996183399210966
7972476996267346927926175815281272950445936997667512790035
59794767321348663209352301726226006216603776086441748268544
437747587983188195047824290954686685304437121365114648530805
3129648559212921141633580939974354931339933874647463839216898
21862069900863914121233422946012987707456447871661499454610666
149285016186215775984636076361219203830200549212499788417428302
996939737969364234184192774234466897739259221220776192257670146
6513906163760968715369368401313941047304027441516161545125122254
41660091834083084644227785465548581196803203132713678298268388945
260907033356796190569194056786198728282813434362961846447599495892
1600713970806914537844332049952923629693803665157290609563584320197
9624425110018217942912683156347856992803912581076044916622624275558
56732928020175592346992742967274054770075406534601144424246301240952
327987242683872176552538925566263587920015590636093917414519796361054
1860364869919842029581596787374031068328517610938680505467093367768563
10356502446811730048689393335044941016399859362990098234150674208880684
56604742042961144273577215399036484717397191085507194492072070712155859
303853965244299980708420954093536432119143429786923228211544352315601214
1602485116464649690834005542459369017429185415476192387840019917300220628
8305807220065506251940090872349916661206667063660518483337138455628237970
42322125465932616559593810978279099662783000733961681530664352812513860588
212073965027535764465924119882217737538049899178620989968875404024446397154
1045383329090644290972812001215317513896387047185778502966012282348060596019
5070652968167550507399317096596646418499306509578430097890678364160597645816
24209282348158704077309719168629454301541788756366637656375399394926171623175
113803910052723135848669702257993470390918378298623031676821152163482145329058
526884290652303912009207381634223381283746062967135277811824298924945666138114
2403143905597906110560253159584322627627905520775511383363056578135755161213922
10801215036844612179638866286597340529125752125468013365228642306792248126413768
47853514942040453118539416077466194986607085463742386559742707028022409107511170
209036374049114530045113819425196352186719826136640166823833405495631422382005836
900561586414098588740177894067103340067894439232884613937990626676216503793228414
3827398170828664670886743363033181889289197215072641919346726508229061491541989088
16051148405954689361694526775168311970953378886203339653004727670552305330435975734
66440491509812286501754682352094484829720676872784090488128210608585640531736949736
271515312195110587137110182341913110300755037198018963323569412095279441979109114162
1095719979430504932004997218695020651830135552010018986341785308994846182627082235876
4367733265717422788152419134695583544127889746908757997843529131290668007195852946666
17201643371693008489112558967517753251191619029122625868791114773426153088406929901164
66949236345626639562195809544576492369552934643057252343325136697689807857432563827526
257564647403946164116712820875032907765646587315515250200426039891452402677074939404800
979700705281172518155403082950644984675180034448168191180133576977335332908781882946454
3685252590157868196902964196967866894797519540490666400036277695908109648265815191171234
13712177233176315141423280751271344369398195947567731661595897998049847878071994093051102
50478687453032093186239363663080357180607213753257666299541307451882283121085824802012892
183894115883416595603522720229780500906926348346278165150360769281478065860083200199950406
663101362512155441874033818318792621554446301249569406815395229475889838176064985776973260
2367211003859436188629244813117987586358861353920625950544601111652450865261911971726854690
8368162897991874893956364267262051165917309651065597537106770913488746737407062400071369094
29298744027779221310972278493219614052000797114135722316766041135593699009525949867936149030
101620586190806527483916178311927232423224679631686128271719341049618070457020095257134804390
349232588027445968202562988848471178567883963370511605582234228393310501033325785110326574638
1189414498508133069538347697712169752407360741407869376389027007346230395649648581086194755829
4015323874600789227874596269161084545293934338066232173987290045332409087376259307283564827392
13438746833152483117820233339561994266014305757642239112838987158492696743300248107037556172817
44599318064306199889350845668627674137681337692145793111803790805111594983228790930616087516574
146793830085055406034049653247079865105462434920773454718982064551223234510462462782988629269942
479264079993329708817320201303334001857072172442648449232780970516005409820660656932277404349770
1552405921187560866049119708752692751362155168202529547352564748076635817681427801080624523393756
4989687618865436382778233018443722625179912669772256729914577141585416289022837048014129508043030
15916658762008489267973470095395514833072690463080362460767979865513065382127194135761735994436105
50397880377632447117968339030547706972747404049748987052138055978278829540792387043734265670217344
158425219183837946602452576977925070297126399258885121701823501595995201638685169490036968272596035
494488782708056301294882495410683768047283087144723413084600292717565471229779912164289926477131122
1532765142086725274513296758585238793300092070649612267889383036084899810568301111808350465644708512
4718971637810998004222703204606021281206370601758070184182940355136073319481545135008509122725706154
14432309507618480282913630362030448960894680527306571874272885670531093275261231637421537996951352091
43853450101831531195211639732029731674210001877006752188985650045279912166742844162566254003614349092
132407490443936068723245548333024162285297994206455386616667092825530395556119929378557321396286216033
397303369530878548527630004502066817939900827483421564131315081761232488229686145037703986732186501350
1184926967859437610663590921729357907143786960141868828325186751732337788452703187106286965929754646034
3512998821010361547607181567329266056972930784290472335534473404141581395705040505263228119033427037710
10354703912190343392592660713808193914967488515957080211925680810064757512301077097126173082371867072742
30347684387769175855461356566591721424329917254879163530848706249594231175716447150646435972487652421514
88449491159229898492260552889987808224319527035307868933717242309013749033630752853594801924228499957075
256389091484220087049920311238761107748492031886427263881369184197428568589452828183070675968438584491236
739246914491942022533574417716016147326791963596415231336061689669352854250945785033327946697445095150073
2120388650589045751721797944737507046220722855163405670304222067378983666117869682061121823607955161159110
6050990515304529821606378755699576382410615305045294836302908388466348436136971912885008070903683893124002
17181872841882241052620293528542051420125506486949113856761667606921629746787480248636407069116693479688214
48550583524911193011665871834955095463128308154850776087551970649637883981506986289074529341000034918934785
136535055966435751186149439645566457801466802098941616334783822474327086967148787042141712501929854701249316
382176923394261168296528082688259928162277656998634246414685795640241847139677176656651000629713598327733307
1064876153659544966605120794503844918657635869347676813954489834129416461656222112210154524957233567204958810
2953866648475099052446003182534303457736699324232604076951930290735852579327741108946699890469638230846751370
8157960846718211023502698484663819601990898429500197685407484846724416931740101686765015156861629579618221126
22434280063184797836681843552497028757803962211228835397984038738904562002367623868898488369885596836772831222
61435916197580292921099468413906314303544996310281085555602228563940029315448909816082643646357769898505123014
167552603618855793771489843780361194252814296962360377862995969919936862181354156627260155660052372763995330289
455131294157493429754882973618157710428585784506726944070791989517046927569601462303277877431673152862446959972
1231447831603575445293933008734749248717916646330577878618432057623552956794077688979481474441957075277336591755
3319138473603470966675316417440315290007982760818804020550686977902199880178177126984176240779769460746721797706
8912511415781387506060833529666521591187609181819941431083953699775280117121766134763055242084855272661102562740
23843755766424032629211564412159974479205649833961246788460411693997813092210198065040808636087551323005074923354
63559820296068492818056735740594501106721422266319037108562784922693285565470986610425287526926662398546736588495
168832797271435105917373700694952904937812207834537648252991597175479946825732027648076895385114589648653715628000
446919189090960987414191563285268252222859446114779411914601275534852811539885962859708785455947669381358659800753
1179044609602828486713701591923655837831425309881141539211792335437468365681017293349928178825520769387733893192326
3100206983653208368487420538863601681486854872498909207213738136227001536092950683854384676727376194301116248282096
8125305224616852667447976425212211239447207499928319897196644595938440476521157120016775988982757628787337432861378
21227834649812805527903028965585282959280062371934707982311657111112121155738531993520368835389128139791393258548290
55286151401251245976137592107208704626598424745528217667365677435674828493958622660923059815300148080141191364109134
143548433717420409534082327270855834381742818516440686515381066303321503906791767878038359199962548660123064301098681
371601905192488334162098191203823953070452213866803540197323115033666024362008602348198152975712125904485043708639104
959135276665831974656351749645376769414439392361028437681069903519097551172834370277187173574026046519267330538093925
2468473570331519544357122320576220497603248669164219289480020819498692176494309871609850307238006489315022248564201006
6335007640893172106119651500246917954303725234061049933505608021412492152897038571548282164835631861420001941451564154
16212811481870856933820525136863046222229656511268673450687030648064846992288502504791334582185706690613025769400264718
41379348509579322348514824047111027243439122159638477619008796972212374224829333229695571150066053603437638033069968570
105327988024895088153361614242862293449271770344534123067913561632996242774502120379057859175292337659060620178415360818
267398234156440706929051293550641292763613280588133050248586369604754229314121349372033064249220919059173208500190233404
677090530123869528763488957098433533052866934858721388902315546616131292485313351492996244616201190521439527018858903894
1710118887116773960359218756752614256184900927914308604835361383283324659318060138648265250786838947290619179076443208832
4308381534204871336409035007088573986485830378354641279664274952116358862873284883240003793243374974346288685493777328358
10827451150765987821829749906659350790852177120617160100611334449385872408178945012285963703660650299726106721051530945950
27144225515392212374364639932219183891274768826433240276083844864824563643723701206772399161293637479863162044072809881638
67886231324766822546766107240168799718068361753168997915302438835458714905684835843752435517172598475390674654294830961668
169375964088852181407750704946751366343543937038867349932278362516458939318590882962241420523108720403555491926472236288286
421598850281734699785716268701571253953614960937308594087436879952929327524575712855757818487751618609401107559749568209880
1046972363808292181428484269525061537359510067006326419358641152365915511005151359340410134009237253337209435101043620399194
2593992085091639020914022334825940072904625349750597736355754107060724062073203486671198667399192069780919764309158547355632
6412213990074901860795843380653388488440005509703799462748188655689770059403769710562757172107910850187517686096565093841610
15814680482025657889652789691228235459004752708797304031283602866919149821747900445870399868159906542647225447025695386606708
38916324204574041104772246305176398387161154304499887670699778862253389295996844923162558034618301696903395888449358059343478
95549163442640272209013937633766380714450534629675932223793395357947223943665015428669258742532483041739193414042027039643548
234071822682463779882785532830826832262336073993449786516762156528657348452631117770650170117699553759035348021826677884987414
572138027555011698298073978425196655225919150584273948137794511958166239706484450961081287382123068454218720929388566741475916
1395349339832145093296552751207133182099188784335178207383046989166823048936935715659763571187701012551037860151016967720120522
3395434479358794978154234713986859275631035193731167742080137066543812759345275772856826339523607631423389344473507258729311556
8243974117587963583783335785005236054900669370874198627994913939118972179704112263554756121020443777092883220256669555609506674
19971199427473754038069967337847084701701942197774611202020423240543655288003427264437461021346787079708764854191373005091262246
48271875452813536633351859305966089297609471917085863386463289182585839939934556350286351126302317910597953230991394591334544570
116413080621513423449027013006239940117495602209999242347102395767263887651947501828834335658661640314118581506502970680832992583
280105066268401053240675542921313124536673984703200979139920893353339148231770881784000088556818727484633894818818496759070086832
672426222876427821935940813776110592085936339165112662207955551818218275731387117277282541586348348205269975937553401200115306659
1610514806549076728334131269339625346108806346070975614913421924211201159526603273005393064511376323745510328437132672369543376970
3848328606711148970552221107930932894781527730204755938040182467044443456909186249120649554751785347378398194721039573361460890304
9173962474060832100495451981609238700190684996979855342228545215730248388030248562106918504965343378393567194575647795685524022450
21817668647614569752589866880151777607055358919772997607890973345093230691953947614666208038276400055882569310040049742881711787304
51762435393218780758572254466742855177988737366277478307618072198949961398919283551414499837894973832181895050722251247263621888966
122507795684361956431840647299715540208649263427641826093277918407759241295637689319293972776632989687780482121219545054613220040779
289229408815756965798760242914502302523130154809675865888531592193943923419915735922680673559035041720586472960448594228260397296900
681141477875369092572728036591749334915874867074846651626337190266723087349168079808782964433087480378473365524618192622395257691319
1600052732662637349964172111872479689500734907877886527426985758476557415704406709445960770302706110320006202833498142616776514875454
3749029402072341917827441440299311609363404451014728110236492980979093378608085582104628967299301257740519353334978762262401213475748
8761452061608319613833343498097338225877344191294875826082175122809562329698483598869808182897695708558757316047424544690380490487950
20421649477384146773900948570071402014442678781878843048238647271036384110644768826086065134455721345400493879153786487038924518009725
47473097776755103064000292499949139066954780497344729466474182719192424463631307987222736548465062072027224738918215644818158943351100
110060301177429218415240833880395170504090621694796658491429118719924791358281317442304119655832657547336726858305431234539255182142969
254462857451446828494241918818656890105781107465745313740757003431354451874455424336302046820742973825164141986261951310546799709719718
586695559588097194482839735368498516922336456366561205250377870731506896837760824545944102125452715995844797172701610022852134688609454
1348900718124663456964782003135326855878615267176957157557357576923028192513598725501860618590793977813253292927633826552852558603994014
3092502405706306603037387185579044061551052852050462929670221461282086003289969121621012648795422501728925322923251758172204366469799894
7069474365054296268480403497272329970576738190399478038505971713087386246129809455514755191911566166959682456746979038399785495061769626
16113706453363349135200316887786442723879590631791310280905795495112562317276258307472272887512094473661730169007638947931743166465206917
36620086438143543802344369702675567705855114864082352960110856571872305295541290073953105601102359264381921146678900648523853121696100680
82974256998490739724725929860478186193946221873651561884889500132705046638655519120538578479726429298880610975153274357415179482159618491
187435625125040382867422307780811734977714064601795390856150766258560262043655616238742274784195867497945943658191426561747931612215611054
422114752827421881758210282668997411640647772193219346920869922812013679310188795289610310380266332274418036077142370301387788756249023956
947684171630288381518351188547829026242421818862092868357536695116805434601331367380366784465615598040023635485719579609778411638864979826
2120980788988777226605263625301193290753654882505905428683943168988516346785877221605136648861618217976315173095030478744811739136486191663
4731898304730386975283368471248254840267943284625637539325144975109386409497405695578168028409027784712274649892122144053354230189927688044
10523141914903171984686968820578411642904213734454190982466879792466294103978698559459668005663965008120321836361423208488140641922877906735
23326676318755452501537754094592178160920431748611626056582941905593360307469666994871348133560563952145299502474983021280087681374521919442
51539953663752969565448192945034559463027241033263770129119344154119926582810755960940275033364609876571689139483854081198234484162156883519
113502515209065227191335562233234813992942595302145615976343518043283652792480661646035057951918368416545051779784731154239327899094922877632
249128886886205473073220158137396281922382727875826968311068615558327505763515862972479036842375167500636499151001017992858159226089400317859
544987988033098978532486428072724103973902988228899693762549311599946962418372110717798170432266550846927122147989000917590827629858645919506
1188177632172507035758662064811113580396293940578237378346197963410005720848057810512911681291744468758739688311022682759068917414460975935385
2581636114642750236784644917187626609908524806296770237176491869648670425966008129810452018691053110529714506367741017407499202486716827001616
5590050866271220024896382748079055175507819217129412271658449973060495157256377943958959607252847364937185326834977982961747161171101278695311
12062343042307533323890891981475573521860221081069230262972358020313108592309219594962812459493715895476417597722632681668312743615458915310230
25937679450332707509909703658588887399360408860985335729851997862671557197187049005031258909494456128494779059216861664778080365924586310098253
55577968047792219175170264237002018738503751069101339357109015059761151490454214751046686633300126474774331641586892706363747486387936221852864
118668406495289429983726972247328686256901994068868358034987555589739004921318039739944848371925540519996419445129776583634583081173285450524036
252474469625304447108561341362254628565026566196954229120004772464352748544905951168320695795026664973842890955908238648363217324276480678821240
535228163588659067597440135086053735993430649754452248064338023935018215318282960530467121933386459988173394392742383513299949859633598444370101
1130547975664068496037068121296828288732151506630267675100613817378974797612269698764213038155895812201108691644913095386543248771720340471172414
2379343771647546609047046708434719341623052135414992063090400442449735247979084973102353796773162416704628394510147683361505353162035600645822357
4989227899964461105334941218288097514605874953284694966228378340922394055410355893001564152246404838252014274999695343226631493981152145140727404
10423352087244730968194516786917802485440486018589215498273823040510820952792214372060081984855309773826752920132311577284517424343803309108794466
21695493100326750316976623623939473030597084517611837654291637721797498430383518532744519860888876722257372173389419046037473913650165507525394728
44989377957476540788171889935973103934582010662221909639229185826313527220160280951455642612998415339320431555592985088841838858553357515926308080
92943547290501561478952215388833989494212060184193152824845153530297029396483919100513736636986647616611195584942376815958033292529286550063898744
191288069035266888954008388594670886812246618419821999557648963149099803151361789247467955385329674379743471395141205366388494832585727929196183555
392199140309385337530307460887899840326357072181775959134351268464531112723445854053204788764626255448831718774336791545301458231070534014926305690
801062440485738802400299000190078151329328267799203946157514198653209735982208853896857855467051020285911205032469939630824192245398472631276532177
1629889149484912898191575195723759833750936157953223871090298001313543089151358614521316398254623049707170620989304225213549104343908514189115682568
3303488845560416206961391591387909161206770102460004296269582001641300810036849394050095676051014186406818395200024889982714455130870183413841471040
6669632776035189322447029605795171460692721968903821616831562700634270061442179310258107584712182835741535940285537995774720792366947582923250335936
13413330862378461877076149079480631320861985164258522722630757366385960877834807309037587594512383568155697106496934593997264625817659866985613293065
26870047146560365999806452965462025895293966599186624463425002348623563524200604308657074361817273703292704764277229789230734990395079672222521570198
53615311877473446716206614003109156592697000303170317378982035002225156936063496876734449999745562092682031829563189999281359981862808981486735957401
106558843571305101469280405529181029679106999313224567161333797812182814788426960086139232451043304350217047544927594221898412854145274540469828473932
210941555442886474684087879158591871029814855594913580255862588726915040229218375686041072850188390039783559774827029170060416559298474440987619648878
415909261271066529007857644140932765990656242794807787085118950076602307446576051928050794913473665104676824579436298323931130117793445630797523679584
816753009926485036128198501043961655557916556917703822512215040106040508958356911138414981007928699348434474742049563702733313051898976038096254306638
1597462190282558315531058367253128362522237910649227855793634487562655275347636485738346344112121564564655836313682232893348536712029805899003371485884
3111789345498686305963559679558190009088367257550626411892315177420612460688520731283517068407046092304386810857583185491627959637156453040755535242085
6037007166817486630636790539107162791274152670823886067446773440681069535146249318522555157477332139121848361010947864202262375289296790489267899139746
11664263204647379335528961604059896288270878402367098839100556200047370019306897660522224100335033082523521030312988955349591796619152110718205517735441
22444469134582520395694201635491981817829443289461357168288501831433580042702367593566995963437369471118836100960569475841777414217624701612556426447592
43010068261917795292454917559587867345011120005600860451106994727697653238968101284395527204177096043613890373180291078482405317836908561659944904040028
82079012303338218173212727735742503272137846575430850550166011265476852494794551051261553809069035689508978653884955882257712314439748060549972599693040
155986783487534108997451455427502810226022280913696279600325011681890233153380675619249248601857469043658786286901530912469389063293628980633074031715204
295209096710435381479234919605123540566415727737883958206276616206241417697483440804422117547948786779408678419799803380548136725682599477417231127585592
556353142814611816975037313421141394454679294843823734360547407131878962441096139614603994075667833049269108293686615925921600554329686517811634877620632
1044101980895046161314238264102005807737725161493743856445747427520989414694178457357132257748573018837526803875187103043100345495946935253050128933449496
1951190204870375749102080026133731338327313661247277047741234241989373984594806698431098261751428583584707647560033594470979378285728546001987964099975348
3630892724078197158358761167186233501401822573680978976335964580575446606485611816330186823703741145346551077655488654915817081110521526123652504131095664
6727864267665563561938189272314600066616525680913615739781996626867239613008749850080392155964628700940289252265742169494534199885849793425407926273707724
12413205520749467421731190400953088695703818648482840244914245553880208541480720292786069228634730875075479288650060418952446913427889291286043903810591176
22804816332069644904479085669390173903153732672331778909217140586804940283603924542239983514853223429364826582409935363870215108662483619947062537112148102
41715568289171696840366230634176958754544622055979475477026796314190678144115432056636393379517215697000899064114835509491562893728756662299580908880726468
75978690452947838963254826013326074337789222166847971887606871981502626220389275926831885933398010087941877334097569096594115106866166212500603966233563870
137784592322890645607572779808778276367621183945168732708653877243177586268021027342827828599366367114174185354398870868218302142854180973843435046821208400
248781414903755683289289861399597245113278150540975588265730831534427262522188695529202234905755694138757078058633670463733281996925896322841515605239838592
447236157439443632996766373574144213593873508492118821180632744774005536584539043224947191482645604719359563408412716374397557858413937793573191933744427344
800480768978720574251223894877295773539398869981178128832176526694719170084107233341133065528447399980082516332548755741594111676572389953366775716677428136
1426439313220220748553744409310127721668319618430804492369936236450552228219459889223054350151365889555681214765589008379540787413992330932794648197168907392
2530681750735430265953097676514995816249666919291681053993750113163515268988010139566258490452937209374043450765674143914415036717750975410548484771401659310
4469892652765836441444625786266341511257455114076940511946866589564143705688782320360276334018513701702777558628382815686271536376956076685161294916460318476
7860053897067357352598878940836280702975042047086262121263354273323435850889518177327752749071691491063222071424672286441280118601676967870037413607429000082
13759936304716432289292009550081290633844244345652705321765567764106854429747260507120396942620895608219018489939954155151591570538842494324729266733531500064
23980787697647268554357054705183536183305247396870360370638484570123494442115979664578859382212706708504925428991975479788794196369188848034301980703329268044
41606414619207963291108251239558442779263005577402452988534078556639826989601827647841897630089741418189009429685589491781073362439721729066466712295294187864
71862236424951112319251424211069799587123594307743985631300280603098613582310452426195505102489707357213265459731426476345166789619099483837628477556923460046
123560189776629952381634035582769230984035949370418440610026891390090225529901639526508062271092112124222525069285265477091366077100121220666960874949305044132
211488946580335325683902316540995137259975432129590568326767070352646335579507464447642676653668191408283879373283649485191102213619547996374794200240965485154
360347880611517626622392553252711095881894507804586572291326634113634844703039033200889617336646651530124613258227958439906771165887329925066729703190455916952
611188868445646285891970297136747775997515925984813919431154170372900079850851761213666817215750476683012222910128177944157833342591088630785272567508623433676
1031910647825351380098333250679020193992610740734913656369200100732189534132835731200575252998061895746619380408161298113798961914645073122740577980095522840400
1734267269751488067290772349790601883550110190386414029195647880691434169380883207895729745432111381360288674750544466997757487732395650400735088992024272812632
2901291554234791952662744810150460018620634529252359712842360609100683622713656022216789919030323334491241105525621383890023357579621542504111741723028711263920
4831281251602843949376729387620929055964222344599299818576253812708603328008381892050897043162029066046571817013136392008502037262377888289164695679164904793758
8007982416724883171469843593797108557433535546842992306724672349712195346582911481332816156772552738847801518381336131123350949232041802888193720277133955487212
13211984057999398403755587826760346471432538262652754983558221660989674169311876473606702478697714906448845152383332059360903722623382997479099852371546564889214
21696588922014363709971446380038357507334193555221841239410461270620576116967870432031053541204792391860103361124922892855944167642260031241986483033967242958728
35464004483101929833594197672344471144607673833282117029986578374649231585081862745113077513280175984960424349430917809639874466813144117232190009467900435616200
57696761316114615633802073035645876384376366230282838394675016289217070670353165531177305386500251883562135266965910460084869671422638285434989910401797731884648
93427979903088652183347619066869550621136522943126251258542668219121915202506017731220975075568726800658035245702610263943126394579369504508126351779422593948662
150577092301835497490712464142429003004667485940909173434698102972304949827397330858265697825916290404838304999098137160045399816091308235442684345570871466294876
241541576902858115933526760512885323625414497845328464002755979200881018177905451876100140531607538051027874386545992533386122213379673669794626289419526767741498
385629813850267025235062414776331910693133694655853759426373785831483662246784654102200366920453824216848956299371921929129956368248879818759120705327001020853960
612759070324671467545091649701613398457421178906001609192293307145833836195674321896145839409271209927096732018861981354191110477823953609300653828364109064301566
969045377592238513896809668931031387526920183353575056614304177803891565620198553701479954337490644487649374592983607369374685829167817824097684806267982318384100
1525206098955847949161687634432788866028187357004546432060587242358531655368527297356760559749882935573863104888146454997116879516140530317590790909173251593850426
2389119609308180632307832382758183334616479451668600001408715112422597123691245881732288110935962654334036267395650152103624985321529695845655810099729414760908248
3724492762041109106246324623639339995729000177803705356536350132010218622417964465872233330593362438537100087182116776156691716040708506753130188741869814839321650
5778448592877829245142779240958738472691680879037810279645679807257892567312974006397115334596421258958860188275477390014783292096680351307773015887074889548498580
8922063310925879181276156905315593981192272380436601903033481912600337159653009153659964457586597223679081568390815216719250340018603700297970693096864135040461154
13709587210265203477496188732489829917236009312973273021156550260667451313398331093058708741704454218576466231118911002234297841236689242044852347358063812252463888
20964458335461398112476535811217181959681972616102199671942132727807288682090321836743121844825781667930557189116290536705187722943326906136500170092613342752514130
31903498892349623337900320026176165302187618120396872633004152247539008694802784110542854978758739939111488159173556387526814207808933077873288774921801171774072900
48315185753572806176186920431200236489789128884519632968284245852826040795227329587730157192887441513882410679844937374915974605497303553837169891772756222381632792
72814015593512749071399960379049158540943036649240307849672666629696316320177397565029912137916280123467439040275497329685455921655477849786103738487924071839891100
109201267182090389652689005213260696536643174612417981347785026026302769163661698358169881818232714062432331991520924636000791717398636650719136668344589488362669130
162973566966288593524670631493162331330295784529208025308106948817036419153806736511560243479519197432037165315776630550322660237915735639990689057252140460446960296
242035431501197047747397185942915213814887330625205092421990921126856543909578455519515142488967541960873772478581640515368446767054112999049849632194194906836300318
357691439232454274976613296029497707529901208958063017255188187223992092085077737018445272772971953642579695858861133026822309464857677089942469289167335904405533796
526019160689750974551142484328711279318768731308969244457278415180140563066401524899049111435525956060062390252667146848911815154291873130310717033588353798783165912
769757006615509898285021433672788968416423499503253380670030800778576063306031119400869479750800564184571271176022708018044115699045093621597180268251175611266172612
1120883591603536809460942901203653553555280193896911838681394853984334779859964886197062141272230624331508143430105740465444299292967784791094629576787756571930839432
1624119225666459179298935175742951732178038674052942823806467941738675896214141422186433733357614538127684460638472642001372812703379927460815631270254290168164951404
2341648225561272029481832146655894064638890248847147262613964381441126228709421334659643910713624518316970586618075749293367510639099291155469748224441793695501530270
3359445668295278692918595053171163368911176940314176839018952486854474763521930112725702566552800530322394513460585192867040711046728784708978834407127590815763229696
4795697024603516286962284558643699572834738073878408837303087883858983678846842592204591301729760463878858884522403389644668302743207314758381538038024885177067696198
6811926995857489920389966791471110526569401285143658808083411434170988449411465200830181459058560244232292635144007843695729914933688079241163208028084692155950816332
9627608020619252583920510184364500010754142628127475956195669260567419467628665178312792370607369177394544348769300121355400829492289865892928148103153857344124166412
13539202285324528697728221890272648587703662045728463173519234732172436868397888802558175787630651131577156451452367570856647117015349325781817370969472244562755862004
18944806115514862529110589002740490662574385122512594176991888509070139668934560861268910882378963290301502614257615985897798192895071988811202065087829789441186752598
26375813871137318206744270367136812815610542610462741218719313267653210028877964901861471288348821522593579346144647917304838635472593628226573437683373628158161518400
36537300036450168935472853727568902873223023094174467930797487306440391984760651436354562269488274251310763653687150721538554049562280351280804073427013161365610612410
50359131172042137437726211384374713602867119986572480723577992716689067609608046289036918585116138447414469620386923122177889837956958006667914221440770098529116088764
69060159136189603221969660750889690733962623597946399564046446109346914069916925330368809735539481116025242827771136439773745710265517072404397072175246157438499563644
94228205297765543184427784444589248698719091670584278961937994337092644670211116678401537045042876592413669943545215547114582306095302769511663207999167805077691970732
127918909759453520480152539625124715897167647347698426796701192737337291330268762251833800277238166095069772549661587996367663400454761107100902267124013725649185766252
172776872003565759282683998255222352754847827661682670116477930866521601691469260122380927679592994041207330354160967264633715406890380658448130464350210732846392854004
232182825848449637359794915864863610335704513626211569718801947607789789064990313600447364477832140623148170245461628224622704802506479700752568766911665807978552174834
310430841306478479150340090348420961971389390691820809028799411445401986793347963572587087717186435787192311499782626155496729876741047946060302268014331820563288317864
412939690696778265442014348308546155441895995184185636045480687585784095464938102959648475219515485900321229798522033970722258697596984986619535154654877319141920873498
546502510594644782708607991410612285302611306560919996250876044347478290083176348168194550794479477076177160119733185916260788252782396222549650125059913830607492457636
719578682271862126900600443346127423846328246801707504570888670434367328975470222731338204937134956548594224274191322020347664997685823531524293560237609465801768336832
942631382592813097626345675660169976351369003960094849510452182845947714044899258911354805895097559111022355563309049760604536106626642559019329012711010010106876930236
1228513462146167876434530018955341254633400243709281648217770626006439291651399662553503793236990109165482770434851744632954421986991746993239263871948149961661528865244
1592903123636223080835692040761379318371641403900352440319601133525265031106183943897800585329189474011180570417719335661063309059831450525632286045603129563944764726932
2054789239638508942786262056397735983875611754046456640441268424749626278082555606819129895687483905162043485485315941504142936699380321540790865112439664462049373862760
2637004010528782593856407541652166046262532935764555479436388679601580118853661567383322961587728532029942122391810074410742764977253172323279855521759421762953668773900
3366797979833489486691947536543322432861676666156873624502551043702636565316051208493141734001774726885040343663288727647652567476680586056150897568327117663416907508684
4276449174708347400821586036106538520116109730642959535757238560698675017292855011972114175033442797929003631998564167786812784419686110010438097475571202876484794167652
5403894330699552716514002354375879295034294616718183124112407522394168749247742768914307758488778819080342536250201247458466797268074209707628270988286714150760944921324
6793365834816421102866704703421069015104211683772426074351069911736675807970972693361935521327507462643050294539580612877814053040457042608024998219929819657010535584068
8496013264681698188986827574572262819940096361762969695382107206941607713778194948643906604404537796715939314937649084578746918424166466428808140547513291380785334264788
10570483349185141292900358487638912757303415112755284964103457351013466025727092337823314266982383111148847502214854073983780920342230957905840322867909172358748954943308
13083427017269707488522161338460259531368223764322017680248055152080401411598877259130655719117372205842991437489852428759913932236447801383256816999662448780611499547972
16109897182824122072376497829133035278203828679028438699700950196887986375846105957170045093129484615265170587433191975509011936062077808520363952729655197948737890406012
19733596337716967284811011854429249520404996038905087246900995653502023860260861376110503983864031270867860254835000597984494237354657802042616144786895414580862808667636
24046929245118063523398717891453595110806107181983194808584769002898631161815612329522832265397218276569176065930547341378551473609318199195422458133998032054500554402868
29150813435356152779431889038231516279741804183485439511922398030713887097492347619666056705923775353828241209887487707731116306496927560861423116707713393036772030508568
35154199225683710655323204845603356240666852104749952043985693655651584397771567702935190022099140229927783610060167617747163787859347122746144954213775400672456982595644
42173252036523686900668431345895635691257452702766192298779375886653829799348732334668003045262807821227015536976231727637471644527768566399550720672282871223003312563100
50330153260886110704735498820924404411084478580942019016448672928577882023171414229208273194050258300574507081268582445786831081907010216764932384648770560322340619143508
59751482208535772077943401837744753151779989768713374927815633776846430360747937917451196619439959488803193156371899417651590251184739044213487547144702677730552905261240
70566150953242711450675855154460956681389224819991977954265118078922369764659322855546763841562776854947893183555840273931230814144807964739296122717638167462246416951868
82902876399258644297021770820708158819700652453452517851297798809761153457989753939833163266670008149272470462784974848565310599861467406068027487377690688262196995698184
96887189535426724345544042915999408815118397732606501255031847769367681929391114837410892946489678975920994667334476918371274267276637810583381013190076254797126190539212
112638000459623250950871096049295885680391062527241188483829846303112875828776997583585259819795182549206822824046633681066676156514063758998735266560055329010101245575592
130263758921268772261196068148428352784416238904119920698863742339375576253896325841815244521077356717358136323652633266832599477257673235553525179443739763581349563223668
149858273212310092835145211872620064626187241736517410360735423261386081639154004450892230896207563196514515073282633495961890149004668412431435950980563690770086775093022
171496274382305071461480375659252494512176879527688732400043947687278283780271978849882160882822917981561668179414265478366142022559628713899175360959356281332493827627456
195228836899186306556336155074588796286296133709501049688033954746555314013302168909001928471281361444366218224340910048083298717760452982140398274788327661960407935402910
221078789787205145726500032553516079052379955741245048588766346332857372196803564032880847585932140459492605754917001941000620223494630731103265573713739636737769017793028
249036272584991305650244394937004796794546837737249068996197234588693031450853540081935712002169308707268898036135979573828817863994598061314630235290827711417323751977056
279054606756917988519107413835612494078048228675017391536699133781822760554588098999264689515758445418692648539820468075894325440811079174455836052536001576811269469425332
311046664056763450734721242151750412193666709998487751966740034285991958944109677265200830908072503092372936056372576063870566256102877987114737011450545306762561813357196
344881917490129828431483744473694106372749984917997009707682938880120337763639644182145273179313159436413684165166688803935554782298969038407888981718975684505496169740948
380384356861954950683193359432605914253769503719486492693830531180000697704178203545800437595209396752130091393301690137881137721776638435746482714142479478034732486039790
417331438637280179608854454778145826327797559724564491666171379225689521069678353570316709009184604280839932853460500353763328885591143877808123039000281358607811720772384
455454218581735003455966153502668101968077958312562136649387764589653747203380288800810886824254694245384019912542760127519663372965400764027339115556232085644167956987742
494438785433290020372038654204209383175147870509661738836972367407892692361107269375780201333714541938287558970537970665180255899628348772198331592711131502244841861616724
533929075243369731557437213559815030885502613696237591470775834182520881293882998329031276783683895430121910345950323928004307101783589024417852673691003045363115940412516
573531100092564568475096504617425380374702640030600546805686443006676338850869073989950698930410502776822868646504006863107826817546525164679910407979230524131284089995580
612818573224905803933533493645164412705078680985181236016771791285930801810312456506997398480788450612292531377929439326623093674434349478053713885088763955594008413783650
651339857309758435215107905753447621827990275206748495722916732823486937487216944084620580668215917906009144749120315540161841930520783567460133672483957515783589782595480
688626105967257506061399865663131166163259073862643613644008992810609375052080726283841311805011186448180738919270372931200285411463101357271940008249746340515404038910566
724200413582282313019921705024868910996347551865374001069090522953805978662763076885038078324113640353255058150090613253892176778131033069036476312219980243924810765837284
757587737606186815071719922741607469732304199951876667196831402876277956582765583305250349528364219925602987928488814924099527713798196794161677703004000913262813293072992
788325313789117229013203889264160251409749356028868914467602272519958506319207886709274530665922820728955415188170423451777328935442226319834435446059542885119887501688780
815973250674336159526425502207312349220819166075254962570046009376978383737563321708856326976935288406689802921115952750069273030179552754217339317746969362300419145749240
840124967419377460603233973506527268538205548667461018327164332780016145263707220630143904428072589192669167720922576082233511265511848089186245404272214156250554669505388
860417130258907966220524557371922448465033775320415061341173063887039124321831201014235384391986108398434063488516574923312817671668377146309345911026091431704131084601930
876538748708841367394622307886516847761378458658959737428587419526392092080617430023259748872439128067932931915279213070900082071941518249512097947584191986855897258167448
888239113205388536846063273773698133004311501228386995299192438191889965680799677025726671818694009100924087252190245981252724453322503495520706031509573233659087825946574
895334290763293014038105847406030768522037360594036150804824674082836682055983575285708753347810611265678597358581495047529175546817108062529706903965759317216532979865044
897711943128093016490876286482703358808285159335281062232086831125179308972824409520247769592541350745255044509697425977553698598431218029355411662435220185580808052928396
895334290763293014038105847406030768522037360594036150804824674082836682055983575285708753347810611265678597358581495047529175546817108062529706903965759317216532979865044
888239113205388536846063273773698133004311501228386995299192438191889965680799677025726671818694009100924087252190245981252724453322503495520706031509573233659087825946574
876538748708841367394622307886516847761378458658959737428587419526392092080617430023259748872439128067932931915279213070900082071941518249512097947584191986855897258167448
860417130258907966220524557371922448465033775320415061341173063887039124321831201014235384391986108398434063488516574923312817671668377146309345911026091431704131084601930
840124967419377460603233973506527268538205548667461018327164332780016145263707220630143904428072589192669167720922576082233511265511848089186245404272214156250554669505388
815973250674336159526425502207312349220819166075254962570046009376978383737563321708856326976935288406689802921115952750069273030179552754217339317746969362300419145749240
788325313789117229013203889264160251409749356028868914467602272519958506319207886709274530665922820728955415188170423451777328935442226319834435446059542885119887501688780
757587737606186815071719922741607469732304199951876667196831402876277956582765583305250349528364219925602987928488814924099527713798196794161677703004000913262813293072992
724200413582282313019921705024868910996347551865374001069090522953805978662763076885038078324113640353255058150090613253892176778131033069036476312219980243924810765837284
688626105967257506061399865663131166163259073862643613644008992810609375052080726283841311805011186448180738919270372931200285411463101357271940008249746340515404038910566
651339857309758435215107905753447621827990275206748495722916732823486937487216944084620580668215917906009144749120315540161841930520783567460133672483957515783589782595480
612818573224905803933533493645164412705078680985181236016771791285930801810312456506997398480788450612292531377929439326623093674434349478053713885088763955594008413783650
573531100092564568475096504617425380374702640030600546805686443006676338850869073989950698930410502776822868646504006863107826817546525164679910407979230524131284089995580
533929075243369731557437213559815030885502613696237591470775834182520881293882998329031276783683895430121910346151191183536680886226334285960497999006278419585965044825188
494438785433290020372038654204209383175147870509661738836972367407892692361107269375780201333714541938287558970537970665180255899628348772198331592711131502244841861616724
455454218581735003455966153502668101968077958312562136649387764589653747203380288800810886824254694245384019915354901704972896355163834425624373669970087324764055418765150
417331438637280179608854454778145826327797559724564491666171379225689521069678353570316709009184604280839932853460500353763328885591143877808123039000281358607811720772384
380384356861954950683193359432605914253769503719486492693830531180000697704178203545800437595209396752130091456574875630578879821241395821679760188454222358232200376031470
344881917490129828431483744473694106372749984917997009707682938880120337763639644182145273179313159436413684165166688803935554782298969038407888981718975684505496169740948
311046664056763450734721242151750412193666709998487751966740034285991958944109677265200830908072503092372936846584359328229034253862736895881446801743867499450938572808844
279054606756917988519107413835612494078048228675017391536699133781822760554588098999264689515758445418692648539820468075894325440811079174455836052536001576811269469425332
249036272584991305650244394937004796794546837737249068996197234588693031450853540081935712002169308707268908799607867276078057228499437823964387254321755442786583705006176
221078789787205145726500032553516079052379955741245048588766346332857372196803564032880847585932140459492605754917001941000620223494630731103265573713739636737769017793028
195228836899186306556336155074588796286296133709501049688033954746555314013302168909001928471281361444366336514264224040875461912673994399801895139195106000906600140293022
171496274382305071461480375659252494512176879527688732400043947687278283780271978849882160882822917981561668179414265478366142022559628713899175360959356281332493827627456
149858273212310092835145211872620064626187241736517410360735423261386081639154004450892230896207563196515795275426494883197939146143207508039021868853475867458073784088350
130263758921268772261196068148428352784416238904119920698863742339375576253896325841815244521077356717358136323652633266832599477257673235553525179443739763581349563223668
112638000459623250950871096049295885680391062527241188483829846303112875828776997583585259819795182549219368977159539816117814839015886985691591991842535294689486594507176
96887189535426724345544042915999408815118397732606501255031847769367681929391114837410892946489678975920994667334476918371274267276637810583381013190076254797126190539212
82902876399258644297021770820708158819700652453452517851297798809761153457989753939833163266670008149390904002169328177336906387409982828119585809743091487107074858036744
70566150953242711450675855154460956681389224819991977954265118078922369764659322855546763841562776854947893183555840273931230814144807964739296122717638167462246416951868
59751482208535772077943401837744753151779989768713374927815633776846430360747937917451196619439959489858628712004574497751981653758804459547031101657972492182023964778680
50330153260886110704735498820924404411084478580942019016448672928577882023171414229208273194050258300574507081268582445786831081907010216764932384648770560322340619143508
42173252036523686900668431345895635691257452702766192298779375886653829799348732334668003045262807830288209368221429886484647459764072320430234107651471909554211289834396
35154199225683710655323204845603356240666852104749952043985693655651584397771567702935190022099140229927783610060167617747163787859347122746144954213775400672456982595644
29150813435356152779431889038231516279741804183485439511922398030713887097492347619666056705923775428572799591378078960161048428291479882340191348545220985390624886713880
24046929245118063523398717891453595110806107181983194808584769002898631161815612329522832265397218276569176065930547341378551473609318199195422458133998032054500554402868
19733596337716967284811011854429249520404996038905087246900995653502023860260861376110503983864031867849751519919949709204991428073987040196949731308908430208177478219252
16109897182824122072376497829133035278203828679028438699700950196887986375846105957170045093129484615265170587433191975509011936062077808520363952729655197948737890406012
13083427017269707488522161338460259531368223764322017680248055152080401411598877259130655719117376829135559771090770419682996607302308458660848490250801400035695090425156
10570483349185141292900358487638912757303415112755284964103457351013466025727092337823314266982383111148847502214854073983780920342230957905840322867909172358748954943308
8496013264681698188986827574572262819940096361762969695382107206941607713778194948643906604404572645107128528936009657155075666459300437879278835647320053226230490407892
6793365834816421102866704703421069015104211683772426074351069911736675807970972693361935521327507462643050294539580612877814053040457042608024998219929819657010535584068
5403894330699552716514002354375879295034294616718183124112407522394168749247742768914307758489034984209970841057584914296866872488325481784249983646779463644555143441132
4276449174708347400821586036106538520116109730642959535757238560698675017292855011972114175033442797929003631998564167786812784419686110010438097475571202876484794167652
3366797979833489486691947536543322432861676666156873624502551043702636565316051208493141734003615411798178572642697646787832323520136147542279643465191654742492374412236
2637004010528782593856407541652166046262532935764555479436388679601580118853661567383322961587728532029942122391810074410742764977253172323279855521759421762953668773900
2054789239638508942786262056397735983875611754046456640441268424749626278082555606819129895700435553831178487478615875220444136941932605700687980543019063521077990013800
1592903123636223080835692040761379318371641403900352440319601133525265031106183943897800585329189474011180570417719335661063309059831450525632286045603129563944764726932
1228513462146167876434530018955341254633400243709281648217770626006439291651399662553503793326380008082696444910055076754498197040721974182467064198343257830671958866396
942631382592813097626345675660169976351369003960094849510452182845947714044899258911354805895097559111022355563309049760604536106626642559019329012711010010106876930236
719578682271862126900600443346127423846328246801707504570888670434367328975470222731338205543158344994522347568503329971078328390035526630535061992719319526468191157696
546502510594644782708607991410612285302611306560919996250876044347478290083176348168194550794479477076177160119733185916260788252782396222549650125059913830607492457636
412939690696778265442014348308546155441895995184185636045480687585784095464938102959648479260534152270241683611619378303462603626587155439805087259514250777461055822874
310430841306478479150340090348420961971389390691820809028799411445401986793347963572587087717186435787192311499782626155496729876741047946060302268014331820563288317864
232182825848449637359794915864863610335704513626211569718801947607789789064990313600447391010998751009912117895443047738158762870339636193084568053508725959037107382514
172776872003565759282683998255222352754847827661682670116477930866521601691469260122380927679592994041207330354160967264633715406890380658448130464350210732846392854004
127918909759453520480152539625124715897167647347698426796701192737337291330268762251833972000442573403139918990933813751201693415211410812135877041238584304953799965548
94228205297765543184427784444589248698719091670584278961937994337092644670211116678401537045042876592413669943545215547114582306095302769511663207999167805077691970732
69060159136189603221969660750889690733962623597946399564046446109346914069916925330369906223726602990170945522684827813952714018657208146118068363102245961284199786620
50359131172042137437726211384374713602867119986572480723577992716689067609608046289036918585116138447414469620386923122177889837956958006667914221440770098529116088764
36537300036450168935472853727568902873223023094174467930797487306440391984760651436361475127452414893624406800099184283680583846293003339974547347796574328813695452858
26375813871137318206744270367136812815610542610462741218719313267653210028877964901861471288348821522593579346144647917304838635472593628226573437683373628158161518400
18944806115514862529110589002740490662574385122512594176991888509070139668934560861311971463626891320309515192873216885903882995912501200194788004951737671647144601686
13539202285324528697728221890272648587703662045728463173519234732172436868397888802558175787630651131577156451452367570856647117015349325781817370969472244562755862004
9627608020619252583920510184364500010754142628127475956195669260567419467628665178577948177425792961119576996382391450974579418854505445731926719020794229210719133964
6811926995857489920389966791471110526569401285143658808083411434170988449411465200830181459058560244232292635144007843695729914933688079241163208028084692155950816332
4795697024603516286962284558643699572834738073878408837303087883858983678846842593819265200418293348809037003506244051966424769282888031860502164221056930150533492806
3359445668295278692918595053171163368911176940314176839018952486854474763521930112725702566552800530322394513460585192867040711046728784708978834407127590815763229696
2341648225561272029481832146655894064638890248847147262613964381441126228709421344385329913092350125896685060860543896178243541190019152611048212970481613546782209182
1624119225666459179298935175742951732178038674052942823806467941738675896214141422186433733357614538127684460638472642001372812703379927460815631270254290168164951404
1120883591603536809460942901203653553555280193896911838681394853984334779859964944142257393293914982253721839116749671960222470681576810463547761444306442961891805576
769757006615509898285021433672788968416423499503253380670030800778576063306031119400869479750800564184571271176022708018044115699045093621597180268251175611266172612
526019160689750974551142484328711279318768731308969244457278415180140563066401866332075517401917339885784233429576246301728602403180973191958647456818319969190995416
357691439232454274976613296029497707529901208958063017255188187223992092085077737018445272772971953642579695858861133026822309464857677089942469289167335904405533796
242035431501197047747397185942915213814887330625205092421990921126856543909580444523032946884128130625294212613347073059543000926334583139113161959603447028330983966
162973566966288593524670631493162331330295784529208025308106948817036419153806736511560243479519197432037165315776630550322660237915735639990689057252140460446960296
109201267182090389652689005213260696536643174612417981347785026026302769163673147886007199841864515316407611187243753293584147320205279422859696489731251542230615114
72814015593512749071399960379049158540943036649240307849672666629696316320177397565029912137916280123467439040275497329685455921655477849786103738487924071839891100
48315185753572806176186920431200236489789128884519632968284245852826040795292414691331387961594630609592881700692342460904420531954615556543029681734613121369353496
31903498892349623337900320026176165302187618120396872633004152247539008694802784110542854978758739939111488159173556387526814207808933077873288774921801171774072900
20964458335461398112476535811217181959681972616102199671942132727807288682455404117923273255885236763897826720757419439469888203788399841637397107149778529992941650
13709587210265203477496188732489829917236009312973273021156550260667451313398331093058708741704454218576466231118911002234297841236689242044852347358063812252463888
8922063310925879181276156905315593981192272380436601903033481912600337161672097661530907196395737145721874875767607047920788441878470166309910748226118851615779170
5778448592877829245142779240958738472691680879037810279645679807257892567312974006397115334596421258958860188275477390014783292096680351307773015887074889548498580
3724492762041109106246324623639339995729000177803705356536350132010218633418056310602342913451855102242116026788052768425549343514018719781411773742290682893378610
2389119609308180632307832382758183334616479451668600001408715112422597123691245881732288110935962654334036267395650152103624985321529695845655810099729414760908248
1525206098955847949161687634432788866028187357004546432060587242358531714351518901409106759676845981082226721443000408436463596260590071325975839615038753941343802
969045377592238513896809668931031387526920183353575056614304177803891565620198553701479954337490644487649374592983607369374685829167817824097684806267982318384100
612759070324671467545091649701613398457421178906001609192293307145834147196501428673630109903466131732646162406255704693206765326913009458037825268718670029908990
385629813850267025235062414776331910693133694655853759426373785831483662246784654102200366920453824216848956299371921929129956368248879818759120705327001020853960
241541576902858115933526760512885323625414497845328464002755979200882629281659392849242367069273894552994582535895636054285456461828666812708264329951402215705146
150577092301835497490712464142429003004667485940909173434698102972304949827397330858265697825916290404838304999098137160045399816091308235442684345570871466294876
93427979903088652183347619066869550621136522943126251258542668219130108298434650677973109418993930208677347197331829778240423752966246821222535174049830329195510
57696761316114615633802073035645876384376366230282838394675016289217070670353165531177305386500251883562135266965910460084869671422638285434989910401797731884648
35464004483101929833594197672344471144607673833282117029986578374690099727538253432903325331001893705176531800387063416998069571010316468570127801809752405823944
21696588922014363709971446380038357507334193555221841239410461270620576116967870432031053541204792391860103361124922892855944167642260031241986483033967242958728
13211984057999398403755587826760346471432538262652754983558221661189475603902109147641445375601091582383844639022946866210695273249024788893762471292549528193662
8007982416724883171469843593797108557433535546842992306724672349712195346582911481332816156772552738847801518381336131123350949232041802888193720277133955487212
4831281251602843949376729387620929055964222344599299818576253813665285200493157156866807980477071183386271936270112708273566743146838439631747709545866159875742
2901291554234791952662744810150460018620634529252359712842360609100683622713656022216789919030323334491241105525621383890023357579621542504111741723028711263920
1734267269751488067290772349790601883550110190386414029195647885174574679461123844994237328810346803228876975929697140514402959719070153681882940656632295307864
1031910647825351380098333250679020193992610740734913656369200100732189534132835731200575252998061895746619380408161298113798961914645073122740577980095522840400
611188868445646285891970297136747775997515925984813919431154190919682231998662579428892763120265834662279851465832220411415326836346669806732094868058870652876
360347880611517626622392553252711095881894507804586572291326634113634844703039033200889617336646651530124613258227958439906771165887329925066729703190455916952
211488946580335325683902316540995137259975432129590568326767162389280298109559856591009361675015412990879805032729990577699884635392294660787120378041023267426
123560189776629952381634035582769230984035949370418440610026891390090225529901639526508062271092112124222525069285265477091366077100121220666960874949305044132
71862236424951112319251424211069799587123594307743985631300683271679754195473255682391534776355696260186535731013333238307786710018068092927921660421548698062
41606414619207963291108251239558442779263005577402452988534078556639826989601827647841897630089741418189009429685589491781073362439721729066466712295294187864
23980787697647268554357054705183536183305247396870360370640204154533385328113584089927921306324473707091087136964771065877614941387739465801379467460127666508
13759936304716432289292009550081290633844244345652705321765567764106854429747260507120396942620895608219018489939954155151591570538842494324729266733531500064
7860053897067357352598878940836280702975042047086262121270517504318032686997250984516386837696334421306531911615801042076061182178579476106773035423372037010
4469892652765836441444625786266341511257455114076940511946866589564143705688782320360276334018513701702777558628382815686271536376956076685161294916460318476
2530681750735430265953097676514995816249666919291681054022838932004430660931455990571724272984309050110148375395720310208558735421429920970195220846740730798
1426439313220220748553744409310127721668319618430804492369936236450552228219459889223054350151365889555681214765589008379540787413992330932794648197168907392
800480768978720574251223894877295773539398869981178128947255728488531247451847385944679943192441024414531257231920500620676966587401600230630131509295588264
447236157439443632996766373574144213593873508492118821180632744774005536584539043224947191482645604719359563408412716374397557858413937793573191933744427344
248781414903755683289289861399597245113278150540975588708974354417061842950950929343069819387991821942280179516202424466436051553323139350214648320339261312
137784592322890645607572779808778276367621183945168732708653877243177586268021027342827828599366367114174185354398870868218302142854180973843435046821208400
75978690452947838963254826013326074337789222166847973548656724700587915570766997111968441212489452432953131229184450771594974099216251690791543723353232094
41715568289171696840366230634176958754544622055979475477026796314190678144115432056636393379517215697000899064114835509491562893728756662299580908880726468
22804816332069644904479085669390173903153732672331784961733796050801989003371658643614018072687478966057155630369677050287320816988588960502547298246613126
12413205520749467421731190400953088695703818648482840244914245553880208541480720292786069228634730875075479288650060418952446913427889291286043903810591176
6727864267665563561938189272314600066616525680913637169627403175842910393227049672200941931757887353480246664362987038791006509237317786141218344747011788
3630892724078197158358761167186233501401822573680978976335964580575446606485611816330186823703741145346551077655488654915817081110521526123652504131095664
1951190204870375749102080026133731338327313661247350727263286471824453465865523804435280512931869173910288888301712737833199947379875700652084980196399284
1044101980895046161314238264102005807737725161493743856445747427520989414694178457357132257748573018837526803875187103043100345495946935253050128933449496
556353142814611816975037313421141394454679294844069563153390906774255922966099264484220344917358348294524671329141051560533177515893836442730037345116568
295209096710435381479234919605123540566415727737883958206276616206241417697483440804422117547948786779408678419799803380548136725682599477417231127585592
155986783487534108997451455427502810226022280914491685948662835863582156789419251992547954355529918280275693502461558334160731119288196974244095059354500
82079012303338218173212727735742503272137846575430850550166011265476852494794551051261553809069035689508978653884955882257712314439748060549972599693040
43010068261917795292454917559587867345011120008095035272785702014804931890013781225265801405923312459106212605652436990459417602064655434724851151150684
22444469134582520395694201635491981817829443289461357168288501831433580042702367593566995963437369471118836100960569475841777414217624701612556426447592
11664263204647379335528961604059896288270878409941648719071903890431624376260731404220383262388360111763858758862472705141218907200351247337204537468433
6037007166817486630636790539107162791274152670823886067446773440681069535146249318522555157477332139121848361010947864202262375289296790489267899139746
3111789345498686305963559679558190009088367279813913054380746816124143837024864686297660674883841163314974402258357203983678440596573715147169953211237
1597462190282558315531058367253128362522237910649227855793634487562655275347636485738346344112121564564655836313682232893348536712029805899003371485884
816753009926485036128198501043961655557916620207690181786381643700307512015851027210691423392101422573429369828108145072782634759498675265556885834062
415909261271066529007857644140932765990656242794807787085118950076602307446576051928050794913473665104676824579436298323931130117793445630797523679584
210941555442886474684087879158591871029815029497370712879593765602875805686250560649434269904256882641220324991047952558564853635081236216568730117486
106558843571305101469280405529181029679106999313224567161333797812182814788426960086139232451043304350217047544927594221898412854145274540469828473932
53615311877473446716206614003109156592697461848919889335982540759105386834678414300418564408729037928012224341714016090274944245767855099711036562841
26870047146560365999806452965462025895293966599186624463425002348623563524200604308657074361817273703292704764277229789230734990395079672222521570198
13413330862378461877076149079480631320863167600679619444397884207773869522497626973172490617519036145248092648871919276516535867006180526303958070793
6669632776035189322447029605795171460692721968903821616831562700634270061442179310258107584712182835741535940285537995774720792366947582923250335936
3303488845560416206961391591387909161209692327829515125908438280800077909063168967315493471234286713594393874279763358775206595544289110903372981824
1629889149484912898191575195723759833750936157953223871090298001313543089151358614521316398254623049707170620989304225213549104343908514189115682568
801062440485738802400299000190078151336290450669534871206435000092258303787569505626340512911928974711676410223737076125894499181085486275176690129
392199140309385337530307460887899840326357072181775959134351268464531112723445854053204788764626255448831718774336791545301458231070534014926305690
191288069035266888954008388594670886828227508963190912428083275096637908922063048759279618011036170956180515543809509848144634390790974064984031235
92943547290501561478952215388833989494212060184193152824845153530297029396483919100513736636986647616611195584942376815958033292529286550063898744
44989377957476540788171889935973103969901509152077772422075315756884427950622505726367665163479393869542088302832298597529265295384973980703950064
21695493100326750316976623623939473030597084517611837654291637721797498430383518532744519860888876722257372173389419046037473913650165507525394728
10423352087244730968194516786917802560555639026925737521751875708190310768647753279108717117567998547477128905151940043584366544806020086833386594
4989227899964461105334941218288097514605874953284694966228378340922394055410355893001564152246404838252014274999695343226631493981152145140727404
2379343771647546609047046708434719495258019991406956967250690684340755787346709949260548157108918014702229180862951957202261656027164877631657877
1130547975664068496037068121296828288732151506630267675100613817378974797612269698764213038155895812201108691644913095386543248771720340471172414
535228163588659067597440135086054038031670058518416696145902986010884454102475409093389167488692639569576943801353680140692906354157480159246517
252474469625304447108561341362254628565026566196954229120004772464352748544905951168320695795026664973842890955908238648363217324276480678821240
118668406495289429983726972247329256702407513787364036313538027464498850216965086968102062056591049451759349422620223850883743279879746960467332
55577968047792219175170264237002018738503751069101339357109015059761151490454214751046686633300126474774331641586892706363747486387936221852864
25937679450332707509909703658589921899115033011961972773439971573614837191324309963382426947719682290517904778351586632046492660373640317525325
12062343042307533323890891981475573521860221081069230262972358020313108592309219594962812459493715895476417597722632681668312743615458915310230
5590050866271220024896382748080855738147631564441021250611814450673348556448432236332493891498275769445267896151791503382438241194472889282447
2581636114642750236784644917187626609908524806296770237176491869648670425966008129810452018691053110529714506367741017407499202486716827001616
1188177632172507035758662064814120076996275464134219286621905470720039271204714588890703732458327795884821884885761755994658215557399936692121
544987988033098978532486428072724103973902988228899693762549311599946962418372110717798170432266550846927122147989000917590827629858645919506
249128886886205473073220158142210410235582019151182538234269654723663824515110423983827271895459392746277215035381403937044404326717269096355
113502515209065227191335562233234813992942595302145615976343518043283652792480661646035057951918368416545051779784731154239327899094922877632
51539953663752969565448192952424263050554251634866461623760033981233240675000130494829142677189617739509303358606520774541255132418891378239
23326676318755452501537754094592178160920431748611626056582941905593360307469666994871348133560563952145299502474983021280087681374521919442
10523141914903171984686968831449076686388692610150676231814029132581699260640707496000117275351063033082517524441414838102204179369905774383
4731898304730386975283368471248254840267943284625637539325144975109386409497405695578168028409027784712274649892122144053354230189927688044
2120980788988777226605263640622393349162756633892523311589590159563605240842388023256774090199457454016376865502383285311121088003284054575
947684171630288381518351188547829026242421818862092868357536695116805434601331367380366784465615598040023635485719579609778411638864979826
422114752827421881758210303353560894463704132781770843195974953943715115973608605647272306308347654405166090110294337466289140589365630420
187435625125040382867422307780811734977714064601795390856150766258560262043655616238742274784195867497945943658191426561747931612215611054
82974256998490739724725956605840989427140218345434447824821040691399455677437065366723674945388477051089767886908493636557001049052518843
36620086438143543802344369702675567705855114864082352960110856571872305295541290073953105601102359264381921146678900648523853121696100680
16113706453363349135200350004998579042575906937147884780638807676307285365015282016225840323387525324924853383710832003804801305205697157
7069474365054296268480403497272329970576738190399478038505971713087386246129809455514755191911566166959682456746979038399785495061769626
3092502405706306603037426453699972025778313589067434344361724078955357159790472940265412066017863032334317052886392779154580743876517846
1348900718124663456964782003135326855878615267176957157557357576923028192513598725501860618590793977813253292927633826552852558603994014
586695559588097194482884322444683855742740964627524715565787787787272553269513007397356548083934491463979911338333236590706945528255662
254462857451446828494241918818656890105781107465745313740757003431354451874455424336302046820742973825164141986261951310546799709719718
110060301177429218415289316414217004988701494713912877980618087321496663073272255278979603531394482271475582883482566883695356194860537
47473097776755103064000292499949139066954780497344729466474182719192424463631307987222736548465062072027224738918215644818158943351100
20421649477384146773951439939819839604170069624560140835457477090318351614656494171405645923745858016626116945352351407954768388631421
8761452061608319613833343498097338225877344191294875826082175122809562329698483598869808182897695708558757316047424544690380490487950
3749029402072341917877811825023104335600724479753755086353021021780286078115407706529034934989622761792960080917771332198110551026596
1600052732662637349964172111872479689500734907877886527426985758476557415704406709445960770302706110320006202833498142616776514875454
681141477875369092620873162269277107929312277386839474396422638081633674698089147378323968451886226316483809624165916214087481990327
289229408815756965798760242914502302523130154809675865888531592193943923419915735922680673559035041720586472960448594228260397296900
122507795684361956475943024417236575528283525591000873863374647464088233828396779931779340025417256205390085170679834606852407500875
51762435393218780758572254466742855177988737366277478307618072198949961398919283551414499837894973832181895050722251247263621888966
21817668647614569791319009843599959184245998932181935241501799402772767888803705864628375823641029682813251523026782631413989051688
9173962474060832100495451981609238700190684996979855342228545215730248388030248562106918504965343378393567194575647795685524022450
3848328606711149003168340308253084830849015715068935601521217993741597336385348168200339373161639632620993803005096424897827424960
1610514806549076728334131269339625346108806346070975614913421924211201159526603273005393064511376323745510328437132672369543376970
672426222876427848288018644470643492638743517319604567515182579468572387741062245678725947099015087813304204994194045677855166627
280105066268401053240675542921313124536673984703200979139920893353339148231770881784000088556818727484633894818818496759070086832
116413080621513443883867930935876227799729616821119251318300569576444025928768175108055753600033926275168526529289207689716737351
48271875452813536633351859305966089297609471917085863386463289182585839939934556350286351126302317910597953230991394591334544570
19971199427473769254109731311239345704820466687023834068332671897121392911280846698856325439263796358868415772471313374521085734
8243974117587963583783335785005236054900669370874198627994913939118972179704112263554756121020443777092883220256669555609506674
3395434479358805862922807338416435091909183440493935363747641563428324609927915269270780964065790348897127699809618176554118468
1395349339832145093296552751207133182099188784335178207383046989166823048936935715659763571187701012551037860151016967720120522
572138027555019182556429378090358553335364546512779449776978285008229318377799490931872095874592045886096032649163424926753356
234071822682463779882785532830826832262336073993449786516762156528657348452631117770650170117699553759035348021826677884987414
95549163442645221298825799253728384745672742042699694775495143867602092068725758199514290051487468474979688206690000298563484
38916324204574041104772246305176398387161154304499887670699778862253389295996844923162558034618301696903395888449358059343478
15814680482028807034772966801132989775367079812523423792470219443154435100859401742025170131127126357825657365588644208942196
6412213990074901860795843380653388488440005509703799462748188655689770059403769710562757172107910850187517686096565093841610
2593992085093568331075489139452651141925277229067735648560171878963712383828304140395024656913927917292988090353311577208816
1046972363808292181428484269525061537359510067006326419358641152365915511005151359340410134009237253337209435101043620399194
421598850282873404112126616991624251588757966373941261235471509548323216928384585436066431959609475291195586870716152718296
169375964088852181407750704946751366343543937038867349932278362516458939318590882962241420523108720403555491926472236288286
67886231325414683818545637202615476008798119984651041952534665285155744241531687081151765156769752932047678235950625805316
27144225515392212374364639932219183891274768826433240276083844864824563643723701206772399161293637479863162044072809881638
10827451151121522362079568323505242483109293041644761889139223130516677199094120841471817876502823693951234049829723628958
4308381534204871336409035007088573986485830378354641279664274952116358862873284883240003793243374974346288685493777328358
1710118887305086805663562220437856766959977887893647586074463126815391316656914004835819455444711931591983051977056091264
677090530123869528763488957098433533052866934858721388902315546616131292485313351492996244616201190521439527018858903894
267398234252767751928621646483631681191926884289990062387191299358184532997477926431148923124321976859661950010162332476
105327988024895088153361614242862293449271770344534123067913561632996242774502120379057859175292337659060620178415360818
41379348557196077460769014171684565625251182613220937241968218838915926337273182744035273331509671344917076332226153658
16212811481870856933820525136863046222229656511268673450687030648064846992288502504791334582185706690613025769400264718
6335007663654016387081787718960324540002862298308054603216980685372124289983438132226427978202653186407590587154162810
2468473570331519544357122320576220497603248669164219289480020819498692176494309871609850307238006489315022248564201006
959135287192906199259065002956496447048928472575292251069435041466071867741945951405655299729232658862659530832493925
371601905192488334162098191203823953070452213866803540197323115033666024362008602348198152975712125904485043708639104
143548438431434914205236333332605658881026972769448958394848042619083377035797538233517806104115568046440185806034617
55286151401251245976137592107208704626598424745528217667365677435674828493958622660923059815300148080141191364109134
21227836694892158691462211877377861310914660542197917003142696851080251870845186107850970794899439908407302444887106
8125305224616852667447976425212211239447207499928319897196644595938440476521157120016775988982757628787337432861378
3100207843727694186464779721816393553562625485826037909091491515250323047400569755909149461883594989624705625936880
1179044609602828486713701591923655837831425309881141539211792335437468365681017293349928178825520769387733893192326
446919539953827381679901347039056529006949999181926951767466516581743845260538964653324165496063381202826147106481
168832797271435105917373700694952904937812207834537648252991597175479946825732027648076895385114589648653715628000
63559959221207280034226465439020010887292557874680866388744711098831795980098934781571754081561065560751102502607
23843755766424032629211564412159974479205649833961246788460411693997813092210198065040808636087551323005074923354
8912564839068807668538402589411067278331554154102424702190330037194292228860234166817502335466971123894704868788
3319138473603470966675316417440315290007982760818804020550686977902199880178177126984176240779769460746721797706
1231467795639984903639745061035605903652317807315200133710122147952241531845429487965621067817690734614216752523
455131294157493429754882973618157710428585784506726944070791989517046927569601462303277877431673152862446959972
167559857875706617997381113813365960598470275256922631621693397368188328353773427996022962807888420650816689905
61435916197580292921099468413906314303544996310281085555602228563940029315448909816082643646357769898505123014
22436844666952052978890036675809309380072447624574532367351835560420740553910219371350207490065995826738618358
8157960846718211023502698484663819601990898429500197685407484846724416931740101686765015156861629579618221126
2954749287892262829427358654860390662059900050670889269050852760378912342257621392034803171104265598676779658
1064876153659544966605120794503844918657635869347676813954489834129416461656222112210154524957233567204958810
382472814484069543282728427780901997685791760409838116043847889946407748996916591979932773390289221396118587
136535055966435751186149439645566457801466802098941616334783822474327086967148787042141712501929854701249316
48647258189596589811671898287878315958599053909524185821163047380374871718122080639830542105515550857832705
17181872841882241052620293528542051420125506486949113856761667606921629746787480248636407069116693479688214
6081791826615753386090653271452549023068708799692056412242105315728751740399795175875592732810959807536034
2120388650589045751721797944737507046220722855163405670304222067378983666117869682061121823607955161159110
748821981944437841579991668732280431755888981887701288650850617238889134955724041312603399718790746247673
256389091484220087049920311238761107748492031886427263881369184197428568589452828183070675968438584491236
91355305021203125390788022347648037489573229885748870574485340398252328105188921640833211133894341748051
30347684387769175855461356566591721424329917254879163530848706249594231175716447150646435972487652421514
11216056871724670218349992051669778383032157916445644806604010418025958948196003888398432076768051255526
3512998821010361547607181567329266056972930784290472335534473404141581395705040505263228119033427037710
1434451333859974773098542368260845741193752275930700186444930823002365602580064657820182243029732709906
397303369530878548527630004502066817939900827483421564131315081761232488229686145037703986732186501350
203086635384713788390446530349319932998172636392172596287943441868862952894927341391919633670988978017
43853450101831531195211639732029731674210001877006752188985650045279912166742844162566254003614349092
34018109412984288233750791640568367230694280712379949347053826012234810601830424985217838100855747355
4718971637810998004222703204606021281206370601758070184182940355136073319481545135008509122725706154
6845100274069970891729316762569778644751985930417387967180887764417441921516527542052467331093906080
494488782708056301294882495410683768047283087144723413084600292717565471229779912164289926477131122
1569478936914259503200603061673896300530326475790157942156149468827596924556665263255505305632934979
50397880377632447117968339030547706972747404049748987052138055978278829540792387043734265670217344
383142223557651029113963675815737197948709267391359227778842896099820364518761683339404606704839177
4989687618865436382778233018443722625179912669772256729914577141585416289022837048014129508043030
95237093672030508586325523028062797270257497021830894279938366684879984340933097319066428920707804
479264079993329708817320201303334001857072172442648449232780970516005409820660656932277404349770
23587119986224377186949426451265156083805087412393484930794314133194419317711202378002011977113014
44599318064306199889350845668627674137681337692145793111803790805111594983228790930616087516574
5768224007748427528094390472335254464344175788691084516606435066429499008442889249908541070731281
4015323874600789227874596269161084545293934338066232173987290045332409087376259307283564827392
1388183032920270507276578530200292108725159547785273934111516444780669187966397183493737685248245
349232588027445968202562988848471178567883963370511605582234228393310501033325785110326574638
328429398658314016869884727286218762323397853588758140217081219398986174480437070688289790668198
29298744027779221310972278493219614052000797114135722316766041135593699009525949867936149030
76380562981916771805753025655645995748052260776300892370337329859978929867499906095027686736262
2367211003859436188629244813117987586358861353920625950544601111652450865261911971726854690
17465433552160491928539585599602269044542306656089209472777391337232307877842583455644364760524
183894115883416595603522720229780500906926348346278165150360769281478065860083200199950406
3928261856201138484404120358578717901976044932480731827971768047624699236109510448669747625692
13712177233176315141423280751271344369398195947567731661595897998049847878071994093051102
869433359701057063401176286336343885132756498784176893088536688046770134505493362649964196002
979700705281172518155403082950644984675180034448168191180133576977335332908781882946454
189445530406441690748170202993965375825591043190274625247945382601166996672760327311892734464
66949236345626639562195809544576492369552934643057252343325136697689807857432563827526
40657771097204668209413088491644521435488712215361439084323050463209048964579212215832381036
4367733265717422788152419134695583544127889746908757997843529131290668007195852946666
8598289669483070909851578931656071481337453571515095245604253863576414662729503018072403940
271515312195110587137110182341913110300755037198018963323569412095279441979109114162
1792610797322199474552495483070457358864907302404534799005478182007598405509427486959629288
16051148405954689361694526775168311970953378886203339653004727670552305330435975734
368602706220938584762241140392925122981891887030943922468688070083004492490100654767134432
900561586414098588740177894067103340067894439232884613937990626676216503793228414
74785750519656469744332760364332961012439922299840341565683745686987272354349047559872076
47853514942040453118539416077466194986607085463742386559742707028022409107511170
14977917378831076125286079103791497830517210979579716567059055291068212962078488102378440
2403143905597906110560253159584322627627905520775511383363056578135755161213922
2962339696646207369867122523559070016005032310919697698839611127210191689130719621079042
113803910052723135848669702257993470390918378298623031676821152163482145329058
578816689231390858270812593403160857543182765253431492895604277644695315449958588059399
5070652968167550507399317096596646418499306509578430097890678364160597645816
111772339471855556937707250271234243033093316927001637233570471216965929139921813034803
212073965027535764465924119882217737538049899178620989968875404024446397154
21338840893515949342818906134172910981511775233475310386629268894021138568045061708780
8305807220065506251940090872349916661206667063660518483337138455628237970
4029002779754996075972013521740490408596671089739074573835658136592316117210527089364
303853965244299980708420954093536432119143429786923228211544352315601214
752578772166026868903891437384375642264899808872695290535501104291222531134841183955
10356502446811730048689393335044941016399859362990098234150674208880684
139110641000359278422614518809238278714839839088374608757418613297469377687108044275
327987242683872176552538925566263587920015590636093917414519796361054
25452877018820261051350225052247180356455041204182702026226534575332268753895370360
9624425110018217942912683156347856992803912581076044916622624275558
4610829060166543335076621130340606201570465122705427830157881679750721092617654981
260907033356796190569194056786198728282813434362961846447599495892
827116901770890418470054038549134301117500434277983325898170757110297326080052817
6513906163760968715369368401313941047304027441516161545125122254
146942811209558868119370966638916938225962757270863039711120518895673491578010626
149285016186215775984636076361219203830200549212499788417428302
25855340355151970460385889836639403474619161734063023540095868767766307390905578
3129648559212921141633580939974354931339933874647463839216898
4505309153306516713776011887264904610801382467599593887095547253652327085903733
59794767321348663209352301726226006216603776086441748268544
777379677768636336900129858418814036251091094748256952431106772036240408325139
1037014930404168367553718829438943662388601996183399210966
132748076784602234038262156367625502114810560584519781632131904525910543403284
16255144875533055873428831022849754969713228907225907626
22432605557710939575659916579857176057984225814909718852586788075430099144759
229219876134812802907620391573778785864440755174878580
3745041655724281827159030817786642612877263459036064924948465188334854361383
2893052336244181836297261124990689777505724810798170
618250925349752615222596160631261405112350241986546243022767904268397621991
32499253007340385428607873687996825124488489082072
100432990509203270769878447935145254510404851108403208070951775831938689947
322937535988988139574921437354492325475980703274
16145688160048982157566976708023072545885690409224829527266410772906695537
2819051855602021751386408294916829050129839160
2530473662388279492968351427108715073115113758467395648975525082376015071
21452326842512817006636254103491538046611726
395429067104731862302809921567335485951407635971632338354851924471192261
141071597679695203142439582839571445786600
58852624979454079854620856013656724979904494633677673500749419661360884
793718810253484778128521577263013879152
8982034801035600160203304216577783136972270470505574087465272853515653
3777072595802537482176394384603974870
1230312556697830286333146073955283166394866025648830818127401579143941
14999035337594769115080747991091732
187397057152704878100164429643856906763801356641301232202954424971470
48917961420854098728068629475144
22170987469826781529394550452788406362856006301819878128769552490460
128538050966595155463664341248
3560515724399030976503536323705391382626889153034251373039927325251
265770836472805995449969410
321171174383961922355655360448920320166424336988731726379929525769
419754128368490847291248
60501468450420399341385426208221700291617601715132380080673790412
487243066115815459744
3288799574831555972681068167237731911387003716712348877791904757
394567955196037182
868600229735867337376541197225784047994579536992751805368587521
206917864893444
17575884859082706138740210384981465965086595244503190041749218
62626330928
9139460126723007192144909400190362301845029527139635088010106
8930404
71253
378
50216813883093446110686315385661331328818843555712276103169
