0
0
0
0
0
0
0
0
0
0
0
0
0
0
0
0
0
0
0
0
0
0
0
0
0
0
0
0
0
0
0
0
2
0
64
0
1810
0
37744
0
701476
0
11435888
0
171210972
0
2365767648
0
30667710202
0
375302614960
0
4370096274634
0
48655930996160
0
520429140435716
0
5367010033349040
0
53535686549483660
0
517916028865054016
0
4870882341421784488
0
44625378961766577056
0
399003399155171692440
0
3487375194638472710784
0
29838973946707647714216
0
250268474617748127967968
0
2060091057355469544929472
0
16660918232189232968133536
0
132518445341517127154831910
0
1037560537985607905806909264
0
8003321035515166253622809702
0
60865894024947636840847877168
0
456689535597483268115296548808
0
3382813418545887275196674398592
0
24750445442459449204848860861712
0
178956075469982937294702960056160
0
1279240370030419920102872487864506
0
9043954406558917222735228523904800
0
63255573328625146054374527474296178
0
437808238082773707502263600795728224
0
2999178788164261790061293189036938484
0
20338656373513377399006333275735891312
0
136550396214700683027226308340713267732
0
907708793115188044533044787120428703232
0
5974470387018771142742439856613768978066
0
38936232461416603819397793308500185842112
0
251246420055294045418352414858779556116418
0
1605151257692651440437375413264403485530544
0
10152454691611830861768656795484295411435896
0
63566087374925352599945614622445808150429408
0
393941774502987192642820135176575270909514320
0
2416222959113323634642044689178192640705402400
0
14664963186957231429307693063496763952462686828
0
88064236938884936336468104852116995730394460832
0
523147439342354680214765752911889569748040779060
0
3073845741332471080868914829595790662791964360112
0
17860665968947762215600737502426866636929477732296
0
102610563926580154732171469226218066737960268102400
0
582752254972780076325074785283371395247641593434728
0
3271068121864200500395629903276080409714234668137216
0
18143585722680196787947830247024438936470457260756178
0
99425279164426430804592048917639147968504535911130656
0
538172126049149600502338259390987478574198156149842922
0
2876770271023892742506703099525262677147038286018720576
0
15182951447179435816279932824340591004690764248461960752
0
79100700322618440435628041069577081334621102831188584320
0
406707647219966820209740928458243515941572160910236124480
0
2063316290131288165620696212657820068122941713187926088832
0
10326024969704300456601741214381242489403685121632605607064
0
50966614872267520708054033951926580833798055289703147468528
0
248041299526429905705439478555806132564063105296846834204600
0
1190000536733679562836406093948728158465697014581673550474944
0
5626699166106442561231556144651687039101468759254575352468128
0
26214474248798146629990329775023657355570776471123117373101472
0
120311241773769054252278925041576450207783744039501553131352480
0
543806924856182716531647763596167820847987991503226862023803904
0
2420203062038751378372849380473607047049880673311405723913522436
0
10602828973704890705212111424447639266089874977910494198711010592
0
45713891589700415204213410032714234569657955963672884089933471092
0
193920643039883917436614276320251475112477192750231819249413326144
0
809173349262500941487659249274678751746637572353248608366436167688
0
3320415446139114328067286747980263804175427617108557753395262456736
0
13395769591562941285631989384877207886884385870015662738051371351800
0
53119968994188485776312039914301029159170331439250258875670043777120
0
206991664596948875237861796487095692134137479366001125832175743821018
0
792396102641967673281238221669418535980044344248146974480446478687856
0
2979307538405403185008186727778444500201270570330268066427583907557250
0
10999187139741952418533998531349765137047612141589598471823337019009936
0
39862679361873935447434344753901941945706182604933721707191587680267736
0
141782010798184651856120162131566032699527469968304171399432313132771984
0
494780318657007480080206790699353197585920775018757255094599495857643280
0
1693667178212069940398360283807539265305573551509872121733608151889537888
0
5685330772480139638347987569976806760300157946366755266257170543017053588
0
18710398288283194800504446837895485013514675454982111743006520259321525888
0
60352829328796756633224428623993543253245579378091798815336475865257910372
0
190760020637451066318411756324120236955211059717129670103678937496208664304
0
590663667803444341739575534868811799536984792906945116752243693638536416228
0
1791202545225159814014094711223036504479034512066278615894184347068461747296
0
5318503859599686669381783194254323854917991964408345918120249249485529240964
0
15458378441266360416061673900548201719584492243761675194327651631748729599456
0
43970160662681574122556972158960469898131326729896711969732974560452907210920
0
122366514681005493461321616419642818386226374047794586881806946749382454708272
0
333095843147644994396563294425176354865149454939970549877066977067298433594088
0
886687582424325446929812859036344705090667945428536289180822967929101981192912
0
2307601028667028653079567451974526112618673769577090547058499703451730587485956
0
5869954535098831694849514050323270743855034606036350285402576208857965342189808
0
14591145832753446383025069267501585904915035939096953561303814108779224152658172
0
35434238290671996606445409304913935861510439051510223808989359806079527790033952
0
84049683297117012924741143453558598293571439789836413596811292151201624433359614
0
194684147203670408731035200364046285743617980671394616037569513102054356888140144
0
440261874769930040635537002430229219490512068370700543755852702293264412560484566
0
971816787115171260608435306287082042307661866349931156696778703126416685504289312
0
2093437398337838196888220461487460189448814819585124158983531079205502877476065256
0
4399973336219903709287469551678127991528074731618889585431763649663417444491003456
0
9021314109310734956285648864525755368010970464967778441188679110993254210795749816
0
18040046710967687833177649280345652819824720939409850254409506435767310499899301024
0
35178344503708252469094057084874729465575168771794696726009200077282065664281364760
0
66881871128687710632912079393295528534030129575619863353637212266203271423795634864
0
123955527028048145783208265582989577948534662265992129549407508676895551198505439672
0
223913884129488035673935909539477184835629462060785900192935434452415195336215184032
0
394176894436948208479565801194163034856124410787656291042686002960637245361087714928
0
676142217592916312842926804789406778196696613238429371948022271073064546623133322688
0
1129972770688073927146425833792124933420871366814086457222239058808220529911562765048
0
1839636150820305243875441076754992855014958473570151645539215208189206148726629671648
0
2917331566713176950331540052705151641739023953518906108003676015997276439688639352414
0
4505992067076518249919889253777929052477425512690616813644082609442595471074946635856
0
6778160433337563855016382899656439899744052568438202014409782496642148642857638256142
0
9929361387741492602531596621022445208694531928065135728263016774193721292424363654000
0
14164310819046654541192926903552452193270354607504768668194070775318075864569254355656
0
19675068772748521940898082911801987827137390340050915786615529936130448585314641030624
0
26611615921040804596064845757939393675475164995382361767420603887244511353316178103616
0
35047207379703728053181697989976703549374592102439283219976524445141272932218444838336
0
44942922208275361006847231549285449676192791801976068280334037686504215658815137929828
0
56117584199143340296061631630779106410539255444687854514040262968480995830233797921504
0
68230090513476183791000704183225470167166576400086338692337245088063106250051911555100
0
80780632143175513785506997532777325904779928107693743980179765957958955238813303966000
0
93135070660049018042545146732379461260249375029534231688788070604339189045371625651256
0
104573014937256901406349030323517512771333905371217929994530425449252178828376184782336
0
114355553998669828311487593566120016714879545699775368924533780842614457964714693717200
0
121804151473535178393014272361461852578642395762235940114723266995228472770971705542048
0
126379022657476789837262966457493875133013753343739701222925741699078142512805798974940
0
127744328181499864937365859745752930983908586395147885388888542161110366115940100983888
0
125809161632247928366018611041776722099286562895007136730174438568815325356825994256004
0
120737347601438346416991355291424199032205682682798187826623484861048017257499788608720
0
112924630723677469574620720279962054435946493070771421966645499864752850987499732487232
0
102947648909415916589559049756280241599596298476742016524341697460813043874194289689760
0
91493820986683382553766587140402413723744586261575999589723979582348515802470046387528
0
79283934593296807059733187219540266019721683688576309867050735260559468517679676027488
0
66999363138117192892030830006961533295955293653900108344738222867296151337261950449886
0
55223684622750714432224663488282968321631721138088454277223045798838981839992977009568
0
44404756752194663359869053817480574157849394039819981951028147914442891975077727343950
0
34839025627806313701761936002037236221386584352024001790858407394825799502237919722528
0
26675984778574535027890239696534789002213928498723985506707207083257941120431672825792
0
19937964689895573609162341279793929918535300303174780463881687749107504883834896127632
0
14549136086160512943821299124025260410649119477959907114395156101422198762412749596096
0
10367683027182389300873761236878515924424401950577932642631782514099778037512417205952
0
7216194374393118012341236117322348708186548354553467676392179196797103111355673635012
0
4906956725049503365127201574715378643712364349173367991253558492063409901144132998896
0
3260548277210462796948457982315938071371231065616516690725611820817410556986149790204
0
2117588665014681031056762236344065828449517051639651208021075775904137127478384624160
0
1344511066442150650109449280628343662900274409570529336802484415278050147735229564924
0
834755226672671017314432954756374218944884950306566039245373315119899504179844495488
0
506905338393777101943396646930564558550810486326106384746905272989167922596520329988
0
301140483988733489174296131406912087335214572141027909972971360526674517227680220768
0
175060476841396736815405311716329747750303981351921197142285294408799395726564101476
0
99606175986853729885035546890612071760392674745676528022928966844455789277965861248
0
55483827498869337481163623475977894670353709732152535794928443729143175526088256284
0
30264360340404717574559380424894322105398907349470572877997762313596268525306032256
0
16169051673100891773664104251659277895745765512536562425329516791956482137046233276
0
8463082192274312001484706713113685378488171602591182390066952540524040979681471824
0
4340766385325454772956702719801549640374328800491590200135542696690425371033194892
0
2182231430284166066061338546691620079991093836457643311049859225605264562414318400
0
1075558826725891148427231059014291437856975017247578842783878510495009154420135214
0
519838690249771396244408821081607561937981527637059761134625993584931931392987936
0
246436940737459479946090813331405465289202389136721474022172231926090656086310350
0
114616477963524170553620579397716402558599953109957902516953452376730778184468592
0
52311011444096052919840201582772838073436149047804561122402257974998730838315272
0
23433880460457032525468937695469430931694989695540615536181954770330466700644704
0
10306233624160405274317607370351610189395347394177714295849249700581518870172736
0
4451019159662308295519812114802139211486848716813783368927466087039040940862560
0
1888082783132145557908690637171211867522870581921112731679844676173311158427404
0
786832682020709329624362766385982079026210210623466833261332875617462811724800
0
322211131998932443652612164821587247577555001642421490166186278190632429080212
0
129685601765383531237663827384904430952377011336074702796584884108781623190512
0
51313494559528493792724626200118732533719899673953825788976372133856395715880
0
19964333469713875858881568970758196514899284659510606725649160841002983348480
0
7639333095922096180744533201451436586266090563551944261171903151034308877016
0
2875588404129593754931229885693221164315221604669217531691402737243624976064
0
1065028174604790225547828309858757294782322126463457686492240568205065998126
0
388195258146165897819011246780733781336063190250295627281392856418806018112
0
139278786827425778538646512590927781097734764094793173140086299241883554406
0
49198902008894026875982713670084234695868441653381225448543168380083615008
0
17113971333322717837818077609030019837590283570484429344328966851578319136
0
5863536260664856764965355317135419100546673853806516257164342042979374912
0
1979108171727303879884387615065726297594571533216719923469593382515495520
0
658214485904085384974283722671904969667696717133458327565928003866219776
0
215744347717716456534831494884398264306971752217427855831458464377410120
0
69706106090382504384748455293049339483436813148257270385084257559045040
0
22204764532911662750836152018979290227146919310782287121341956774432472
0
6975081017805479933554869349112139894759990979053076777732632615188704
0
2161041482535789806809330122015745580330387706110479320442848027064576
0
660495703456638151102838014272064627921259448689525528982174857921504
0
199182641652850710080617510157316159280056413313343573832342707016336
0
59277299361142872647393336526812764432748808329763326626533774224576
0
17412490381131062602855203433807432696716378101429127320430209099476
0
5049499923376310395644205095315805060225202703480498399927871249792
0
1445871250556090957912413314142938837006983097684255025949563248724
0
408867668370321113452399933501469014348952318733147329296409733472
0
114205049872772806725679863744047198909180657757138493272577366680
0
31514769193298724293290197313850814076203858356997404739719207840
0
8593014753760335065338471391961507131538764919267308102803978232
0
2315556385241222616761021770689216729908331782008043018009984288
0
616763692685268192822672121156163407055555583362348453929942198
0
162409210168959220744983335574038920951799619217004771623333424
0
42286842598698072317128066907575944584553794401373620432023742
0
10888712820852118800688302337072201728473249497360799483461200
0
2773307775938220004830867430736052614079011982271049039858232
0
698784183901666098861320518116749510710679241413489184478768
0
174214570094087778113900734534009848091147779462650278742992
0
42982826179256590687601299866950472975897273908767674001248
0
10496560054688261950047859921966368258435794134571987532068
0
2537539383562076087114999776133077756595588727822668405664
0
607385463269027222953251058179854529870976080224520892708
0
143970541021182050406772245290976089801986294432252641264
0
33799644747643106015689814936077863109811103582212380860
0
7860519449676134609342058630615446485793039093022036832
0
1811181626967522682277607911504407256210036931844859276
0
413537624872432868328099118397584534329239707486868512
0
93579432688315485556128629216071738802424054551678968
0
20990729554413462768799617117510025564419885858376240
0
4667936150639566776079088739853711324457678694389000
0
1029295098293947384853030860800844794252389966865488
0
225080822961462850282840798030130431626156831149132
0
48818554558343942014847415020121131406150952321104
0
10503676063234241963083946527153809400744422129380
0
2242163916775142102470405993790079496836473340064
0
474919238287545524853053207617449983285031741570
0
99827883661414316473069130538861576528003613360
0
20826348014811565986700081744735118429222287962
0
4312693726133289152830365395369794238226304192
0
886540461498066397673561935948821988506897560
0
180924674834405890720337803198531217677444992
0
36658555159724239854637343646979253013827384
0
7374862335125649302498991162908986738446560
0
1473158779385217420703242859617805217953072
0
292193966336327522921244764494883705773488
0
57546720160348119312156287805226645073600
0
11253600990438249871540434746996128088256
0
2185094092122488163287504705567799741984
0
421244763019990422659611240212916852288
0
80622172824446455808016957767356428488
0
15317633767250248986685776665239805280
0
2888679025150715639633616495555152098
0
540657338884489549244022960481666640
0
100414494652890579528629759578447714
0
18503329259653652898051706164120880
0
3382217315351770642510712580689000
0
613142458863949489370302611259744
0
110212454782973743865243807865120
0
19638168286120644534081921281216
0
3467805597545533671066905595322
0
606685250019375607088683173696
0
105121087622101283832677878210
0
18033577952471105189290302144
0
3061842689735029498397739780
0
514291464324414816502904080
0
85426120510219611885277860
0
14024618772782393166330816
0
2274847460861083366244370
0
364270848750982858166368
0
57577719965099663584810
0
8970078089606745034192
0
1378462214501161045788
0
208248261671082110064
0
31042309723340501948
0
4526553870037320416
0
653433808111194154
0
91294385699607840
0
12769557168658074
0
1687518041877120
0
230070218394376
0
28081525278160
0
3796203771296
0
409477839072
0
56948476702
0
5015593632
0
766878806
0
48153040
0
8992028
0
319552
0
85724
0
1088
0
578
0
0
0
2
