1
364
66070
7973476
719754609
51837486400
3102813995256
158765237228944
7089231148674881
280626012049280700
9970999227520086806
321216890767162273604
9460488873929570830853
256515445900834726255456
6441376949935625595909938
150568475288647024437350720
3290923740830757470525387247
67520235798778770398160755828
1304945389518457332556784876928
23830897606010663037970729063164
412371068649739664352741773387607
6778421527148670710149217223367280
106084929112798642237571105775387278
1584048446494321284978831579061136816
22610064348948052492364048645118602169
309040936412162555814253486524809769132
4051489413396969418564322515660996603688
51021066276877238586051688113302880590820
618053252512294078314793674700473430091376
7211206743060140332431586423554437817226940
81137724259126463441563207737291210614567248
881382411581572377185197295030197019978539812
9253295655599542206191327501200077269069649263
93984369774840642040206793632780854156684778528
924387201078077070366344226794908503765697122198
8812128390761325986839759708949308016666989761504
81490191598937076242520844090771180089508247079479
731606912163978858752156586424735670435192410061628
6381626162188184215140375121034362736157773623753744
54123196739860752646858123285071852315908941814323620
446618794079841010862364113342576891776514792985798487
3588241388893208096356598234003919350019556558574703888
28086313965526052408699855566907068986418562742884842094
214309913664016586662403337767599721228622728937160616720
1595069732059622198883871528423318328893163092775891265289
11586512430205750911374428053560520401080547961175410091572
82186059459438299098560121874327067464488423626151378666422
569566312008404481113048477254744543194821220815029740584268
3858439456680124996743537903403507636327814254665794395261352
25563107155589363421402841674328315762375113508026959695863524
165713038172761224055657910867692554078505862961612860462460186
1051576888692268871558072773496373029538574339178982545490997788
6535232307309731039732821019746053043616724443748228978969409366
39792890594392222957029201964069775019410030067317133701920928380
237496961211396443455377582939634694007103796020745277316392457622
1389944769379440601532562551959129888293600741770744649264768784308
7979913813054947952033716731117740089932694915468472395152379453276
44960382760820928299668705032310270458642495971320566938411168674604
248690316525411358742610457303730043801445437127866082362858925062542
1350973870936818867195834267414864529053015994873224779298144925504692
7210290126870856537409299640295683169619181366016072116338039233111869
37820855324008987551797266962548545586023108199671686532452109526399728
195044909084233281732059046642052769416993893511948948466289966940261674
989261978714980685452772629614596012398428708454508898608620203243030784
4936364818427691736007166096277814331247878560913838767564005962296728970
24241829487868408543170158350657229746452548926194174421360599723769959864
117199570026159198156320540328930889969618569352519328886700475747500071930
557990477478967430286289110556273642378858937987924075033461669173268198296
2616994695353310715846592876152227964166526802086024949785836088006403932870
12094471352831722196683938819643595077605338460691304336567583303182535214224
55094630509712901290149490015535583363052883343015710050492621720753862376558
247456029831603877381092752164203207264703446432109191417514426035623534927904
1096172720645831847609709558447207757963077032811903956998498674476718469278660
4790443593577718767655833630646798517496813351494289710994256948500690404970000
20659020269483302993598294829883237432470172884106226014325140539629863726321214
87942804095911683896890727169778413176950654509255034774385427989035178537414032
369627912971923180577476336792757127360063068075847022663043453247104431078147177
1534328284288462533654174677806898769689081459796203015072785674722503012065679524
6291788170464369007764030539016012408276742633040541571365649711937930756322745770
25494315233311676165604424576986777626364781723025004326046317313589821800669606620
102102240025053087968832723313907351856369514637978398178512875309859236577780226888
404256567024285548914909977879032857286124927262436472190082358536026505106327822756
1582756388099776282597858625890408236586746933529758699895855860371091152051231795794
6129281822174249418583036976046902743596052937828527710401332250735271223590187565164
23482539017734889005159485082286831915229490459471691601432615778975266620473018348198
89026638146933326270542430935931138793866460738094547643839334175411530681503384929068
334065763261516357243395513260091800212286139963437057513812580939231529812504378956418
1241014257958093609131209998448605377477464373477340673708517074562108500437894220058068
4565078413306211452644586324363429178755185925644190207940181495659000324172748017645352
16631766854218833358436769503805075177781630213415208554777999742084665186118222314144668
60025720121225392247875118753431621442480533374424438710968609311303741189708372389523782
214651317295619511456194194705779736439533475928972299120642755154851708447977706619399332
760700084959552683508575194735400446687214385938439560287892346820012791269863942257063699
2672156261941915104877014885336152969064676640486610022355995723338931221394800514658529048
9305971158413981603222216339875389885270075696475891979808253513098037317958101684451083210
32136180413826826767947991135073667244472905042168937482542653107462033770831238055626976488
110062413070339224862234627678205176528429353600853522933855403971715150502739875298923143265
373915817468641840487687630051100291841147849137997406653120260961856119693006861712547477796
1260302553352465831093693343467311931181098375944812792316622883579176697884254301125254570916
4215183205010509361240478857988621519419668204687295955805087235144504170162483008981060240620
13991736500319990919690308245479987209766014879149191605193136905926940103780573642282882025191
46101129870963720612421252716082194821291385330070851666626109107015185519424495594559917817264
150801619586589139342829009774567058030324335146142896836135234002227686661759814056882676919390
489804848196290856230804734298549058430766993793537618518419545341753005653025590110271626093168
1579899379611431100407874634477801614206411991867174917124275583286061259317548010596008994965805
5061627764227671422850222752981749416678282249048185155438787938066666104800177369089532394740188
16109019089512592194464020874935150891165874121418952303764721283140869920769764602498661349061436
50936413771430733260676686453061025949928286343994145082664043453029126009536196933387545501683396
160040117655533036661294295505460091992581456559434717134378058774664352503413146480341047477780634
499723829534684519180204575244372854416070537084551077919664886726566597337622636069375922292230436
1550922413119604469084662235766309810807029595077943952303893776261724182231259658368126721122815228
4784820848296694341501622335694385281962895312516691428068698924222130485381666366534304594876381308
14676157270342466665417943083855785139488195498637191201951646817669844422024585854538220455114130757
44759401909785678316808384235538431889302393731840878497505074234958079027597667516814194612068004208
135748280273659305766785817939942426900147441593722319125229931762220910762148079257583708504020822862
409462548221971156079382277430501730731706156979761255756142339708181488289333568757174118804410542512
1228497330712482675393615430218085914587579952423864575240732113125466086909777470178653385754403461455
3666600526843507149892468117140685227060752384067945437700356561319857969758120455414993667317372412556
10887552469352830981949229178398447830309471417730475974613105496486185242448736121930057905947870295204
32167768190513179841593067728275783699739452993961877012966101965058545076323375622777198694731000518660
94576036806734071523458607004138383198800073575093961235441595875621071652123697350772735377383468673049
276729269721297562396003744927107892074997797888830448867076389097842539260309341030499425156237196784296
805908935459024215090192680064019618307137147524903489231258144785132976865596216337485706653367146837402
2336230028297458399361690754393626865965452169657841083963655222846361425060483152875746385636724063758680
6741936224800800905135115151332833237915256248338938403259324367547911158675972181039814188406707568622027
19370128990271224260659016633666532707267725497862216063325626229442975760435079131978558580172113659154628
55411182228973634663119702444330632870508553147101577044607298556335594122608133299984782639088248482220406
157839721771715047965630736363318190923570225248698480052490439730242934066810187812161572369653918982748284
447738966060328697902312524937202905715765893353314319532678029351154443190833786903686809289164980262384860
1264904160132550524569808364800370092759816061052134049674738159370326132978388684011100373905549239942040932
3559161319699076602389846774165462921086605103370427091872401810966317427122426595480786745144263066403081482
9975322569571481242367000650005911488127546404410649950392183688793910169577027121159329748256879148191132380
27850055054048224639691880703623074045096535629089381603611211644190833354117173462431787339297257979101148778
77459433311644208262536371695393605311859611092523259274436640460135754584516628567940645114810707072189453388
214634597283837250847845410275911358171225571563067940531726709129195223772996018965564805200640234388711906754
592555442247753759596626419738445302450512689693214183658566174631192589576761425726683841601229137157202645636
1629999551898695414952520584955990855855577814527647362191831424194491178721169302893670925943419707548276047452
4467857065040522074756651935024348725355982377057608558091342395913661996431126997622856043044868313935110117868
12203575494270215260783775452521008476773106674579846329250074519125256141029361158717280592027114651337047951154
33217915642468221438777410795694513118084984959274082490825903101996554338963523435740012606804062182500344334740
90110468514498458405034502169002224241230924578223011108240022773347535525157730856171154743345862498041358952917
243620887759177164791439980897467297367386872665999188754466201950990307314289014994844232572796280104029313636880
656459186851076156442628007736226563012908341435542021612255611771008184349772123974453481299148962728362021611926
1763076404342175676627873003533321976727311239866160935908625297493452878086034638361609253816226446977521894444816
4719758021013566411996305712148628940462121889471930728378622235692240592282396960704377103983462342994792954969360
12594104726191492761408832389308511426177963971523075083627037879882660784295476268095500496758337914900895022069168
33498579803970066304326067816768705594452841088897622484951106259215577147284443110198737900173790645980395127944158
88819514717584420451964178221846050989563312159639485133078947208665650349633042418909912302486325599687186608866624
234759690533682040991491051871310903733813515142311153716189925336184773142235675143963413208917718010261202479052738
618558668340203688925697982359229216122596064021376405349365245744829908317369497777645053026349748987476957459653528
1624757393890041154520950337175201341197529064996007128585078261173116880192074204736135869383965383873757209942171042
4254547445297969454382415824671258744990473222692979450964068728456718306813667477056389840013950841120917540361870776
11106606909501355763671537499337312487579722597028562388619671661833608352634546607435301262045773615068247032958492142
28905307665988058590517593725529326977080235310260480349213428949916211710505223650186542966828987801005315803606691184
74997365302026073848229518050066449973129768399540443052578406206235679643916071548392148567319547465701937210779169050
193994666930820569084598533982053324454873102203515944106431505089928543099212959113559711628339471558359213576286094400
500277829899505395202210366678964482793046556009145700907872920254458311193120489196992792225103796162328703924911930181
1286210066976584289214396230569015521873569560850735972122153759519835945722169275540742511556613830733867167592987473540
3296798952085069607189593588254173884447101032913209366628820871482184751062414418291656602627265688550124783994928035902
8424670789709425556709348758077787673082075883042446255975112656539566719621765034272516393071146527557377555374190482908
21463109902930101520270358830235413690658551313689592710887536055035674308839997831909383462780498313006148015888041524888
54514278299656859312125901271062995704564662392411489903949690517085339484932981215847686905168615303870831030769923909012
138039652215887892016243897067835775140958886517816636246973732520203965169020711809675138278081006037929057720492689341022
348474427357107016622963706059792206800545088641342765260901326831899900396434581263793397989629981925421938787504545871388
877017782256920783682992334424305973393849768225959411763418318861573418065956763516777126993409795023340187583667293596162
2200456456746947465378849127499579291779935957547785087626188693469188951128903736475637531481448473684249036775581606369324
5504020635384781678472334061496678191323847177762662421940067055712093558849970924833496480333462493155512412511909718019754
13724792639187824216496942580385667504920565326622540700787286051731333690599526016357229922612434507147050630927510983498836
34118125498684012820652489113559813979517491421132480219290537288795118047514185147600399918732095054708143985430510282212964
84549873738109307778738058783184978077349739294777232314540432379930699902602659727501251094704017285972060294251832057889452
208873646843310228050310086831604684441236206389134480490697419478980290154014740466911867864305243460267382547509620690354270
514388627603502593687122936311728339648342676542409240980650109409276489299043348369856896136137114661909419079208234040183636
1262786518141130836273547311362972510489568587049318092955519683397159236328769107388875425481303281635479122696485936201170549
3090245352444162562092776223249317191314546618030874756270908139436702362174786804426159252403460844079402359211213267829344032
7538306060198037785174199619885717779241498371769106916320346553399409643342292482053780414909982131578552365799695932777726710
18330126207985957634134582957850962966421449236128810979013290830993855110451617934998401774401382821491573022380535292266457600
44428426171696201535705112864135573485236050056599684795009282345333325019893951025950151399577039628829028956690624013559956527
107337851857603456365950701317973403739960399792660306935003641442585180996719990847865092751541869539073490462122310732225801236
258484143615931913597849924859363914834065282664246052709254359614022923044006222741251020173091232301945979035075074795233561912
620435067390368584591362747162768741461854635726273309655729424710800184151813890605370766650715536183746914455096539631080052684
1484336722265158972325907514799799252634425902460462991088294949372201334127566359387279436624741813458236761017964046962747584775
3539438009760309948839728845173330323774948526852061641029725348998972046866320256622870824086100205249755701616298047079798300048
8411897539442650769133955809859472728504905532366085442458850211319978492028674863546415098417461520426121138982701534811453070942
19925229054413417600988252096257220269159004984238306049901053751119171549063271293157641380361692364080672150661990585879700766000
47038575738348543476851864929322399823029850406660470749986241745558199890428916483477777008076441325108325488574795923821581134551
110672118285826544677310262135021683436419185212066419799143414939208642789944629043946834150090244906458435003869688319639281128116
259505850472510959699131556556878205932840666922116903319769261257152356467194784430305768821346025366341462523293580446946781661768
606418645083850425768726425048778557814507553450706374839625116515694355107550034120373014379048279176841180060830905019688289391532
1412231629468457821676979773401496260565493842472946392757275563058435627792676714262344123242383824044562011391662891792450448012580
3277470599095088761901379259948221454972723156222287720321381013007180744788611603740822960963740324412431218898496121538438038383492
7579884744122809023016646512183976418462635160348756057629554086346270105556631502812487671454485381966244800805709129974203587198928
17469027838617260758976090997821876601842839316294693141534503655154008677864026558287956536416045304358389137413688303761886802953548
40118860632490651370908388417737279312741313961284915813552043287412659464577713017083139542560323116651861659827371837902846832249433
91810747088031081301524165724689834230729888988440118587105166613769594646607242403611687461281710594273799922041061603243576234065936
209360558933031004524140521603609202673325393623979581754139625020827801686157310152543993765910962228911804853675445419042695243244486
475711839524151227141585217031593943212865945382706159219591310554954894790620926423552185926084573141126057044924901064330646709802832
1077040693589014221354645379128878253757812107154913927473627446066623223911383691257406794855307132357151041396795679519847249274488663
2429688723539747733341146075362474170890539009093458233810924701141911671561741840738427934997785910857330006843486727497448215572052700
5461234792877057194051236821578160832732414824678620033321596086302509771466695777565485534819479251370560171274955141046035485897963896
12230495634877038243040376798304296373635797740205061251541410358963967287545000118711074981062019921792202593068568409400919733981464532
27289877290091252112759009954437752656774796263046238326246882735744494187088205702520702405465115434130974241825889435668077356434024167
60667312100158252145955418334406859742625063395172286126486025187868916302555594071021293111245250785393867533709696536726097998482398848
134367707798082730718132354480755505683777419097988543265152600327397217733822783200193049586277739843835133066824660620350167408607543194
296492287162233139883411183248940520815784495421359603566421263959411350092122833469836822861054706610862321775916674682200510614893064096
651780853049309584331642448840776333904407993539729563497005195429124976834382838722138431850618353387841326915210872114100726683291402241
1427417085255771267545168128717599334583200031210980487165015442640035904552382727905656898625697793063261427976376865825354361647614997684
3114244356229135604910796356166925541278300901216115809026370021393009472142402118469361244851689450964092781308989490399008238074895491598
6768593241443545880463916252440549923276368680720613606863318020041801398827020519953866843603188605209030935658044414715545117517010206540
14654787867487717795531109503729881389538479926160325239241036820050148811457325646278171651843626951993075682155914866088450871209171871929
31607309506297064188219849749426714601179814747471074491131777888378577446890502971580496069826708884241795530904997027293592101095438824992
67906899926041206189899322200566385769755769833403371367134821827799869476495703689824886404561712576453310196007125024115858962317679466176
145328302786825060056915987106419216315390207069276210680825500442749939472431372966927524108780760968398066766249684743638198259227135087216
309804691577054175216007677165162123979565666686087762590208432066298829625489604700124165480787059810852531601793345335799757356241924711713
657837871557454874860606063905883755726173348922083027438097629340980341727438925058247064339108934903088202931457697907980156592050473740788
1391343879553281633983201258012943920926867478125678201343488473153932480795468398881022726399339187141847760540490454905893452665211696173870
2931072014009763186954676029370383681644233723156829486328934122952601970899334493404992762895303572525247866408267912261887468472916131002972
6150162588127330004215015397165548060830479322307638560936287907437722444927393036890741218463278776745962908377117095574297156710268867424985
12853060368007932630397602205438458879635872014313044617969423409393197964905222133293904980008476526237416177416751179082178901340242787266672
26753346673153309463764212694925426881577952547991854380970549527077824696607356162418432704743395320327809430209437779979878971092813117569112
55461693001910586195571013045252838971907945393801951337413520295299151903459513051804187168079429494906987157871970367065287278688227830657424
114510000846442778843280878584598676771567115410014353177398250642340223107408492693270243254284587805886793746495024221964998190424346375016844
235462037315683473092301215500860264155222657375980050626767162396146838017789893483371924663327375726593381629831851000821640970099227127378016
482189218518100189457855790141315531999127318711717262523161450069040347037551293993480132702748037259190710286560311505609256690588266032431720
983388641741594344453326985049734321084546931239778602385116426327084011057656194340249892920932484597862690239895252251330396952489364067572640
1997266378246435470398816992661921311467177239101239517799130116532493095835637386476753726425672177349306888770284563287070484666954255890296180
4039633498355165704145815047649778308207538417215122098012822485203938326204279044306188507059870994326662479842007070321012296456400654740095440
8136454700327835131993820666863992260282248537083045008979745729591628173836901850653281942966397516727317117404784766272530527617280885232335536
16319538540495244059700857621001713114748158048621109827258095828912275994434038849368531058309450890434382147335321928663146263400096185514862704
32595086964695661387589902005930536411436073292147690530746760956409355330031958080382778163241805288280213544801944261560840191174619965832945484
64827646235225519155886587650474747589457087789004884793406071716112859103131781525705016092505560620838444431211918321173889686646692559505141952
128388013832632362351187598117377822598197779697673073119279824255504447029971022909301516081544478623474329919068906249962066072397446101424399544
253184519230289158118978589177313307616960389124281166978712180631090189425572692114102988604460559094220694109881791157744832036122145621136310720
497153639981844847898737964845516470731620095478042272139166746470903799870281191543454390574362580346159188990535443789163416593969389215800969764
972024748329512515858212451640996614821161160562485741917760252766125702120609590307385969159239292607402212380830501689822194753192812686168029616
1892298760411073180987150520424667313801435168405475207867333175680367800475027565642699242482094098014326789119665228941493079838997869064469656848
3667923571958357041460093536917743072028237429474589398718188429876472468199285779061440350691562921174865195289500002569863660709265489734339005648
7078831829305622492005340296579746472831797706071518057590984829714026532687702434941097601248515768127819403554758960911831140240895841377635907960
13602109216142522878059006845600806940352069165786212562678872120776495245930081849881933984171937703571613794767836640191822191775847364376149784336
26022373991220180461636650366423102692990835786210434616981360916917718315688841476768054318863118850307455523472188180932759136827787163173012205456
49565131308001826958393078820451667468189121244347215641003788350240624746609043134623157453109741648360698385014813207620140694977211230943050777968
93991167124784971786832283896383666208950766922031465692879507260160259017282496841326652580829263416076864953720330909762776034268885201973486730164
177448384959703665245430081179817288472060739629323926823157245979486871344236105509376169582202750366463834028640873464262541791159033883700816004032
333521724613264233733794243883146382869947835388208141103728813637886307285226911857401345856412412851249094425420186027621594005262158926818792276056
624074105416103035498587087882368994066226152056087004533446293997930835910096131725268679701921279977033069616288546377755650275564791136180444049600
1162521771405487462048735004082347033146147617484803826712639982618064599823837448464655351528437122646918154759775167212088718523540362512475118507196
2155817099561500798310223753253471374916407150595834210555948352708934989786407278117840274795287150933417958183104301871965102011714379672098198568496
3979803709614358177213200482554882747258602588380056375746419575088261754208181462032996685722584345769804114958746477426679719790765382156192426969264
7313805430970684548393388892219290157307626344632997601425509627448908905942262752121412583953645967283850680139831756633271758545089155368892979873552
13379820891614528808081980853168167213347703711986069240083924734874824224369584181490685456995662317460840761125614488641186955424205902915065972037828
24365511402201050982473269892559922273653812673976012250065775892760514389424455708100680047963169412003631624102028857710026929876104660250365934104096
44168467801053721449085125213410604451056868777900778786527506731327002430143844232732870929493609142979517614273753451249351186958943289982606438875976
79699206200054121483743425233459842996175433809015644292559633317502267310930536255014113023362901848766290200861512190633266685891843390183323359960544
143150825034109403298247185726600054192664593448031832851674155164593053566269959496635895749034657208852666464074354541183826085565265039031558318583516
255932419000968032788757564266790700826865434676012623482391917128255272480883906242224265342459270097469430218667433776993235173794489822873486580498000
455451119988499554394852395877727661594209629120599749269721265900126408594111373261798579205999644780131680354651245228634151758865163908608508219429752
806745896592670258654306883313378927546483549485466263820738671466813469241067619561755201463229813302329987265169460319807463791191021824945320713738672
1422341285203473231761355116535576921654866414477382353855330746276507537141352773491364067281792260561038128980580660765292862822462834333182406515377070
2495953680020783745103275424798716069859241487882533543205605365457533851459525667977285021682936080842330467182358006910277252723956618479313555969434360
4359418134474925668073510435997890247124808180649795465613302424775051164895969108741048267165463645274065439856741415394071339936739251455333238784064476
7578330273972564406460829948656570535242905971424260978738528603181693892875405108854689688593477741048524421670935049570989728835443178109438410732145512
13111889384517960574055114370683474439280233055578720816961900409751311232618888514685089714476907987508658952955974542222499649530814581995009845740772870
22578629257965593944411201060363994715929836926685647393698367140770462050885562225826622471477967605241312174949641308974705575598379989992843745233362416
38695839161349946684207699688222121894316963615824319102167871109509864021967622749804815249683212309030734758821641575744417448332679259752716031572201848
66002330867540920976787625877477764964699300955055148200239959310969801775728144300563837672651576627760194660649659768347716809234972492296258589155510448
112040887901251993668347187273830078379630822102545482841774849203540978343976433444234939563146650698956080824162156052425892910376736677642069864331278350
189282336074018826315537811622316345565055859901535766713692810505666667714199668369743390891652573513214532845938618585174314851311606535542234201720911608
318239419114419836649702991961176368798904987715413696805038514342962652239933309060429842655267193079074923543557798703184176994220544406873957706942308796
532478793398746603657055560984587751207998955099258462338585778395472709946613319695982851635972360224532554363557031748933800571536417758744524374140343048
886644014545094587460518325096155079169981688102125032396646034459719114217995109672878907570025645935077898102478655106364469805329061650948600838943056538
1469227700328548272428850846815588781872639058286125080282998713049573071178875077648298768746806852864379533780692847732293787795540783998002906098526391424
2422791584066532143584639180640922900625490933728705414251506697920633881381340530201242700634692037089517411816764992703407809550163680771381309668219429716
3975799390378946389470927681450661095778902317373121806971835921871936330378709182533932974057297958257453261605093593673599452685076728099194229755567886528
6492451453967641968317035747889132548153933564103292457960232995131385874625571194200617874883178581389155889152008805121554283837570393134828094634586717250
10550261854284511206627035937795738122872472894790116132390178200829358385138339713348366996030932361054123923583020827013001090452033458081663375646678862936
17060137937032154253921750210117805906382212643529051524827881718132358081945581586660260596323720768169373600133694689502976030596488801247978835240608098200
27451188710980847060754420603200888397950319724088577447069474335128481031687555927101210522612659242353171240122879438286612007016014106501259078798583972744
43953522958407286344494909668601085768972880656408045154279393811011061155990567006613749637414029457017068465542432950745887258037000236840912144996954907034
70028495830429557544177054986679061740498018540177170028252258647596815756506374956659848088002086079216903723607346262156149697325742234469007779809559571968
111019479758183352375338125121660201375927310562523990032118139472676144841906948096300116312510347139818406037844302960146790239112703528567435152418706929868
175130433972766862664733207978844010038506997269638655614112757135093311707793889821574022431465559832506622131059549402949556441158417848397563372452153853184
274888723752750406740590630035602287086909030898151181610803576382904290895725235955141153001107451600581020970495467887363814140798721420713514482925154219302
429318857710676903916669036455884843513244456705284873321179026648264720134503705450407111646694896033323483115825943972921507053916526286412241925375270455656
667153353863057100577326181240758332397357194204194489588644240510363488262588213838991651362600211213403778230347227742472567805805493226778445903823387291896
1031547034263674182942069994228060951186858350399186789558953606395796352234208675985238086145207183381731055778214675168025091511382403970490425891402621550136
1586956741516132731504274919074709006111457219432569044375898032260345642443481820760899348960065201642217341974561497885159567771679183376284268270721328320260
2429119780689748387445527269194532332966633446231404831774485816349733413140646028696888778523050302762591582663026528956403744936767223666835976974915807206360
3699437647963596834375337349162528317792878372489828586720421994055924145425775408163441548621266753562230260201330410517229720499161820337176289594933458795128
5605581096215398044410590839207750725934172342747732356805139471065674666168248932077351621346166152797589968429054170873502361055601748387254113234880828572648
8450822457164976365937784485369613980387950423040211907388911486124630581948084691993722792158649158302406395366071715704800966538440367304774158935975129888594
12675527587296959156604319492019321519675385924701546316376178974066267420053007792406487133662880055263449026674979596328343372912742836435756837460232181939216
18915473486562007443120311300861119095132808602071026856578087308724185187572842692122560163588167866703641985446910449965314731986863779664629396354475021069324
28083286220613484760490258731170493183364531987204518205961469888967412845391165081820690107358762562843241427245456766353942871002088345791258836963349276510128
41481424482750285063555382253114996960524989571217147085264033480206561880114510356589999155362139810508598825777822459951015916539502326601834975667072313433802
60957896063831105333391164305285802712250538621904046258442671968527388838978352363497787844279705836903953551018426806256091478473098931942335393211946933064696
89119440415837178256941104688244422031211963160316623464532905927551588524325622219283884172636515096864659568323202075181067562009233319864481194582267725171304
129621417609600009387645223287323352129687701063026327485395283551726786389047790953373046926205265334240850197303487149118972131976246871777232925179821990957640
187559313221259234637424190747205456519702991392485695367918000442430195411103362605574397704230893639554625495527800798260329263963849866749271375028054020917490
269993821677911375555694128781606720371805668281926579800556383895035881292108085094897448423912460295228831878558669067149569070379322464701986075103471359265040
386650143636754888851075189803528754661383157223178378756871068614912073703305217971512530484318440526306834746008603644219089454703957597411286126857206248998492
550842666858229196202114404508113229686462373186649510147930387716843935038894319732916615868228468358660416679750980144656759665883758002725438872771983683123888
780688824812091659021705389290620828882933674929828348170455566199290599486217982753755559133092146267861547210843733821689570732430969518403462576536856329342594
1100690840771884412990354569162323893004647941476179815052833189488633455810018684049649448905502707286569459424042457681016973237433381872398776333942303169601944
1543781404357912013069691657531080226971117429881249378572443107036273104792983524355996115236078697837770562326963748182861181720449723783432209800093476940870700
2153949131681316463938378404458510726788985406580926952074627023019758585098238191862811585478645878329084314063589574420357928440366267405727984218977159134836712
2989581825785452656661424933025830622370420626226458790121964932732500040870463860786081870089946417920893896397154280476107830209912653402132903028188291786608764
4127689780688362906770537873880356974414704594092117470316128275266576070833297627965208720416642743742736333184235627492166760644783626479947379644855898502088904
5669197101834065008681733106518960359107770363372836365758621334666260985928905982468230460074636519358285232217686878628818863886211868482540287659137452980758156
7745515365348951556561374208275533972841727951183184493850337251255778267277639217161092512662690056903011483063713615998025302398580234587713736962029922549895864
10526639631731010094779221257153753221186385536639152677255732759936341092650351804152509689917036827212376527336158219619410392076665692600507685459802614813930400
14231030130062919500537781137155645208570556048593121028203423866259737682109121180577598738331549674212727855060779177337640062573915763301755170011838634518845000
19137561583057524202081563057478872990005207997630498372967614500399634374580301131714845051819379757713591843577308804879762493538836344884089692497984533806285324
25599833341184936651326653124192449844844728857701261594851587451715734292246893082819685546033780407200315316223007838147442574001376987034520562301675466612704600
34063133857377079059763175475126125288639552247903905070201216752687260814861474711013102504476265195944367359990283121296906979356795896267260600254364073332853620
45084338642761695994106468356521404009174909513741674771026091555851811347533507193033522151696141738957821549564416281987142517414168303124044850029296678024708408
59354987316176532453578914556008050338444862307754977825883584527202426059186136965816334697172785349218505834660213732091657394906031195918946979301947366176412196
77727727992374193088626917470397461932331499507086492564934601618323423996891920789770587253708942091372329449062067423636182466712292296615373547699806548337904264
101246231236915369586527108648532059320449628565645702664987638831138251673565971807095037794509759193359797980829756997059798568850412187770144092644202067364763622
131178556533020899450765598445191325171016259896154273938936406290295851339473906447551582255885305715630356808310771545786355861400586705460099273499285387437245232
169053797615668578950295718877692082671376911207430186918495764436019422832093275753066055223473502833913740055197169341622066812559752061340377605328092578173753292
216701636130520984604346844826948312613793824965046789472131741138967495798135936583511734683642872190133091376736217022840700457901600933323502739202707813486027312
276294194447554190649012386415407713808979429851998263647743629320762556670699711130423120578400208990665125751319326482177482561332193162136355686872611642050387536
350389298845091996570807571857975125687166223634268922866609494680640415298100912926662775295197912496145861522849150616081843682192624999002475818236577223454834128
441973947195059871383878530544001356496610354182836445791058246700961126500322685723377224002881311769823328227708050471990117140813629204719061478716037991357808452
554506427593956294994534607015352802283833488866646532087536556115526906922925159186666646852388161887400870007271040331207419837744795222056356658442560925521409296
691955166821369572844729134234012091686892995560988343345192225506911061565514156927787825565466400191724377396105499602164759052031284527133528192903348851871033392
858832015009220863991959419329957938905433143519521224712290902585196403230321183284187866334072915874680761577035011656235352404352622770955462204659688645319386320
1060217314773531341021137666098608315117301033342143893649924139516201672204649776709538379081656944731294287135360110768838813358908987506240546623396106370313638692
1301773782827735430441280752593419521506833545136149250168022326690528427828855716876415061750784032299100892238608596725358765662462377370919583125892121827627145616
1589745977039508120590237888461677073264252595772453513143942856920628202393338481554395607690589199357693228123449354852849585771703992002448460977704500485566928660
1930941962152059356219084011370394496592903642828960948912566015928341686638889241525395762884700833989885713648920084356661406879389101373149412773695708148612271712
2332693754654588528014369375712018961123037569775380558520059300982666478220417298444762087984945885995651963871444265602140229261171604523622004078020815367052482060
2802793253042110928455809267527657788403480383518852689609071859259423239362259258495063695428134172675067595698889565128439247062224183156620730486398867323179062496
3349400673085483314052115893243787307899965715406881029565738626270365837725107675343489717329809702929338177622585026163386452754516566130182657197665605081787770146
3980923033039404562790093900160954060288376435607145961139357215688163131463802401649066551956287622044240408974845609766175665876883334577127860459856131363070046920
4705860987734687432984451091346834609077527490306353281600790999158975242603234628394552352918311766528177254865487302247271302500480509996780660576930886944504904772
5532623299776394423162721414738226515883115635139207904022387550506045504514084577745147394293426025342174019213150251057226348950953712456512194994746053306456638008
6469309454347486674275924294504532069194166409789666121291294444109830819555313760225201911602466463463090710493370211272620285999997874528068247085642190319461777748
7523462350185298797546734692024274283402112110339104399747776642535522200570541534638813748930982293672166583984823697394631008384036456856138183549112220201561298808
8701794595471445493394762086822259017866294332122178719874417699614990928843991842171780331737368274151357365190957950954167600391921564323762198881880710791160310972
10009893648880341606645497952812254975849520167564122871700882992975248733900320624343415027202450580871768121932571245922663703503576298101475455757865157735203993000
11451912801491358711885385257358093292686980759663474151660898957003376732202708264173301676040164984724739358940945697349479798671167173887665099350550228581363780440
13030256708467604142575485865335347384104745083491906520795299992650729742805035659013475109812654512271725275598557601199894861401251749957062132776900259206011143736
14745271752401484767892172230032691206909076639092659354167488272041437862670004082684923982846923802410040677077128666268955011473042191503417869712873440260439256916
16594952847830243905599323529605698888943564407684826170391107425317349533109769391355024388532236661246955730994811451364892467991207170368553071758750905226342212104
18574679271876655326875234181785127182239068101142808175965673387152893477112949255877803493446628858998288018914972226706866077218248365256989210418599086683957549172
20676992627620011777850765471299261412916945362868999988034603807424989119034269640356680549068833639568761681988740569366734001325562864316414061448965985541580448200
22891430025389862487580866078590275447669175373780454868495671870468091596316726372793010629076590721101942173001393600590426693234371630397959548144973640058036257652
25204424933262119132321683837379971217401378399935093363064800578044312110147323351092145619889367126727675860626436687349759264763349711917100232193917753399175400120
27599286859045852056187140078223021391800718953093201557644214181374540334528765118430789480108009508031408618009396394375943863167788205268114759599132351631083088314
30056269072314694132891564581312286782029457792362048468179888156403125619083725440312883739340696223096838323835348105980689907153968047837259012975773131024617110864
32552730984301341838494328315421483602370913078964083324141487176249525047443692576537117428523811220873012723534674602112057698773143351385367495106528724220384085740
35063398643294558026768216615565419426244519151131788149085385188500110456051313914063338878601442109082447326571878996642953614904158374343403827203880002999722971824
37560723180837768699878734649822612655907675202828953098868982564175334214917249615418645090279925778741958365700553574934138049798729536435994274623611329230483263566
40015333103688016895982811998082952139102193394560535316954321393379942490586234652353886671600086643381112158382819517293433505717286328184337153415997829463216066040
42396572243529906607986924174000089492056674396204312319530355461473818289486010641713846390742859530077310812456194136192640138851479717395443871322848072436934064216
44673111149120477313264113298570051388593547252812131896046734662307183738015643719373132590533374389165309866647006473956997839213732477555657865607547109178319190504
46813615944436713039922242730226948351369943232002680503763698488468077846214710958408764845851766285402785027307914947011869771989702545235523957174314672735179914434
48787455392113234176748421824109865431970568990959680050820294784273121409311611548669226843996124170842461409722912817986711017916777856501207635542915551646932546336
50565424291484497986149076178391821275188071213650444599377133670703414682913763884235973853157896205784953326683451361531104519042664365199116433672809578906518932804
52120459576129020305863944103763775401220293119372682379446850713507303355569877317092806677949047795189791929315887779897275347835330580820982115464557822139008076448
53428324689810701379135323662035062298924789223990352329743348167067814522856667004201248651774028877873360518893081341681102128553716732117199653948883871166226896566
54468238096389123076541477356446210248608988166002250924451015885292504554020125716601261172004648594000290615252861684132680478325183963916015917641109001927530262152
55223423146876084650181786986302941634867905240883239151563444858119713398427052807455407383008507414509165344123063795044315883042486514325377285920317130260025679656
55681558953613748461663498635384136478508192534699035942283668139359243890356576294655362408779718112832011895557469106070088405490855527526703978843102300980923065400
55835115315728569284209127935291361397351745321864986417159499977878326754192768055060499493094652862301251376778735158203848994383373072766843179757515857838894261212
55681558953613748461663498635384136478508192534699035942283668139359243890356576294655362408779718112832011895557469106070088405490855527526703978843102300980923065400
55223423146876084650181786986302941634867905240883239151563444858119713398427052807455407383008507414509165344123063795044315883042486514325377285920317130260025679656
54468238096389123076541477356446210248608988166002250924451015885292504554020125716601261172004648594000290615252861684132680478325183963916015917641109001927530262152
53428324689810701379135323662035062298924789223990352329743348167067814522856667004201248651774028877873360518893081341681102128553716732117199653948883871166226896566
52120459576129020305863944103763775401220293119372682379446850713507303355569877317092806677949047795189791929315887779897275347835330580820982115464557822139008076448
50565424291484497986149076178391821275188071213650444599377133670703414682913763884235973853157896205784953326683451361531104519042664365199116433672809578906518932804
48787455392113234176748421824109865431970568990959680050820294784273121409311611548669226843996124170842461409722912817986711017916777856501207635542915551646932546336
46813615944436713039922242730226948351369943232002680503763698488468077846214710958408764845851766285402785027307914947011869771989702545235523957174314672735179914434
44673111149120477313264113298570051388593547252812131896046734662307183738015643719373132590533374389165309866647006473956997839213732477555657865607547109178319190504
42396572243529906607986924174000089492056674396204312319530355461473818289486010641713846390742859530077310812456194136192640138851479717395443871322848072436934064216
40015333103688016895982811998082952139102193394560535316954321393379942490586234652353886671600086643381112158382819517293433505717286328184337153415997829463216066040
37560723180837768699878734649822612655907675202828953098868982564175334214917249615418645090279925778741958365700553574934138049798729536435994274623611329230483263566
35063398643294558026768216615565419426244519151131788149085385188500110456051313914063338878601442109082447326571878996642953614904158374343403827203880002999722971824
32552730984301341838494328315421483602370913078964083324141487176249525047443692576537117428523811220873012723534674602112057698773143351385367495106528724220384085740
30056269072314694132891564581312286782029457792362048468179888156403125619083725440312883739340696223096838323835348105980689907153968047837259012975773131024617110864
27599286859045852056187140078223021391800718953093201557644214181374540334528765118430789480108009508031408618009396394375943863167788205268114759599132351631083088314
25204424933262119132321683837379971217401378399935093363064800578044312110147323351092145619889367126727675860626436687349759264763349711917100232193917753399175400120
22891430025389862487580866078590275447669175373780454868495671870468091596316726372793010629076590721101942173001393600590426693234371630397959548144973640058036257652
20676992627620011777850765471299261412916945362868999988034603807424989119034269640356680549068833639568761681988740569366734001325562864316414061448965985541580448200
18574679271876655326875234181785127182239068101142808175965673387152893477112949255877803493446628858998288018914972226706866077218248365256989210418599086683957549172
16594952847830243905599323529605698888943564407684826170391107425317349533109769391355024388532236661246955730994811451364892467991207170368553071758750905226342212104
14745271752401484767892172230032691206909076639092659354167488272041437862670004082684923982846923802410040677077128666268955011473042191503417869712873440260439256916
13030256708467604142575485865335347384104745083491906520795299992650729742805035659013475109812654512271725275598557601199894861401251749957062132776900259206011143736
11451912801491358711885385257358093292686980759663474151660898957003376732202708264173301676040164984724739409157759580442925909357482559548996428169393784293639883608
10009893648880341606645497952812254975849520167564122871700882992975248733900320624343415027202450580871768121932571245922663703503576298101475455757865157735203993000
8701794595471445493394762086822259017866294332122178719874417699614990928843991842171780331737368274151358570394491145196874256863490820195714090534126047885786787004
7523462350185298797546734692024274283402112110339104399747776642535522200570541534638813748930982293672166583984823697394631008384036456856138183549112220201561298808
6469309454347486674275924294504532069194166409789666121291294444109830819555313760225201911602466463463117877789680964826966167296621517308317138080005830660833591636
5532623299776394423162721414738226515883115635139207904022387550506045504514084577745147394293426025342174019213150251057226348950953712456512194994746053306456638008
4705860987734687432984451091346834609077527490306353281600790999158975242603234628394552352918311766528625590579835560534147509924243694362884355212196286145553988676
3980923033039404562790093900160954060288376435607145961139357215688163131463802401649066551956287622044240408974845609766175665876883334577127860459856131363070046920
3349400673085483314052115893243787307899965715406881029565738626270365837725107675343489717329809702936025852028279878942623213492317399591229435507041143164103271714
2802793253042110928455809267527657788403480383518852689609071859259423239362259258495063695428134172675067595698889565128439247062224183156620730486398867323179062496
2332693754654588528014369375712018961123037569775380558520059300982666478220417298444762087984945886083458272485844012238304121910877411450640220064300181473590269452
1930941962152059356219084011370394496592903642828960948912566015928341686638889241525395762884700833989885713648920084356661406879389101373149412773695708148612271712
1589745977039508120590237888461677073264252595772453513143942856920628202393338481554395607690589200422419844426615390611718370877203850344212242801301160092387940116
1301773782827735430441280752593419521506833545136149250168022326690528427828855716876415061750784032299100892238608596725358765662462377370919583125892121827627145616
1060217314773531341021137666098608315117301033342143893649924139516201672204649776709538379081656956696211481680841343282891458533967802380274917440150486055813665572
858832015009220863991959419329957938905433143519521224712290902585196403230321183284187866334072915874680761577035011656235352404352622770955462204659688645319386320
691955166821369572844729134234012091686892995560988343345192225506911061565514156927787825565466526813004788397277853963912521305684954320444933896766245343848802352
554506427593956294994534607015352802283833488866646532087536556115526906922925159186666646852388161887400870007271040331207419837744795222056356658442560925521409296
441973947195059871383878530544001356496610354182836445791058246700961126500322685723377224002882581375876379009777675690487900955165466526177493060941140961568292676
350389298845091996570807571857975125687166223634268922866609494680640415298100912926662775295197912496145861522849150616081843682192624999002475818236577223454834128
276294194447554190649012386415407713808979429851998263647743629320762556670699711130423120578412362457132629675323987982095995150598166064560922825229345056901602896
216701636130520984604346844826948312613793824965046789472131741138967495798135936583511734683642872190133091376736217022840700457901600933323502739202707813486027312
169053797615668578950295718877692082671376911207430186918495764436019422832093275753066055223585123135503894596438659376104953983746402314671219102517754427041978316
131178556533020899450765598445191325171016259896154273938936406290295851339473906447551582255885305715630356808310771545786355861400586705460099273499285387437245232
101246231236915369586527108648532059320449628565645702664987638831138251673565971807095037795497908611075495213805534509881653980112298940188411650725132737706547174
77727727992374193088626917470397461932331499507086492564934601618323423996891920789770587253708942091372329449062067423636182466712292296615373547699806548337904264
59354987316176532453578914556008050338444862307754977825883584527202426059186136965816334705636012122522627107587877833642180742017479184993326453306340889683776036
45084338642761695994106468356521404009174909513741674771026091555851811347533507193033522151696141738957821549564416281987142517414168303124044850029296678024708408
34063133857377079059763175475126125288639552247903905070201216752687260814861474711013102574829055475408219795651623842501118003244707784597482181719464835737996148
25599833341184936651326653124192449844844728857701261594851587451715734292246893082819685546033780407200315316223007838147442574001376987034520562301675466612704600
19137561583057524202081563057478872990005207997630498372967614500399634374580301131714845620958108020248018519419057234084852063584113658567102716467625156121559564
14231030130062919500537781137155645208570556048593121028203423866259737682109121180577598738331549674212727855060779177337640062573915763301755170011838634518845000
10526639631731010094779221257153753221186385536639152677255732759936341092650351804152514180702419391217354662829166989748329979525761285736840466726606064517362592
7745515365348951556561374208275533972841727951183184493850337251255778267277639217161092512662690056903011483063713615998025302398580234587713736962029922549895864
5669197101834065008681733106518960359107770363372836365758621334666260985928905982468265085085824886592186748336716197508417055778757505330165692640570761861326476
4127689780688362906770537873880356974414704594092117470316128275266576070833297627965208720416642743742736333184235627492166760644783626479947379644855898502088904
2989581825785452656661424933025830622370420626226458790121964932732500040870463860786343120920874051709179416010595536416218881324911504523589986352899795846172796
2153949131681316463938378404458510726788985406580926952074627023019758585098238191862811585478645878329084314063589574420357928440366267405727984218977159134836712
1543781404357912013069691657531080226971117429881249378572443107036273104792983524357927261189495420299551266777968846672064287470753774418114942243203518739444780
1100690840771884412990354569162323893004647941476179815052833189488633455810018684049649448905502707286569459424042457681016973237433381872398776333942303169601944
780688824812091659021705389290620828882933674929828348170455566199290599486217982767752102830886864760316979625461523772184230329870603351138511685500005375168130
550842666858229196202114404508113229686462373186649510147930387716843935038894319732916615868228468358660416679750980144656759665883758002725438872771983683123888
386650143636754888851075189803528754661383157223178378756871068614912073703305218071034337266367357835214913691507361734602541535653512893607419214536795553498716
269993821677911375555694128781606720371805668281926579800556383895035881292108085094897448423912460295228831878558669067149569070379322464701986075103471359265040
187559313221259234637424190747205456519702991392485695367918000442430195411103363300042344336217304751212330899284015080600172307583571961993859090234233788369138
129621417609600009387645223287323352129687701063026327485395283551726786389047790953373046926205265334240850197303487149118972131976246871777232925179821990957640
89119440415837178256941104688244422031211963160316623464532905927551588524325626975751204450646592887863263156665638112184479804441084072960087280259535967439464
60957896063831105333391164305285802712250538621904046258442671968527388838978352363497787844279705836903953551018426806256091478473098931942335393211946933064696
41481424482750285063555382253114996960524989571217147085264033480206561880114542331459929137296780346245539019895435843781697484543860630419571119428407779237578
28083286220613484760490258731170493183364531987204518205961469888967412845391165081820690107358762562843241427245456766353942871002088345791258836963349276510128
18915473486562007443120311300861119095132808602071026856578087308724185187573053634238696487420821688127593496872533657719102975540337202301860330732351307410444
12675527587296959156604319492019321519675385924701546316376178974066267420053007792406487133662880055263449026674979596328343372912742836435756837460232181939216
8450822457164976365937784485369613980387950423040211907388911486124630581949450035837989144994665064241603758234707139258565169751880457511560655022291349780306
5605581096215398044410590839207750725934172342747732356805139471065674666168248932077351621346166152797589968429054170873502361055601748387254113234880828572648
3699437647963596834375337349162528317792878372489828586720421994055924145434443105345420071033015776170331806187030982033366981600132200038948753925914502396536
2429119780689748387445527269194532332966633446231404831774485816349733413140646028696888778523050302762591582663026528956403744936767223666835976974915807206360
1586956741516132731504274919074709006111457219432569044375898032260345642497430284330962401237259715603599963553179517561247331140857301245809134486599767789316
1031547034263674182942069994228060951186858350399186789558953606395796352234208675985238086145207183381731055778214675168025091511382403970490425891402621550136
667153353863057100577326181240758332397357194204194489588644240510363488591649200279761922772716642932312312258777122690963554690922697791424056333193743495416
429318857710676903916669036455884843513244456705284873321179026648264720134503705450407111646694896033323483115825943972921507053916526286412241925375270455656
274888723752750406740590630035602287086909030898151181610803576382904292861736028520932526307734704165713028821699330707853795080560379756583686208639406060838
175130433972766862664733207978844010038506997269638655614112757135093311707793889821574022431465559832506622131059549402949556441158417848397563372452153853184
111019479758183352375338125121660201375927310562523990032118139472676156341513426355917594255956852476508900537168421939747018000327563439199735278007321475276
70028495830429557544177054986679061740498018540177170028252258647596815756506374956659848088002086079216903723607346262156149697325742234469007779809559571968
43953522958407286344494909668601085768972880656408045154279393811011126971861166737692789473638408678182960952680920563734008781539587898214126069258146652570
27451188710980847060754420603200888397950319724088577447069474335128481031687555927101210522612659242353171240122879438286612007016014106501259078798583972744
17060137937032154253921750210117805906382212643529051524827881718132726449406323833978982701520182389253363150941678650763061953286458213953022787867538122648
10550261854284511206627035937795738122872472894790116132390178200829358385138339713348366996030932361054123923583020827013001090452033458081663375646678862936
6492451453967641968317035747889132548153933564103292457960232995133400888580445623047215802471232775705917556187775624956578829432234855194075659034153368642
3975799390378946389470927681450661095778902317373121806971835921871936330378709182533932974057297958257453261605093593673599452685076728099194229755567886528
2422791584066532143584639180640922900625490933728705414251506697931399922527548231702139855372546244900458476226789802102845554183021826753563588571830428500
1469227700328548272428850846815588781872639058286125080282998713049573071178875077648298768746806852864379533780692847732293787795540783998002906098526391424
886644014545094587460518325096155079169981688102125032396646034515868219156326317004500649796388133328094380489638083738288186459997209696584806532271481498
532478793398746603657055560984587751207998955099258462338585778395472709946613319695982851635972360224532554363557031748933800571536417758744524374140343048
318239419114419836649702991961176368798904987715413696805038514628629208837017043819111898197333416626800167016359895950216737556997425843046433089889427900
189282336074018826315537811622316345565055859901535766713692810505666667714199668369743390891652573513214532845938618585174314851311606535542234201720911608
112040887901251993668347187273830078379630822102545482841774850620379942335833040966053868237291373567420520949352471355652816160522011486205537979319384078
66002330867540920976787625877477764964699300955055148200239959310969801775728144300563837672651576627760194660649659768347716809234972492296258589155510448
38695839161349946684207699688222121894316963615824319102167877955483029303950888130314127473819536341739425823509294284879690768562186005916561169449374072
22578629257965593944411201060363994715929836926685647393698367140770462050885562225826622471477967605241312174949641308974705575598379989992843745233362416
13111889384517960574055114370683474439280233055578720816961932613565957845605407041714903059596133749700697790264668884371295283943024479112571919508512262
7578330273972564406460829948656570535242905971424260978738528603181693892875405108854689688593477741048524421670935049570989728835443178109438410732145512
4359418134474925668073510435997890247124808180649795465613449803848631382702422526836421339066921172867617475371325797485691683206574318112309284911119324
2495953680020783745103275424798716069859241487882533543205605365457533851459525667977285021682936080842330467182358006910277252723956618479313555969434360
1422341285203473231761355116535576921654866414477382353855986461369033448718957574767862619065256015462052395929633138461083565015943570808596370616370094
806745896592670258654306883313378927546483549485466263820738671466813469241067619561755201463229813302329987265169460319807463791191021824945320713738672
455451119988499554394852395877727661594209629120599749272555500363890694852988962090528970460055702139127523728949806462918016839118275108243907177943928
255932419000968032788757564266790700826865434676012623482391917128255272480883906242224265342459270097469430218667433776993235173794489822873486580498000
143150825034109403298247185726600054192664593448031832863566959987552681065922725069298567843824170405684217803856972619636490311333762020153505871818460
79699206200054121483743425233459842996175433809015644292559633317502267310930536255014113023362901848766290200861512190633266685891843390183323359960544
44168467801053721449085125213410604451056868777900778834938515278507820839768836052813802475336130511006552040272838962869873220789578309813313050035016
24365511402201050982473269892559922273653812673976012250065775892760514389424455708100680047963169412003631624102028857710026929876104660250365934104096
13379820891614528808081980853168167213347703711986069431111405112339742712986760082351551323481541624392049412667032592823157783292987120492225391270084
7313805430970684548393388892219290157307626344632997601425509627448908905942262752121412583953645967283850680139831756633271758545089155368892979873552
3979803709614358177213200482554882747258602588380057105905743460390721486111587979324135772190896790498206390025053044281857007605057325627892484753584
2155817099561500798310223753253471374916407150595834210555948352708934989786407278117840274795287150933417958183104301871965102011714379672098198568496
1162521771405487462048735004082347033146147617484806528093697553434335039447967423868959272169657302633325512859261680760193891176088147375967051322556
624074105416103035498587087882368994066226152056087004533446293997930835910096131725268679701921279977033069616288546377755650275564791136180444049600
333521724613264233733794243883146382869947835388217807744836607904130814011515214624072196170876924247752140954715808423472590743629374638466547941464
177448384959703665245430081179817288472060739629323926823157245979486871344236105509376169582202750366463834028640873464262541791159033883700816004032
93991167124784971786832283896383666208950766922064897616685210954745245461449083701275126268873105677675646221099324822617474400085977104667754544052
49565131308001826958393078820451667468189121244347215641003788350240624746609043134623157453109741648360698385014813207620140694977211230943050777968
26022373991220180461636650366423102692990835786322099801767753537434587227200969571025859601209510274739233845568327300519748232234971543780245991312
13602109216142522878059006845600806940352069165786212562678872120776495245930081849881933984171937703571613794767836640191822191775847364376149784336
7078831829305622492005340296579746472831797706431450009003250627312826395675080547961317179307995051946442100232965438303624551175047060104127297912
3667923571958357041460093536917743072028237429474589398718188429876472468199285779061440350691562921174865195289500002569863660709265489734339005648
1892298760411073180987150520424667313801435169524260045468090278027742577212974330072939090138027151205634371740683278584990985414895249019258844432
972024748329512515858212451640996614821161160562485741917760252766125702120609590307385969159239292607402212380830501689822194753192812686168029616
497153639981844847898737964845516470731620098829058164624196186898302393711007051431209929933387023969978320658350322315452016152487638042617399844
253184519230289158118978589177313307616960389124281166978712180631090189425572692114102988604460559094220694109881791157744832036122145621136310720
128388013832632362351187598117377822598197789362503763398698619112863956726861839633612262363557952270040947682793119735018707022787280037528986808
64827646235225519155886587650474747589457087789004884793406071716112859103131781525705016092505560620838444431211918321173889686646692559505141952
32595086964695661387589902005930536411436100114019730661538057367256281728254395830534012887689532814323627458577567616126247648171662418488188748
16319538540495244059700857621001713114748158048621109827258095828912275994434038849368531058309450890434382147335321928663146263400096185514862704
8136454700327835131993820666863992260282320111308818524679773365620154247796778826186826903973622331560151503878066213878036613373294732011469488
4039633498355165704145815047649778308207538417215122098012822485203938326204279044306188507059870994326662479842007070321012296456400654740095440
1997266378246435470398816992661921311467360766324050300033598601689947855201144827871203519183563922257593450235718665668370232084166571525057908
983388641741594344453326985049734321084546931239778602385116426327084011057656194340249892920932484597862690239895252251330396952489364067572640
482189218518100189457855790141315531999579209510367835999312335259870275715914655576550576157436043382968180617953091653377342734504425037660776
235462037315683473092301215500860264155222657375980050626767162396146838017789893483371924663327375726593381629831851000821640970099227127378016
114510000846442778843280878584598676772634890022234802210293618285950619411888644223908232453735300226993103510568646505982680466976473362518412
55461693001910586195571013045252838971907945393801951337413520295299151903459513051804187168079429494906987157871970367065287278688227830657424
26753346673153309463764212694925426883997729787866199361775410219550419435855721122644818468810435227313742033946184928079436277049205010643032
12853060368007932630397602205438458879635872014313044617969423409393197964905222133293904980008476526237416177416751179082178901340242787266672
6150162588127330004215015397165548066086680355595826124676809414639096750476409308547109784300953591140962047811559156575702273579816021373657
2931072014009763186954676029370383681644233723156829486328934122952601970899334493404992762895303572525247866408267912261887468472916131002972
1391343879553281633983201258012943931864835852207619092199280946389334467603196359182929223330294388050947916333924060468154134784767032808238
657837871557454874860606063905883755726173348922083027438097629340980341727438925058247064339108934903088202931457697907980156592050473740788
309804691577054175216007677165162145774464768102239314088001181344405518489608606346113719945228683556259066382776258704269089339321856877857
145328302786825060056915987106419216315390207069276210680825500442749939472431372966927524108780760968398066766249684743638198259227135087216
67906899926041206189899322200566427335137783270973501081519924442152701840412513644805957588457167119829596244828163316971334874484313626304
31607309506297064188219849749426714601179814747471074491131777888378577446890502971580496069826708884241795530904997027293592101095438824992
14654787867487717795531109503729957228807450908700700317212032595509178148621288277876617321569023858145490284855609769839343429120071821497
6768593241443545880463916252440549923276368680720613606863318020041801398827020519953866843603188605209030935658044414715545117517010206540
3114244356229135604910796356167057881480784170443171625789236261518091037437154079651060962268548895217059227815916933938384968014234870286
1427417085255771267545168128717599334583200031210980487165015442640035904552382727905656898625697793063261427976376865825354361647614997684
651780853049309584331642448840997133939699042434826662002994141593132216785520773317727646014550547694117023154642111746544820620575948801
296492287162233139883411183248940520815784495421359603566421263959411350092122833469836822861054706610862321775916674682200510614893064096
134367707798082730718132354481107646479691980830619291939799605016339406358670486565288108905440374936282472300684099580654952093034528666
60667312100158252145955418334406859742625063395172286126486025187868916302555594071021293111245250785393867533709696536726097998482398848
27289877290091252112759009954974500555303253043029389013934661443483101802039574962859507971217103119309403771317532846625878253228222183
12230495634877038243040376798304296373635797740205061251541410358963967287545000118711074981062019921792202593068568409400919733981464532
5461234792877057194051236822359996755959872926859707187311345019346647487627320616311902642348698697485835601665657566663302777950091640
2429688723539747733341146075362474170890539009093458233810924701141911671561741840738427934997785910857330006843486727497448215572052700
1077040693589014221354645380217142897342552113606970020559577609752143877382348237260028947872064722878565292389107940666308619406690135
475711839524151227141585217031593943212865945382706159219591310554954894790620926423552185926084573141126057044924901064330646709802832
209360558933031004524140523051172130861907109135347614434201420321160419119595946149062827597240701968196683996220950597173470036370374
91810747088031081301524165724689834230729888988440118587105166613769594646607242403611687461281710594273799922041061603243576234065936
40118860632490651370908390257927163992538784500104778378257093376581559847285477432692645470316369982299328427719046311508469736639065
17469027838617260758976090997821876601842839316294693141534503655154008677864026558287956536416045304358389137413688303761886802953548
7579884744122809023016648748203453860528784626609874862895087736227433281436549578134219418297192233327135080418231387584432629841872
3277470599095088761901379259948221454972723156222287720321381013007180744788611603740822960963740324412431218898496121538438038383492
1412231629468457821676982370977313198273033076695750524802955621942517593556988838345558153098869777922659496913365218434752713602340
606418645083850425768726425048778557814507553450706374839625116515694355107550034120373014379048279176841180060830905019688289391532
259505850472510959699134442301393938139504472091885162143864231319603373204525438679537072694013599885417812770176805576586676243016
110672118285826544677310262135021683436419185212066419799143414939208642789944629043946834150090244906458435003869688319639281128116
47038575738348543476854931731767317557916448132940333629933795258633367403051085485067272468826019239454734069066817546479046322903
19925229054413417600988252096257220269159004984238306049901053751119171549063271293157641380361692364080672150661990585879700766000
8411897539442650769137074812321565899551780047076353900731842079347139045743197117002882582803781927638790970873771045872683130462
3539438009760309948839728845173330323774948526852061641029725348998972046866320256622870824086100205249755701616298047079798300048
1484336722265158972328944425949758624388793469786926058873306488575080089165142142360391237421287554532092418619168612559481811207
620435067390368584591362747162768741461854635726273309655729424710800184151813890605370766650715536183746914455096539631080052684
258484143615931913600682218566893477864876318696756939945322550096202896743154345467852869430077177355154155346527981602702052664
107337851857603456365950701317973403739960399792660306935003641442585180996719990847865092751541869539073490462122310732225801236
44428426171696201538236477742281170270336998229669335123797891834411470957072990713987995259241239842781591798431468276614202415
18330126207985957634134582957850962966421449236128810979013290830993855110451617934998401774401382821491573022380535292266457600
7538306060198037787343486797608641803988729066302565630055561845292688244673657677954263904352473203921946644723085859042001654
3090245352444162562092776223249317191314546618030874756270908139436702362174786804426159252403460844079402359211213267829344032
1262786518141130838057051039507756257256811100529307316662866327188621720812554796859949434514167492716761888285902656614661749
514388627603502593687122936311728339648342676542409240980650109409276489299043348369856896136137114661909419079208234040183636
208873646843310229457931698981461877167818414942069500692678926327008844606027030445796684352048054116192363600836688493117534
84549873738109307778738058783184978077349739294777232314540432379930699902602659727501251094704017285972060294251832057889452
34118125498684013887795635437597866540171767353768596907286749041230627368470406220744790869085109978351095378539789258065508
13724792639187824216496942580385667504920565326622540700787286051731333690599526016357229922612434507147050630927510983498836
5504020635384782456082952062391187542356694691219376312064297046469649653906041704557934965906262484725823288999897164697258
2200456456746947465378849127499579291779935957547785087626188693469188951128903736475637531481448473684249036775581606369324
877017782256921328673271667051811569419258020439256020516767259704405284208319051750648856994802873398871066826767190927874
348474427357107016622963706059792206800545088641342765260901326831899900396434581263793397989629981925421938787504545871388
138039652215888259629953849119292608973076377261477707093227248316406120524387738631419627905442962281099323092861257661022
54514278299656859312125901271062995704564662392411489903949690517085339484932981215847686905168615303870831030769923909012
21463109902930340336571043389751316692053866020743375058508691135557236629632288774964951199717494125165285162327974100632
8424670789709425556709348758077787673082075883042446255975112656539566719621765034272516393071146527557377555374190482908
3296798952085219127768635483223459461276450096727347741421896343559148268323315133605927435768691185607765755191268145214
1286210066976584289214396230569015521873569560850735972122153759519835945722169275540742511556613830733867167592987473540
500277829899595676857241985091315291636142987829163047711348291469642766142333141478162374285917629072904349566603557701
193994666930820569084598533982053324454873102203515944106431505089928543099212959113559711628339471558359213576286094400
74997365302078682458617189109646506062266668708195512254675584339672570377013321487730410015415937310189307968522219802
28905307665988058590517593725529326977080235310260480349213428949916211710505223650186542966828987801005315803606691184
11106606909530961084026723270003151778667068378723330526023658098609683900762569938186467844244769795600728671743319534
4254547445297969454382415824671258744990473222692979450964068728456718306813667477056389840013950841120917540361870776
1624757393906141456646067264178327611962345951187167790095358305350017508629629039136699621765676783922071126470434210
618558668340203688925697982359229216122596064021376405349365245744829908317369497777645053026349748987476957459653528
234759690542149314053087066115459680500587491335840671924950756999584581003946094494137635037012477104377707541788610
88819514717584420451964178221846050989563312159639485133078947208665650349633042418909912302486325599687186608866624
33498579808279200727164959293418290794609564700136435506449620636736102198498450725989726448888005047057908704981982
12594104726191492761408832389308511426177963971523075083627037879882660784295476268095500496758337914900895022069168
4719758023137115790369094861309197358626493198243274747071861639776159525100548291682746326603353388618128490741008
1763076404342175676627873003533321976727311239866160935908625297493452878086034638361609253816226446977521894444816
656459187865095671976925752702291388961888430500456177135002294893657060546096371493853172778461467769973714577814
243620887759177164791439980897467297367386872665999188754466201950990307314289014994844232572796280104029313636880
90110468983986175919387393782897708451774051253293305722953744497836871471007480152507919424169331127560312957397
33217915642468221438777410795694513118084984959274082490825903101996554338963523435740012606804062182500344334740
12203575705169344193951729380936030760653623776940971363197454210236086219524262874022269742855158309992772159282
4467857065040522074756651935024348725355982377057608558091342395913661996431126997622856043044868313935110117868
1629999643874318653451823731349864928167098398981754926211140899707208226997200606101250210541908728992120651356
592555442247753759596626419738445302450512689693214183658566174631192589576761425726683841601229137157202645636
214634636250107064908255851195480331783614765868217528465529090628836718166341342979484573555013525522323447234
77459433311644208262536371695393605311859611092523259274436640460135754584516628567940645114810707072189453388
27850071100893405013700277431872553647934470233611637499042258423064793191549052825623096370386303891827684970
9975322569571481242367000650005911488127546404410649950392183688793910169577027121159329748256879148191132380
3559167747132745351481714116383215615437880244646777234180918551359425161477384220683273249404799566937459978
1264904160132550524569808364800370092759816061052134049674738159370326132978388684011100373905549239942040932
447741471539350949930879733154193820575728924971869292443404002550329738201117349280974371385270911296451804
157839721771715047965630736363318190923570225248698480052490439730242934066810187812161572369653918982748284
55412133278209383146947051846107290487481043239583759234534914398875373395248889143448063815912113209133430
19370128990271224260659016633666532707267725497862216063325626229442975760435079131978558580172113659154628
6742287966498916704346674266225832349072476102924867963961606870873381238009018334459633147286905193609675
2336230028297458399361690754393626865965452169657841083963655222846361425060483152875746385636724063758680
806035758642263410688179771503683817793634544058594723578835670234443804427928960653363295069158092502426
276729269721297562396003744927107892074997797888830448867076389097842539260309341030499425156237196784296
94620640260731530940448742996278363128075742983617610109531466023659585468938867840810957193750577784857
32167768190513179841593067728275783699739452993961877012966101965058545076323375622777198694731000518660
10902862298466467279871402654866468501390157808340984763957727206498624602049423280526006312216573834404
3666600526843507149892468117140685227060752384067945437700356561319857969758120455414993667317372412556
1233628745288521020576579743997870523980540641832229390986355458169686443280960879488113885735354685775
409462548221971156079382277430501730731706156979761255756142339708181488289333568757174118804410542512
137428622333531042742043886143446881386801084723542359777826701683428735227191967920426616526688037710
44759401909785678316808384235538431889302393731840878497505074234958079027597667516814194612068004208
15214027119943444484097742568009177534619406861535200306436245437471772435411563245873241571520234821
4784820848296694341501622335694385281962895312516691428068698924222130485381666366534304594876381308
1719304920441263632401051617674144635357834292770784873550247349425811982863738305669847211787341052
499723829534684519180204575244372854416070537084551077919664886726566597337622636069375922292230436
211619344926132893478994153054871273108910886491357514034602125849816058943536025915107916151242906
50936413771430733260676686453061025949928286343994145082664043453029126009536196933387545501683396
31576701727013433945498101296379995177358801609251630496999049028068568130452645182361847032705852
5061627764227671422850222752981749416678282249048185155438787938066666104800177369089532394740188
6123075753815374429981381186804840384907522114282470897914865210245329972121297045840036175448365
489804848196290856230804734298549058430766993793537618518419545341753005653025590110271626093168
1458436142742938503842106800348416286293654393107616043683750821651108579605753712637270892702814
46101129870963720612421252716082194821291385330070851666626109107015185519424495594559917817264
382979151443215768832983891090174520280411736151062415047668063448247151872240314424540289812199
4215183205010509361240478857988621519419668204687295955805087235144504170162483008981060240620
103386896437248943948128504739067335888612284359920968574170385767049293932804532943234639848356
373915817468641840487687630051100291841147849137997406653120260961856119693006861712547477796
27847738562517906528650563298473504285618842860872384933616553673434617894649233157181916733537
32136180413826826767947991135073667244472905042168937482542653107462033770831238055626976488
7405451653795425355830756588938445683197263190766511971651011129446208831568290170450713838538
2672156261941915104877014885336152969064676640486610022355995723338931221394800514658529048
1937824485517068642125366740064702129969750949445853897583009783264728491294229217874331252499
214651317295619511456194194705779736439533475928972299120642755154851708447977706619399332
498580850779561099102489226328141324829588013759627665214290367840688760550391714773004054854
16631766854218833358436769503805075177781630213415208554777999742084665186118222314144668
126135165847020869588350463045409510290410667407707334265504557997512932421078371202176923432
1241014257958093609131209998448605377477464373477340673708517074562108500437894220058068
31387436509714593672376718163324235123356840351829169728162153580781743566764231841903630978
89026638146933326270542430935931138793866460738094547643839334175411530681503384929068
7685487913147228750180752504950073719064865388999906455514858542110675448265347551318176422
6129281822174249418583036976046902743596052937828527710401332250735271223590187565164
1852551193294834635670933041233390719329944829361723927531895983293626067048044138640714322
404256567024285548914909977879032857286124927262436472190082358536026505106327822756
439785145799889897680849432434188034718151699979406856882057999861486534825783472199621448
25494315233311676165604424576986777626364781723025004326046317313589821800669606620
102865122127679114510059575871689715432019376640646283715109229214128732877418357563055530
1534328284288462533654174677806898769689081459796203015072785674722503012065679524
23715570721841615509999978459937598016083251612739567141297176977189833631450682157073513
87942804095911683896890727169778413176950654509255034774385427989035178537414032
5391506758463293406623731914187253386008857461000181203503503418187504539868542106439230
4790443593577718767655833630646798517496813351494289710994256948500690404970000
1209097913285489071128249612733329209969189017576342826725227458479427427124737588456388
247456029831603877381092752164203207264703446432109191417514426035623534927904
267570855425630208690329426651640619858759892341226559985200964082444683428085138488430
12094471352831722196683938819643595077605338460691304336567583303182535214224
58449159285297551713060112712221957962134808608102186967573936005664789800151252189894
557990477478967430286289110556273642378858937987924075033461669173268198296
12606596131897999122482625951011381360777672701821989810284740178978891608963371801594
24241829487868408543170158350657229746452548926194174421360599723769959864
2685310458779549586757558895309514113891803718432747589945311360605315249099642117514
989261978714980685452772629614596012398428708454508898608620203243030784
564990792277812910375852533737294808635211782266659258310823786670838659261505834282
37820855324008987551797266962548545586023108199671686532452109526399728
117431718075053178098872031169833283754148814538764313322975499027667873670853486397
1350973870936818867195834267414864529053015994873224779298144925504692
24112640493617838390009152642543305818927968635565517914975175099120148788882307470
44960382760820928299668705032310270458642495971320566938411168674604
4891118833631809236861169613625141570597416466624481159634064223495940998544072540
1389944769379440601532562551959129888293600741770744649264768784308
980011068574699294290712551874323589257330839067509802524047200444291895259731350
39792890594392222957029201964069775019410030067317133701920928380
193927724336996221957517397369356737866586787396490297729768008302331099270084438
1051576888692268871558072773496373029538574339178982545490997788
37889511231126262108854615755947724356379413627043941427942025618534318727490842
25563107155589363421402841674328315762375113508026959695863524
7306980645221888804155287584135656709245184957578832060954982223605294689634728
569566312008404481113048477254744543194821220815029740584268
1390237736728471004614727977496197356799588241861036689760387067003864564482998
11586512430205750911374428053560520401080547961175410091572
260865326283229757845682432794772717143257051731547947300834472642228187719433
214309913664016586662403337767599721228622728937160616720
48233108645188086283496423826122952505064985449597623951304828366880239860334
3588241388893208096356598234003919350019556558574703888
8786709607655000983101009748081502685767729757685981964374441518846415021911
54123196739860752646858123285071852315908941814323620
1574130727462304665990172088879187834964834646115857176227161480120093670416
731606912163978858752156586424735670435192410061628
277678532517340819067180819977320603890699988116801217532195163896415488567
8812128390761325986839759708949308016666989761504
47984929349121405993152970979425832272810003035395255381899686646548483990
93984369774840642040206793632780854156684778528
8176906329533268302183635890395882299323870847032016549855665673427670383
881382411581572377185197295030197019978539812
1352857452685472175432016479755119427313659441635629788381981993941791056
7211206743060140332431586423554437817226940
222638976526113916476810709009728188929339138862759072365326291183511152
51021066276877238586051688113302880590820
34765646075492006571942806222020900937117683922793013037078553917910824
309040936412162555814253486524809769132
5562196887297655958655152968726647670966417247536627598605998919625657
1584048446494321284978831579061136816
795735586993764485688712500655269930598258335899673641892310097298062
6778421527148670710149217223367280
126709662455386741767357570673509256496255083179471172856585811765079
23830897606010663037970729063164
15606495109454412505841087689373861688929394035624528632492433489280
67520235798778770398160755828
2616668461417739446456559991994170812329218522356093060397435384303
150568475288647024437350720
245137595182686837038788546205598184433467246977018091254403168050
256515445900834726255456
48181124681900603992251313532557392279411194736139685784068606469
321216890767162273604
2715323560286628818097030445533479507611892518715473420970586902
280626012049280700
747728358719261412588119236092497223486112580551645022324846401
158765237228944
15667645931525155186534130400326335374591479189385332958183672
51837486400
8486641546242792392705987300176764994570384560915375381190001
7973476
66070
364
50216813883093446110686315385661331328818843555712276103169
