0
0
0
0
0
0
0
0
0
4
0
36
72
1548
792
16392
29520
337212
347352
3766932
6696504
54197832
78259104
595403712
1096093848
7038467280
12203096112
73540926708
142508645640
771113274876
1487662545720
7589827291392
15469952125824
73293029593404
151259787756360
680800416527232
1448626094931848
6174405593308512
13336470087511608
54431627384758104
119849629295155464
468930443580447552
1046123842444122120
3947581501361478792
8923177059287448330
32548604805681761720
74338738898260944474
263092884509054554380
606573432560308868124
2087643050233944128460
4850978198542483845762
16278190631489916296424
38084417983184783769144
124852251640806308342016
293792313195971556225606
942780335269974822964044
2229423570893080983049830
7014647365519381538169516
16656514728239883472436862
51464890339103024217453564
122629498050398533804207932
372588648797363136678479124
890345516618195445080724282
2663446214010446175910599996
6379559735716392265570608342
18811178406239102062464318768
45141872545728272672047910046
131338028153770656107920313508
315641707006897516868564931504
906975437681358422079584123484
2182149003623651139792413120544
6197898963099711736971939071664
14923888952385389868995186610538
41931163412982531437802753009456
101019096430259224904525659406940
280969751644521584337640730028132
677096430715572369180749169959304
1865465693482339224835510586041800
4495843695144632934208794461402208
12276756055944331334295741121781664
29584273737169628803047262818953574
80112759849532844523385944614264104
193002591015766565599607562828988044
518542679986416152667438632338448628
1248734630040158165095730177916647202
3330163541168477056276969705519317444
8015369726269754402797680469771994460
21226049039121584641538835636939667308
51056931079742303111834288438818340562
134310723458303405412085771728035498700
322838259252165337315650780096644595360
843911119320696145552562871882131890800
2026870583945892439137879618824419485936
5266535091256792084997044779813075996132
12638034613999479557362093724012049571734
32650083256807535680996030456976942186040
78277568968239051921594199207789164348348
201119486975490472352327984110192261614132
481704653334736888810205976256976379414522
1231131258836313795887148869070241798658520
2945647429345608253782580455096709301853816
7490217726651359193314042885517666582145776
17901790204210744742025736034160012628923102
45297375281077145472163021224523648172145840
108137264043712297664227322739189245805725274
272318546771226801260740684846366329252761820
649310469875482100245782800148926521331301882
1627540739322508941964788602720998379133022428
3875692896086322917007332280709719897656801900
9670503994490109552498907373469537832564386756
22997176467535991611071889454256386137954647858
57125223719612332427542691374157990292941149272
135650812792829848776193979032823233125821974176
335470156787281188593412255437380211215345991532
795378255576916546818469076612813438109728897646
1958390604145502420456468917808561059312243095756
4635489423489251264404917789996137716482930841854
11363795984457424814237155811872999276535353536368
26849864939770158112474228739914059839897194692174
65534953444713988960137674215791986370605918578896
154545015254790113186266212088140828912779605051236
375563296153095614012645717034368642921552547815400
883821849648073145407320488183539986327199462540320
2138348052112036792512197207790307317512356316747400
5021016499952211131882648126056959501462646252069350
12094109938910053662138909198603677277622875198112380
28330049485425889732133592225770995187949432811834758
67932379829706214353546141001731717514692608862391560
158721604271897160592645553646613034590032538846427988
378867782489948858761126547603027350218634841852548764
882787471264367216155857384174442945851393754725767286
2097499140154950063640831526328026548055804968798032360
4873058237459021195765069267477074274507428661388126204
11524197438261339119064366788690231362905700109988498276
26690896639049277766203186153808771072160717383508241402
62820781567737178525723536288467895135431270034567059964
145020613484910899255393590847116750487920313414084488938
339677891596877524716158127433681989073876898565475681980
781428741101942441633988403845846370327007961270352409934
1821334298716422764595725391813217952130910914967180527852
4174747533237470361183022506379882576138649832978778413876
9681843118897011616977114651761888854369961478061759244868
22107578692935738008058971475633582062390112697154515317000
51010670680710468497752694127553001279692607643851100886512
116014582758097814212405817528793124314644572537291342385344
266310844260381404259771246772069084185122875693672680026496
603165561156986057545091889793457006191531087058971699351740
1377316151607116832185447449422593424654673820777621051070948
3106041325142776397218683498048179566140823053673778138916876
7054881279139495288927337225169016041121866119530208372583048
15838756419816310240212415797404812181987408966631015694484160
35781096393915164474087618386732692139448388333678579843665256
79960737557661851605455142080411611212627743128731821169402260
179648800197256600872145397696099252250271611863687183908228876
399553852089128032447243257013043166873441459439482710874700836
892694492069224841915057733269291198663072586834796507290425484
1975694491651513628371435737057860627996160226504868993450064528
4389271863341294644492326902765182161985959495843305075528061708
9665299689495343413877720791174304425729704555673568548004652136
21350025438937997116220708806130755555904769969991436630013224928
46770164690851333753168554306445798017776576976730845410001850884
102713511857643476632746255279577225198340505703617914727512627712
223814965667039053485538084306810240305038828795330148948814449186
488639507190598520649180677069781125572051453911468106833731854236
1058975803716291357729683672816371596790698470434736952308390950632
2298218481549716629358989373347533227135093652854409146500011352704
4953029391498855112054298532892012426990123946066181166827012721398
10684319407193241129766647592116601880946830807520245564155308634980
22895809640220166297316593317521864516532172328625429578128589007264
49087087376133684517277876730572875870076614377826007030918272772892
104581396733079511772858412436519370912837186817358521038978720233932
222825720684959112674056814867017195556121641189912099294273080667324
471932556083977885415641568950533331448011739452256447775363954142878
999204606725383504536050049182688878007831928536923534384522499152112
2103520327510244130424898416617107279952547463627916583328398791764706
4425358050264817235967779401929014197813158070750182259707363460068036
9259110975562893316289404333950225673745776961819365650694845194533308
19353583745605239558636006274594481230716169975182611428325243670997692
40240408239321532755127061004262196895021720850591846494038743686185286
83561773173354972551670913733583098092933944325375345010422480918018212
172639734155352166051966693957255123377023542600500465165728210009376782
356124204774109253667482123707154522442718669600299630717018485136560232
731003030842437466476959572070212152027162169188958187404318997777921706
1497811673043261761943396484564817047564953629179400512939946103438637536
3054304009554292238023652402241132822854686996914223395355008024996500376
6215684387190062934503358897029167081813041318991894378281671808229381644
12590252738174798462474494680307417611863098847125853729422913513545551606
25445481888654230330102909733276102219693540873219020838237654852457797360
51191743364985475238177481395973560193875074910915112558717748329577400010
102739180089073515772032654889403615468062042792032595723520680198663218860
205268619729302072690024181793289304041031965256026388520174909234802960370
409052087376768687980330008446986969940279961376536259421006612141527255208
811551193958896254029480503821226745532767756315710923212828042547382689516
1605651594282574129605592755424167927261497470580020511858039365333071520644
3162956182477267420636282589671773354003963390341313137993247252211696615686
6212507477487329893908935315341647864399055323153310313107212936025682028132
12149743631917186160560559105651846702662965647456330819443574012821717194882
23688512366306734682598057889988913545237078107304795777321656906339081505472
45988592688777665895942445572529944203411767172176396135268264083356249161104
88997100850816773585806357122198676685733906652125609498251732126829008869460
171496065261580422440132236523095265858694048764835806511429106606079860822992
329376562121553362839121514411412588268344881220331199009474004084995315799680
629927811132811508378977082530282434457677646885590062994224694376924744494690
1200603032074402122169450197489875867280495283884483651833247538242077425114632
2278615850110018354211200002013407939831184629755297865068008309869022554157554
4309301049863307832464895530983560328811344770386982419220633064912096531784024
8115323992297690226615434527184491915004239096190522178836954981725922691920740
15227381740434835765380248778066321934735544319471029756500085858099741054379976
28451510493415342913542812987895089067643833088535654199575798277044418482346272
52962025786117663505786072082736492471533233406228019849194907577859665224072752
98170139027504703057127813199949914034796148707271053953371131816546189644721398
181273559957771959052450313009407699584076771261183981596581052072668778721911320
333301758804622856109406110801398465305516176393502147851122943385974252492130530
610441514517739589529255869081044573472174703750298139712240989773780169407319424
1113240663284776456883537501226744927217941127634779937137553862084561974738052930
2022098125870700323336023688039627278416882589771927878807121701217214295605886160
3657148151910771900555130369987519715407917607908921343390980409146925809922678288
6587452111181787297040155750526381034471817957967103221237474834329707996808958512
11814260123012072273585161361071230656069234437672673844344697280865217960848990040
21100754810045338806355778469214842961491654476749062349746592776760245221726559684
37522271340843281414411549161707980582120642122437104939091785494174122837217598190
66443376361190996653657309775474088108126097089848945306047330274728233203513107548
117138100039836244563748956337200332062689451111978069590562462405743156324774112986
205629879513474113576176233218928044026291312297910830425270610516171420084485156756
359369560570433216562004446236981828259569131692573841997935016199430557864693266526
625329596107723080861842749329988581222456274354958434994487238877891605615150360012
1083242837568258418127813570034426829564823693628743832019773016913655740858137817874
1868216441798480870425879562370959113243809651949834165712034086563692535172313568308
3207443135201996989492317704942011930400769609277550393173623162075878531406127356204
5482111726007706438348095965952438681818634709764554799744366681779188139708111214940
9327123594940266717707666240060613670607513238299766768330421726234374804599093371164
15797122193182482786479681327001168809526851118794349485604541756142875582533827212488
26631709127047496969069898392938749145709759166419071728267488125518086706363264038832
44691435892202168589643654490139848825635738042905964751773876502542371049137153720000
74648267822316736264349632368307156795159184869414985360890319566666625920531773256832
124106254741661573418353528752345285876373335747977924493169927893396348343235877403772
205360375116520558220840028358897730815093287581189685509859916447082780809962489974976
338215002961669785367578235554227893630065485834195135028631193829990204436109788369572
554366075906467450306862208846358808095034530567174208023242584837624534876662279936908
904333830478824457905448340536032373024524957622349613523882851892005030258032276668776
1468137325689299120233571679562145216498357365879477808037511282426564634669300278010190
2371965638397401741306564079299305810261487384693390474006682546929046168850840720436880
3813588739290631847879795836099345209048413927951467700543836370465022837883399875730344
6101532049977003099548808261710747525893582397250788855394480121858998012074359574995244
9714165424026026795843312652410477884907463694341199973252285368909494663911998061137728
15389613815943456114679619446130532188961712414209112783957609405854295072656783037877112
24259910757222349063578166397186674949554782655567679309033760694135250284259533475488926
38052450023032055611069709177482210454388454522941083572025667175587113732202341036744100
59387210942065485766300347676869506343794694819543334614948039686570050314032039529756810
92217163104170798150868380002678515211845745124355299857683141092825218501170488108570076
142470544029349237613544276521481218771897671784757783462363227809674431478576051852547266
218989733079852135997740577755694136462909252058997225883027020268682537700071717934020372
334884133708807941753593820642942464181490826975367971446662307052656029477412539862860080
509480783433439248937100010388368201032721695079113392054704408101599949174702649837825948
771100377470968446173411188323546938243400158812001867931611788376407417311434383192374030
1161004132600257444828399994324859036671967160837555661039861882413854883147073704673480488
1738938930611664473240909107796247009071533141300910842733890643027418756596754252867143688
2590909363884210555919548556084313956837780307485577702263139450204048392234482929643555996
3839952270467851732006805469932360990196232747279558648482015535215901616640964060551517350
5661018997996489992076611624207248616914375276731596413470680708919373428850793781168605696
8301322955146985720577461651110670219658885942084599404542556889564020307100823781723965638
12108025596679013961910558757654835906651732392562239277521950024262694291659987999970723272
17565547519701420587035560073286148766304614807887103139958288202717717247902038814809256086
25345556035512306836619868797639234019422339579022903950101163115329347802871484363395594848
36373324254235660246087668543381208826384332968025491607895059522547875381621441688820147132
51915221597861184509547517467546092915973430587380382792123827513328271409430890407110111492
73693040039135623728203517791933445541959520200452798348336150589440306000497122963610470906
104032230112572738457521717175205460551517242747401342101696183940176632157299398170175077648
146052411339872119950325366407626157355567320995750487881707206247472916145917270794204647794
203910099552632923095642406454732138194869957212511733530447576276825536639683896997591413348
283105202634247845198030271674758341472365204445625091793469061791080276342075280802940888350
390864349350511350259492833648575241933482110390368373610693550091344359554243972124680978764
536615869777810035626852994662320732685157517546348045481561722337230323858108482432275194162
732572163541419592312753263342800659778325621216006890720540363298411330456733437889159335252
994436680332250923106562510698959530670383226483897051728992431420891194008189798317298624098
1342252210189472461575985681082804129439492607130548816055064383323405217127804770501884401000
1801407669517967768658445018832247963457841231508247133002098508110394487460973788698268619092
2403817438951144045216187022087187507859845301909786815883703729105370402210707529701756561168
3189285700427664873477003947447087344049254549322809015428417582278993462839257299375794733310
4207061164322184822021339654335810978941072617518295439203417399957475012350503005518253910992
5517582484205482774724355349633010593134391752728407364534164871114604875132299965502160797452
7194402522767590005069456621972211946610029047628581275788486182746498911211720533233324605528
9326269637925283901653468375497956221928625644635040609055270102569650079491234976591637348174
12019326528448856781351395796529545325713448886824946166593605411240169599539692390419810642944
15399371337403701189832652872700701517517686446947368961037647419197012889970693954738175362996
19614103628315640123885263326385381068278491228053540012431702698565344518149148705706157050184
24835256415730794034696626947001937766083429205238541822016714916239285293348553538944797043406
31260492117744135008738443528091239055631622852695669150942988893629869489651021779035266546188
39114915551813880952049755102890793459231008362258792865048665579854822276924113115802529720544
48652038363000954659772724108978174345724306645188432670319014649501272744132416281579750688824
60154006163136073289288554998541087701078325609413519619483428792257469343689230115446916866484
73930893617047564333772494002026126479240600837556560704337467745423643725256457676681618231116
90318858916745740521564119984681996976250959941690709960511024275720804563876852222004256233444
109676964787969076150624159068043361511216444812837413846286442994604455264473437550778045746800
132382478161154806345350517417823390473269294818596457321426687037018756591495207755696357326722
158824505576045589308820908460500075013044318381556250679832121359744913725428421165996237288972
189395854212840327389853425721710382265122631427038659935499555880100655513403607447214634579164
224483085165141741753204049657985116034236570338018333159184081732162820948567350858281424788856
264454791550601222190761855369676470679341361936645139596978269421973611563200690349163210022410
309648236822533883325544815640706488182241441399421943527434646080869553371789079339331174523756
360354585648051278306419624480752296975446511376500091839126418293150136752432049444098039524386
416803072473792748903182483531130035257075623817890251853229259654923939956668338971746110203176
479144568468143446429575877456371726222078275053490253833952524627766318380225125376145775065102
547435104617642455114655291350804514649335741170273389487547062000662661769733967209027622513848
621620019640072867535802991465017750240262439127743221982075822236448566207509719962189590295242
701519451933059170085281406348665027110148341217930933029303667164719230174368951003374695238280
786815970098941993454710751381086155338948525863331520933924833203316880372560951247307932007676
877045112404748904761359825321165890623135014976933564280074339819931273081013754776397712573072
971589613844428153105530791646454068976697443476593227646225890150050307903150389765431669897790
1069677984697649485014869898724321950564501623650383398995110554107518081904853058902599547418588
1170388023493222416867034415629481819395846615313896579939776352137616325391370778870741887399044
1272655646969694175623202942771885143988336338596241662061897798787868338742124237152344736393268
1375289245929810113596521539661826310753492135357244349324950046605377828825007895279081590658806
1476989519927853351212439863168035846381769266670317222386615796483931668089604748735975381222820
1576374498856442887109291441680883582661228345610108445911049043646100404007166113908552418998770
1672009199373301555529269844817158066279005926203442087298676713728109087341690959161603442001608
1762439093845703152556760944126523243095114302505782517466565211024661736330811676919141250200920
1846226367223522855504528066509256104688412512432029801110405958944765799626355673906540352133168
1921987702833111986210074172962167666522649156660194720891532921164364215616754392427789792116746
1988432249813076071663136784742783831916765251289017487341460336351551956855938949318976305768404
2044398287576268205907613907559188521405785634298152367372070307465520668543121107582054687477924
2088887161554761100102557793821895356611398797798509063687494065886736568242874515464485698573080
2121093067625240516487445060617518399248916932760845605202527440891513361563930177140248783263280
2140427466789195187500109705892914000155896142630342956990677300155116399415072927457974096174588
2146537066391025609675257184052732240181300697101461356584233605172738611462269427645313488652948
2139314614515806537212090226131051578284184735473817502636407849964776175855555968370721798695824
2118902033455739772179851575433431321728817727054436718409701303597853038147147566714603524779636
2085685767219858399502421912846302078100340031788984537705242758369115754319751895105394049448936
2040284562172232052535080731714424360536829533965557418945753091706134353680466837314477318024384
1983530209760494434725810579994384494532922029085865573254879591995793661327495080039631660140440
1916442112512674832309146922222866790078726495394094356098325404693647371871391671964273745253442
1840196737919036153735773809309497770601939104796347172634421907098160904538785069854410253496972
1756093272158450340912475982760910132393138113337366704291387928110213189008039614819436590523736
1665516843850539116270408010979641510461095357500109691732783143765003019895795530745523961692672
1569900800765963386028054175328689328912737727010109230525605465311823780788285011936454944738778
1470689433892757717071343473760539472311539276820636233627627907358429067859169410486222331900268
1369302506949085814214478570068662189909182008286548239334672344301397243956829516359320509601274
1267102747411478762455976665247103452911131463846453673797323813525718712137973904810286925232180
1165367291703513658711608711597250522646157637272217062455994809108284722811253373477202488844752
1065263817715498354594519769217565415116548983028603134525845172878241176087035236323391251764468
967831856431300312770536745065914484362138551409952344784978325712752112111066751347887712309926
873969519270913061254058432211361980104729227349149448496353780594919119856184789130667863001624
784425618995065940594527679088383852545824802370961539819728677416732581360987463495823470510548
699796962325084907349974782325299784903133729438170873849743854989346160644588268679189884516920
620530371569419058392952653433054250340972678369733624161987361429221185718168239636725434010784
546928878015391530954291767677760790183584892757352880082554568246987464536958243018702312037620
479161384072983926047809514970480180873704698351440596636024421482546099216760770532074429742730
417275066785142751047535907924169613990842015354980816150861505240276142928803769697410226666160
361209738067614209642490616339341917859854717555136011511618392412932089577126390518599259924350
310813427091246982870761501705064780504890878524643751194971341795840307669277404398315212315088
265858472837907945810331417257166023436119241720807437332681180576137044271366060269978366640164
226057511335346299166752935358871442549171241899865460122310729948792949939308225635893291327160
191078820863323535534833099474116479740614142469443372647587004333236720090215305714890641191378
160560600664314194432888465054226203698976422659481096952045627203609998175380601163120072088924
134123864104464999176373609094609494141812142907221291471721608068804600481421009108412361110556
111383729717810507165533863727464312637683872598148431530946718325176787409017627924716869484260
91958998543470884103811484872021134975662352637823212955519501782104791346557485325872681441620
75479982872453467330950072527119563318553023933391034743107744182707204264220331405575146748988
61594636911920323643671651433172130141856828226386012701061012092747356580882110612614334001164
49973085001825556930944052395836202156491203849643871630609064925791156877130814055111250280520
40310699496376928232518562840468612385876710925546214158621765107263125322495033607278936923952
32329896415619516254160996725589570210827515167701633397244549985991721105180956492146374673620
25780843981087774304897407376969902718286416707074697116396399061674287507820720245043162456090
20441273390407552582164924207038989026031418516224508946530553060545980362835857466948972127820
16115584149187072392309617675915596239891138944974045624804594404282416518496147184284527716060
12633417751557815777894399602629853679315740133820285150152777789584339991961389839091156613732
9847860579489517284257784794742186267059202197280501240768243275914693622081218255821510651876
7633413676855799587331135647294241390249039707017745025835783082714718549509922571825296709420
5883846428285396625931642703829842356587013255462539866600571862755933161647507519676809781928
4510029095062110715887267763973078270801206251513978643801457916207169691957600768117171286404
3437817318850386292374211259065922952121649354385699027184787408565365772221039488622387014986
2606044018030620000014117719328009320236050248112893890228332159977251304117046013882255016344
1964655174334342662836446090369866724073031810616205072368816428467609156532565169743921061796
1473013791893367109828014355006484470062838945185581778612709211135640609988478090747474265996
1098382191799835786405257527048692396404108137324251127276011677395156979581922607476045722804
814585670982888095498143736449861738286257351341673279380947127253846718304498001667726819424
600851461928631320687958636729782746583899523420598678536628057718715833933737153656085246276
440813742289470379797154482238234175081703074678759180901391212618326335670272397237806504836
321670604017648439186519604739475953714011362068103035887788704762679227381846072026368976782
233478331727408371894341305174445920795086411262311608661085258857160792226406377410711786364
168566579935992608067187171575723199311554815647120506906679416024934134834223852987750202122
121058944819232243253929852603742593737998947143999511908670966621058092248978485151828110600
86483580325473876809057403165875395516500627338675327060277859276378794540580598738378036106
61460024160359139924744904089185222085379803455458530979658309007819214763200404501578583108
43449527374339371501841262167894303707869780084113118716276390750134475683297171739886767548
30557768752348689521054133330312334486817189805728281076877697155033179377120894065810599016
21380289265364533324693470007964421425858016994100661527648304200512220112471020905048930044
14882362913979045996396657271494132215746542858215802743612287197159792689892381003569335664
10306419608992517320271155955089539009170719936686525357477515546942276109169742261254966848
7101210452188452105860272870328670882189625237018440755230052934145695310646743847073488712
4868071834146970891730040714799946312957218720385679139097620593128584085805278865019491558
3320416541740560060834814032539106087219786815277262869622665468531799525113366381033906396
2253464621487782703452740911745610038937027797098740969991484458465600789878348301491828028
1521746651632596664095801153526015881753587293879143484090792079707742431455606886682798196
1022537463837377068449305381422311883775744708755380177267154416339850817056616457138694146
683710148171986151356513652772144841162139020118767026967224470749872919227677985438587484
454917746399390014445807066518710729502298569899846981463987331370791258024271220514973352
301211927211276301441118849578040381603720963635587481100780097108767609757038537570409276
198473443354972167246535658527969918629258357782788318201442842884838404671614779147874884
130146825103797270711530034979545373489228232803567456739929897069089273929653744672433544
84933438190322278734319836814279984019133244521811686272671725886348440218690871842624052
55162917758226507882596512024972699791841901423847426774539549410380389871168111529186296
35657657276769339836062332566678518730899648010340252564672198488664397778973486307339872
22940568434297860704514731948778328182996532690768442103702834670677964375585117317067748
14689797095017789551933048020014081201960844452676609077786316813441996770421289375886980
9362579170003305715998116500252638397141691049649777307105805029676120895154650108917736
5939621513623543467044083773527733254523175613285660237415188045213307302029586395873692
3750699582776787327657574252506031550549581073612215104887191852028955040561483759100520
2357614410176099772942137262316898210659191644865005705057951458485742009861046122475388
1475181637687263709994765544655758760533042323720418528475297566279578644447233754910268
918858770101486348608722680555485801590377312921762396342557931649540173908974834032416
569752220440023329961838035908753882818429270196971263253869670017223041880065271527036
351704190188750332255641615374820334325043381823212029073321512409108425721425564408088
216134736166095731100978684486940778936367271819306479226756611076794731978579176463436
132236009400948614303673721917116048183068323767496984954495471819072021718179969749332
80547418885752607540496248105713309290581705268047280398337191166214625345996736734968
48849007375050809178011863987948399687299943316215214388822580814347480143833825563380
29495614997120588771470662011765114403371995478441010806248095881942854053478901351520
17733142833301171223129439480457617481624126197574815910459427782270204392886628867082
10615294138972143917822955753154563616458019174269772080047321314800869760798870295764
6327461280463569000867802923289834524841542390312889015750012715039319489192774458304
3755476339897172091759883561494474409369604467071272320415326675737080886639886188288
2219609789540428205691604980381011958167055343469335103887809138389770495086961703418
1306308599459447920175221116908809299744332158831395666074900265726994321070492555452
765625358690017874675900296788356049264004050634936225378286470523454231627426934584
446851557847088890186418967840016605777776726670149576603886210004131146750821619916
259739113083859471542963171755778944430779544596493712614558766465438397499656136480
150350922181319073792303802675873848175095498609956349328756381134666445692720166260
86681855046320983434829363918494194105814786776444882964265149126260600513152943994
49769403703615130911508018937307779655407604840152549679166158122877782450293898240
28462750580261502401243850955120522133573123152183819395151459898306050185823404246
16211383208941361801775798071304464588549623277872766266929975813350965884184649412
9197524775006807686258540039700945703325397628158722809161270892489865520114268896
5197162975616437492599223963987979040931397538633571945702914911988276429118467804
2925483542809281199382423269200478385343685342304017528693728922044781087080366006
1640167177874738547068117504925441051581934571481757153002367008043881128908099492
916101639981198864226866118865015460642748245378816793581518424967562771385546666
509649780427451545329973807629596507718853938957387601030985390997687346945439328
282484891188350484559762812107769599861725946997456909588727890336710396851863306
155956495198793276171251105959150862868480001752113411705695345335289100245178200
85790290082199533100188038117271786482960056700845805853258381165473408076540364
47007642561975378437479172493385366490014266558820707229927682850521454012071300
25665971454725245485009505284955276343527192379430156685164169322984320439205426
13958921081287482827613506197349319907845148269852628657182547075359837522454512
7565519703971082143683365703487734773447702295480637301736076357858674141134186
4084492604535915419496309467012662203778599427713602246254749625831325733758172
2197686108341906781243025519046282166011778713856860504887878627540762763524270
1177907736605035446914925768017919830665164472870489866754415319520581977341920
629248600646652173104076251117883507018602199350510369256943951974279493621996
334853510673179010531807070197643090900931375019783282009285467036967707128212
177620026703504074653065759278038536996980323744775798934065513187556401696606
93853806905567421028242868102743487818008125284575515893941717707126209963180
49437622402563613429157225113065494350892517747452684683139731841024044819770
25940893301559207528764513576835371354628344842090390288621961571638441077584
13570680000232783157886765074108379856042536083953992326405013716533343118408
7071898468854522847913492396942568943901833586880571115753441632546563946980
3674565343100737137861151675601207712326413761180073826602765366326570230520
1901895890955289869758905553850231999322229765244742511883872790384865478064
981639773417676621878616909830357014902653585651171508454302826137809646774
504682451637709040841442197804415310069635298591935512932917669652135384240
258774301312358868754658735012870439715392341466384711229728535811326450002
132163354872835719683080106129181538109290917987064664173542397062037015320
67327663487793210085594985258698856437698560909244966603445082466802562376
34162173001387946522806166014326331389943008226356718842594827388478308576
17292169553551802860679313347150576519896291318523659263195182748160931724
8717686897318788030380093567588630446136972123944044851494791233274053496
4384990940348300401535368779916160187535560374946267711633988630459549734
2196634191001572458797742626284573729859352982358091577324694659852750576
1098071258999698037213831228353263449005269961197917384802558928344099574
546630495717317250062481391085843914882472017023913122519127949096590944
271590092174155769942232009402154368345722597210918088137554727798212506
134365632631029088778381368703153258921919850086921246868638206605719120
66358646008693991733753823126817481256313658085541052926009642166710568
32630145650862094795101320397541921972241394585001258704543196594307400
16019893085204294358023705444320459683125840877016851078088598237762748
7830044296598339263807104908632917988996827950934556461410766688911204
3821890533417587181729556108046942919200851669504478534307919282790874
1856955411061705313444760099621394805362691839324421435140062176474284
901220779689429381861642093457904629160236818117786587198458309544394
435319580959598722529032668175155836827005105800848533446497077042468
210085492927785995167214809594012928256669076107377434075694777118354
100893137902434643895202235852738924038582996856731173530014538716660
48422843270900918792743624483466194417763921949463006078932956131938
23122715971403846278927700203791701085371744821791173797510342042044
11037512427355472808034806165833300481071888473947276552209361725508
5241032425482702442386891476312002072220698181010590345154664494996
2488491241026644862399528721766376511205935674987569118861877444540
1175093976226023681417888482676070932683010801722535018179762421912
555037499668813758996658937781893463288627130208806561169136234168
260665222931583130045313742232698221913190156903442594354057491416
122491855108401746672978142027601493528311892632018080985524298284
57217041392652462963794392838665245417014895983982065932249195332
26752740829200645544625324978225121737012041260531030820934825448
12430160276931515384596512360859390284844515943344488280098205564
5783400062270254250040761042545038838738831376321934511649663868
2673095680230019654157087916166121209220922276915416231278041600
1237741682048227766480634872628803301125774688613006225832524062
569136447352286369376067410547745546495886896229324274425567144
262293102440007443879415078815055042674375707449968482116921060
119994238301671970442494072531738806099288650999235812422895852
55046838879757478087275714469599266826528288989555701229296304
25056754392323393099917419238891942038179518976257790678365872
11443148258842097839673984016372563049092175784131515662382190
5183085463878932866104415284857170123153100123178514039504836
2356707341934480371735309804633002069336768997648560340672978
1062258330864673559089315524737910950087448505758289368297732
480941813608903294868926083259203298539816957841165474619550
215739473345063495119229863457202991636241896880720121982668
97271656517657506677616244837893905731980817715496977767772
43427676564113433861328931678340611437272781086894625112508
19501474672921585252840238717764367888426854707520613690394
8666050088302864822265209080100038171494348176882078741008
3876293813578538932117664391802582422473929333033961959632
1714643026101275642543243610517717348354839503630182513052
764037867779911811146934561182298994072645865024657444422
336437602338603290649884922484490398223002440943295796192
149362954813598023435703752425046069840975454078419572918
65477771399698459496192333356889179513700454656924621160
28965522990166610507284931385589015716287674443413435850
12642173082740399322524597956996445392468047633876134088
5573275566031598045641826723715029431436153750523502620
2421962432529124838872060399079333116286531040166073352
1064166998635104444375694638718029916441517763068880726
460478486766639459869985265824843545589785999682473220
201677557176868639860279354105733867045759988717956074
86900993432027333382137705293483435641674050829485968
37942924780347491078995081470946597958193676843962174
16281300831595808867658661514295742482098216638064628
7087686987049430880830879391301598661243864355407210
3028836353253295451654172030333336112563026520758712
1314774997376698585397509451064086844698143480467594
559571559535202180389247599903993197742921966613244
242237489470069111955229850684397855033842523972772
102682443222132812403208759661783253273461603139192
44334389133969088708181497498719267525726373645158
18718084813110046409729723955773005224126259166304
8061429239840721894705818244067290004393036498476
3390087665923580950130184142903105617249888873744
1456509402391787290963004451957788992820428843710
610097903141705041435149413516679692169088936068
261515463052894432980039547517008165714259637820
109113015007255694531170890509592009707614647204
46667179491364563037568124823145970234786820158
19394799977804193653075800058537983348981540956
8277456529942005916722044647110803195274829992
3426592657618764480307769745104039400194675436
1459445207948071686779176813260227502472998264
601779829262888257603079522921577511175762244
255806363032864020784174075833902762013611148
105058840216579075671132912084685727671354672
44574551451886013985609560928980586501862038
18233123125886201196963986002547558417018172
7721932254500643008179239655774961215028292
3145777410913183994208596307025125549202656
1329936989862326532427523865096978080699394
539546906304117065613289709577866800183068
227717264909365700404912283345418234031644
91992190920981302884895688960507624855984
38761902364686377275355058744392347024512
15590839518093443584914721352144949038964
6558932878532565024224246757774078936222
2626338318718609411225049407187976065364
1103176579568466008792806289969091974694
439692988874352056593301195237124573696
184414519262323094326933854241487087634
73149279484554809198251908866486383068
30635668380592195536114712446253855074
12091068403051858092529495386683217096
5056790070121761958387180431112230912
1985336412511440441571184764681020000
829201219515790130728698153872644488
323762805482656446785960416430341020
135049594514209166814102510211527480
52425127001026238037960600712523508
21841099342726171391535270920904252
8426658001618615147005958371445032
3506642494702586351921385154367150
1344142856904002918015420992965408
558753864241610022540244129719342
212699919485520691124213222079696
88333606081415766401990071713216
33378403149390691580616062859780
13850333374709673868728747343956
5192428494365249088288153507120
2153095511874834531052821975822
800386111334688271970500860104
331713603389482430274288905130
122195025435061362991579278552
50626100339992183122641685084
18468105561413188305550788168
7650678062532581422780792410
2761671008058027756942459276
1144262603747076197511719700
408383274877543664402974524
169289042582458852717938600
59679537919572606989289552
24760685957516743443302304
8613981474693510952925700
3578293776595082779288980
1226925697980840230270844
510604439640132209179254
172382859232662037923144
71894864192222069507394
23855604953357847899448
9981720694040979228714
3252741582145792697604
1365267819209890932642
435608837534052387864
183867360010097066370
57461692258691312112
24339450517186942422
7406058020928674004
3169452560990737444
942669236733924708
403998642578024190
115932354085697256
50731830159483150
14232581044389432
6176022933023808
1645331313362904
747872309751984
195878166255160
85619117375298
20697149373012
10075623113772
2432681240472
1050862743324
222855965124
123295857966
26923201884
10977498642
1941964776
1361800764
259364724
91196370
12448476
13329540
2058084
530856
48828
109080
11844
1602
72
648
36
0
0
2
