2
0
8
144
676
864
9176
50544
164032
514272
2820552
10903440
36304772
134017440
548430392
1906685136
6545179954
23420330400
83758727988
281042765616
950146525600
3223307331312
10790445189416
35263730347056
115448855746716
375166248629904
1206717302194648
3837783346229584
12166158333621576
38251278570709872
119382361127864016
369813395708896592
1139875544754659362
3488966519499767664
10616287890910472564
32108182188311840624
96610813277083010002
289009254993349401104
860150834584971135544
2546629538733766955888
7503777384463762645120
22000758097974092205648
64211163484172645967376
186545807505691312329616
539608429584084576503140
1554115619560719521857072
4457603878461470939119360
12733395381038523699692016
36231716289706245887119084
102695887028732707041578512
290003749797753008952569116
815948986144280174016506272
2287633307847912494596494242
6391441237823020958001943920
17797057734567529384422971360
49392432208169471954583278240
136639712563854110028378209664
376811057323324188034704771696
1035946025708707993511276432128
2839503919686833541375039472512
7760184360078473443610683867448
21147048471060346653431690005200
57465132012767829691012339490440
155725032410688866588707056863232
420859763591804395859700964173452
1134389332669254460012464656843184
3049687413152448579866995866493624
8177790802458359322513652672775424
21873799793966755767683844406959458
58362945487260125597613634462778944
155343312176018069536512760136713208
412482574898164450568816741764515200
1092676800862122954383544476404420856
2887781615961248716220337594123812864
7614418276151152221598208413860572224
20031823569342810658486867884691675680
52580760296556754704635726881593561760
137710071765151255608638021212474208192
359870609756935961259088850410064806088
938376325720716100983797528631438916160
2441548176371326245976645548705936788072
6338955365657280660893279111358773656896
16422535029946928498446691723216825671000
42455879368265350950860435016433351839296
109525457156134826659292537987133659559500
281952220548818691545267163209969198422112
724306236972026844816894571188600389152472
1856767406462797610300691778614444332841152
4749885311186704707282826752990705528181944
12125514998187810113504055938120652178353824
30889388414778334091305371106809446332959936
78525459064029259608525627355907109531500928
199206383170784055775309915116303900015442884
504297275109893825554758164903665450120974336
1273969914070906314666471410744739569751365816
3211581972991390340464563067807165814683265984
8079116133705687931659852533434199751277343154
20281075778524938175193977015704471743931742912
50803935647355930786961188224853344596937611136
126992925410226546446222549441489010704088890128
316762484606846977927842637638597237972902087244
788416876536987999456603250075798652776456724000
1958130640467190979618800132370336077456007757984
4852732214126786777431720753100836176365032140144
12000102912265290302172687851986877660437913369556
29609590864492750869737556784311275588700702011200
72899275034534838693374754215012671331112916257088
179081913086126099611925168488434926349704881299216
438947003166445908341377943636366098164128137193924
1073490558078055825598089612683796892986018048582784
2619412451610240528119620425703352824210667846145072
6377091120971738734382693057051722568542604507359952
15489871736438571942612776467357032388249096582982120
37538136502401435161417108076479177894494359636524928
90759136800829567934443402159738020869447333133180180
218924158227633605429850484430426420591956698298907104
526836057107122977379699509220536732824112369690373868
1264819106160802635923408933973169511450090710174435120
3029318916443319439424946407524406032420984663024420496
7237984317418959478578992380680894993353731250627166720
17251967655066019945803823342567789257845083818072667716
41020426827405535386423925922762277539514484260342276176
97295855048071737712507103848203731263894970600197236208
230204129409900572649004192269924524912165689321828968800
543310845198916924998700545450849948039277653234060628092
1279062976221176979631602023303139537901803899717085274448
3003554239772255508978059568138654594867268415456711817216
7035106086082060768736516341562421998204381139405352304864
16435729512082452231026830029401895900786236215584005363358
38298516036586108619684519125517601184456073267691551649680
89010434850982594563915158482932079319725249742271103466736
206327553694632055538172035054762608684131366322786467171792
477004097773765835050279266049366128598084234955719577023694
1099832987430156543407839296663521980965161588326627798623328
2529078053530686904662964651025424954842295405362615837243696
5799888299309645232599824392529115247907002697399729635495952
13264470349400019276202324769546396607746805128600796897331468
30252690559197950782012791877252444282703585437590554340379584
68807022774002143298408587103799281532126732933863076336425496
156058346406830099477830660056497476607768075886768333042997296
352953468354543616628532733417979781909648506060216569962330404
796003205310618686104470600983889927970297223966429483487799712
1790068806753316466960501138366769323736358382352580020566561312
4013957418862400956643606977204117329271253947207055987481337808
8974586661117697157263693722890359072494276779145725731094809242
20007152698051704295627968191338245341207386004194717371526477824
44470875784788899291983374208333638922304106623108739489236333164
98554400360979160612118092270404804247253960286984252405917242448
217759257995519322393685481596504646070241283468228422033194690900
479697866133484996644808742445413950439062603273490165121561842640
1053512583781885329549000950235005943374853329327883771497544921120
2306654957517408068892142608884695449032560372919951061167363348784
5034851285959289017712052809080665116421997288758622852771773682788
10955743486974991411959238535218203727621139047058419999705863773872
23765026582444973472553712690372750081468269574446042051819570815944
51388506322693493309551741375740739499791154437640203700820827795952
110768144383403414282347145366977191107471492759569211469484030903344
237998857358759123130920413548699063212399529467440669371683556402512
509724883210725447651869268681279359221347333664336116513988670520520
1088147054967740726348390612808201618752341906593127679487096908550352
2315367418028728880943940078186477894768095043655210132857976170132740
4910464198261415370350755603966081627926269799563972110941080285325808
10379708953958545929496303901147977917959907089543137351638586103662836
21867414985783750186871901884407555386226804576361987350040806756143520
45914405565201934684494757302325642837399927026238816668066691603610062
96079181871224577096219062042442384592905569450620949999141698244702736
200367812847781655838516884117900546153968263366108915839027303613159984
416422730583067201820216915662079033541599192688116772717906185739312352
862458371591981879817773565769871912707118227316143949741854194606679144
1780034808088899783087226776298895187602214753532977373556194753292800048
3660958772642307187542383926263077103624387682805625013299625910837095328
7502853775535851527364454644833181164122986780792185642601208259738293056
15321902595230929185639297991012958078865856575224785969620843381171301868
31177602093390053854989694455988142478199774457135311801857231521504442128
63212899046282291559214870279574625486140533178494977112155360196409461792
127699982517836740061258627600616012292008427724232313301605758037370422912
257032005077146510065781313219227799350797018699070320860855494988111035726
515446828747519372613924750323608180449288538118033069903911347263078365072
1029840260040688381079500752210774136416465687303391853409144563851690543416
2049907054956716766771625955674751677847553479411800148469409677465446722160
4065048475474709979405813179326556745856511503948570817459617895460251113762
8030700819615193714832536335857503276650020083952385169062095095992870827008
15804697523779519040235535148584381588796207217299341261388052950743173990368
30985091279060733401817388668327149945144970506649998155638492752829972182704
60512069656000572386165122098698294468957227174668001731619851845632332068948
117717930276290752314784239520058619985732395713481174012359685262735936287104
228109472710345276175297522166970812252887693213370950675767202730939347909248
440283881330166008166166286895672034359906878090322269408240995967626170454992
846446760852602045214014756890589480138684640544595669673702810513678672484888
1620811459004294488396528889679834645570452700609725588234145201626913042491808
3091148696514329897798424128162199941066123137770166677779845113946785158462352
5871517543236022729659633461333926386409320721963705436048399737240269083001264
11107399180234689925346412354607452097627778788959865143106005729342511468296218
20926393877858198062464353564167730179986838787521735001256795119753080760189216
39263121192745150141593421376418497803924520717000227733735265177608456017287660
73362146757074321262124625282216800117244754561652531881695864733632327716672208
136503682865538550898253517897290010444050755668139584907067924969046708760806980
252924056900297588889938845603136479735360848321451572449733741385435480229321584
466656817995156372670785973153489248478716480221539127283165573340877383730792568
857343848789144229709084981650991104006136983368350544853523451518758752178482608
1568377517991359456692765231601263379913878629218362923634111854885442332760240560
2856751772745928187957261325600471710326515743921142851601399102572468489771701392
5180943674711796840910828307658316523152216857245107751296701799359970858505354168
9355086681666204711447312918856213094338974958885601849640823373996991233678103952
16818119056260028820264805706963914702263099215701815602031111725723259276231108796
30101334035934070577667053496889820203644594581690918431208916368476407132390895504
53636545821173908655404928325247082984942503049779582662025974462230496071031139424
95146012975974320110564214441740883232889266284018272607275297336880281887842747056
168020816306475454530410181614747687252649964903973078944434974812974983901664324452
295369898409473298198319921917781409891154659684707951559168923180594909573397164080
516877875329976005208185627577954563242973083002530912692814180119431940510262224036
900359834940587458711839715448796372300962922699200981362600226337970939073783619008
1561128369384772541146718129175656610073940988297555209032913692387334243026376501862
2694283569178714073075203561957504195578343167583888861263094764991015400677116935472
4628262715728439742523913426469960948751217079988899963047150115095710239125321997664
7913170585999157213078302087339813943077133389578772977802712186671422948046947457760
13465691815245316150239766176774344131795370239791658827153171222258307909833500407132
22805531985258399725238414067800817083438340281495654220749175394368961551880951739408
38439072475511224863485282592232273130628133013383290459560587348812350313415522994280
64478436053631010379681216617422503271309685195577377134608483986361874648550124729216
107634805085944863455788828029884836440784137268396166598450158083877084468897782201828
178803215969996298070294433202294107615841277566067189720725187893837312494362799896688
295576568038590805184199476638153329838366368462391230150497244184466587628278397454064
486210649189203601375448128136186658783728405575924792708412137001221376583166313615904
795841207775550736636038521810316811881517689391672359634300843571242738927032608287762
1296174788681789941240514967698996065350918913299432053834935321728563121033574664316784
2100504453531512967933079659371053780645338393231461061599397423622107517381206222558272
3386836499890938457632319253598649262181902317372103282895690923975493927452733120328816
5433293246903769384665503259787442801764232111890610725698687808307498561157191803490122
8671975741812114140457932453833709348828643783038113031180384985878151780870527493508128
13770403640316594763344463843474503613054427980062482690873825589555017384282506719263936
21753879364470242085450263985545921087267275408218747573476380548655990507939581737801712
34188175400721692729332484713889118666850800300724769145455498551922364885462418660502516
53450533033307139931902938660283846065317494211391531989792825424010071442731055819575264
83129052609520576515966412700907226085699005089026904589586760035592393236710250480169648
128607435391436703351156792065871470935306465673626506947908902136483052019758361437914928
197915398905115237728868463630669672230582606936095155209935675161471389985523569583134108
302957134967036353282580365425448594169153349602543514108608403064085141649955020081337728
461273741084879436773168720824700684447791750522469999085020365388793316605651120958222768
698554211651744781873081858608091430779897056449503800321829984594966948716790425936141840
1052187785688278756061020499017471998324186218792279184040446363355011580183194907300098492
1576253675483738459315267279058918809198104103567113662122497738853993205800946243874270688
2348479007732833584052304846068802098296861034934489297024994854288468361986949037494073260
3479869907280771463711465097213521844010199405659154216300095357449965117881866730075646656
5127942873777748310446105124996580394741162864888346991680446442107999778134583002361040944
7514763741161928432709003577448655627068696700433339089921755937738561617168293921392443376
10951350011230491750322024252459208034772295729071904251688954904288258576442087862902611856
15870419749260344679726160444994555430241064191459651623791867224133106215825897243766885376
22869986297798366045566974194553203338718501187796479166257323888233009879311447205071094492
32770910610964722125779277692773982764624262313226265664922041060720026557784519428867582832
46692236235438959923372792839285965834378246349374558879464585365233937726037205580701661984
66148944346887884899338573263749807066688841344014988285940657929131344331515396991266440576
93177667949089415783751115634787126581050393977738050151607506144061371485794241670627899324
130496874113419009628321865181867218691435037346492296975049430928160879248108410996351182160
181709024869883135629156973581750433043876340407789478703204464224051573312208968778087678624
251553206400379045523216059643915753577862783320126481449206450272422151733307469506704862432
346217595689413339397237567390640776881417837284228639018274380790964638037651453286520744650
473721811529458786745225540465912314367791210206887444231197218422128158873550852609219727088
644379542882161083948609591992205496733170812270797974509173315285627294706981431280626412744
871351703852231422481980375440469052127390358527324328825249789219025120884086313597912515440
1171299546011499910122520213579743393807193563519413117023791757587495790788299141568644812298
1565145458593727713544720945744743093088159140998419370249903372408102001435645017629212450400
2078946384858773266889236317920420020855650497863248606777673216440791218512994296572049573456
2744880658199016976854923115419567137490741351616411744552377205724646790678553326500026622992
3602343411896369985944990475218229639541964225603953336068986317187688183154693452211484160140
4699138380899665119247201957392914569666423611047011407156687260542113489916669358455084521568
6092744801381586988676490155923817637383277189709623025917347935566197723270774350002185225720
7851627234694068748352916711047770781476381377694851480298972538029972674530169294630151937424
10056543642921061264427856017363762123685464716023380611135737708888513528347675656690159983044
12801793238767527722000739317296423855255174538201984560588092289568031002394092393200910169376
16196331036368690053767670741931251007580805657900118094999232601502363952359878656231477023088
20364661373942313457575906213275446606164238878856596103611520380300915675456348608223791879120
25447408922726033008931466469079005080969133150370691669807616428305328490370408678187592045634
31601454014272841199215258110977238195004083357428603523529603020516910181624678622119766108256
38999510868488041095528524741429687125991733560410678893488869567359322858492260137503334864996
47829023971571859395291122140478989512408514765917084575409622488588915733944671015064232954128
58290260959320508783363877927209321519673606743669433887922959838074042686735598450317996692096
70593491356372286523665723925407367085239464895321188743419535597542582313750882348775398836816
84955160645260406783528668220138279649903715283686766608123027598430869945113251873912521983888
101592999267015004203700430014775167946405792077590782718138422333367718959007800953326564669264
120720046642387681512875814924538106666989967484381366196397032411192512603678661460251841504036
142537620831685381631903353445887917851070608835921029744330012646615905007841694884432025846544
167227323903943793327152845613028087868817247242342182372616597185068380696585692380902956381032
194942239459427413367221654716899014616223728640257119406358594941615919641681933687493948462640
225797549127445571614616891133475930033688204790710559434815401926966039878298754700687763795936
259860865462968471061912822373732401395982596954231976109708793583055885354493965046576666935824
297142644975295317231782239511059689690997493257014422872323320571402883732087222784640888351992
337587102011206737017874340367468792945379613422738247621822113765766179798585812584325593031728
381064086646326266952219511220923256856426628318261855558400294157532554965817927189571664819188
427362412542919291333563370179796602474041341217320696209745288753716003998782105604393814903504
476185119435211846327939773963302039979935349009287573404149329259988385755754457867182059682676
527147126066532985978573394467583487356235213217287236747681650191911380016828248490046668518944
579775671046648858447860788528452367648832456437620792417131275591399786563486587216126082906298
633513851059594087947344672476243424349215982597180596212309320687921118644526347551244571513392
687727450038254457254806677022880293617511313762028093000033350685251868538303111244447890884992
741715113416824253963665992756980128665944095755094409243757440250198226468038053748064230690624
794721764578480654599160138549001367274688403124280191640690510970878792493507319789671484542920
845954994206423484445747340740310785861957955134366442028528716455760773185369152800271833898032
894603986935798024216300323453682025359606335936411932147057250817231992736507054092055891168208
939860393853601538342992671937547449596464493087559185998665397797289058484571466075263185251136
980940424495109671127955204360500202786972015939978625310627770485567746238382743903579739635292
1017107327872048787177685455626666356579217712112351781500629595167630076007913483926132245444976
1047693367121587659471070403580580853522876520515626667533663919543056285924285102575608135772448
1072120372789334317712792576521613907945435727976139424121901658595781055017283686087011839008288
1089917988986393278812185841775280934718731367233218099269213734859094144214831088707284936444994
1100738804956397613584247302059397607460368411044312360955850818883383875730992034929902428804176
1104369688898886452337777426732354272921063865193314043214337764044519276950524948647188833880536
1100738804956397613584247302059397607460368411044312360955850818883383875730992034929902428804176
1089917988986393278812185841775280934718731367233218099269213734859094144214831088707284936444994
1072120372789334317712792576521613907945435727976139424121901658595781055017283686087011839008288
1047693367121587659471070403580580853522876520515626667533663919543056285924285102575608135772448
1017107327872048787177685455626666356579217712112351781500629595167630076007913483926132245444976
980940424495109671127955204360500202786972015939978625310627770485567746238382743903579739635292
939860393853601538342992671937547449596464493087559185998665397797289058484571466075263185251136
894603986935798024216300323453682025359606335936411932147057250817231992736507054092055891168208
845954994206423484445747340740310785861957955134366442028528716455760773185369152800271833898032
794721764578480654599160138549001367274688403124280191640690510970878792493507319789671484542920
741715113416824253963665992756980128665944095755094409243757440250198226468038053748064230690624
687727450038254457254806677022880293617511313762028093000033350685251868538303111244447890884992
633513851059594087947344672476243424349215982597180596212309320687921118644526347551244571513392
579775671046648858447860788528452367648832456437620792417131275591399786563486587216126082906298
527147126066532985978573394467583487356235213217287236747681650191911380016828248490046668518944
476185119435211846327939773963302039979935349009287573404149329259988385755754457867182059682676
427362412542919291333563370179796602474041341217320696209745288753716003998782105604393814903504
381064086646326266952219511220923256856426628318261855558400294157532554965817927189571664819188
337587102011206737017874340367468792945379613422738247621822113765766179798585812584325593031728
297142644975295317231782239511059689690997493257014422872323320571402883732087222784640888351992
259860865462968471061912822373732401395982596954231976109708793583055885354493965046576666935824
225797549127445571614616891133475930033688204790710559434815401926966039878298754700687763795936
194942239459427413367221654716899014616223728640257119406358594941615919641681933687493948462640
167227323903943793327152845613028087868817247242342182372616597185068380696585692380902956381032
142537620831685381631903353445887917851070608835921029744330012646615905007841694884432025846544
120720046642387681512875814924538106666989967484381366196397032411192512603678661460251841504036
101592999267015004203700430014775167946405792077590782718138422333367718959007800953326564669264
84955160645260406783528668220138279649903715283686766608123027598430869945113251873912521983888
70593491356372286523665723925407367085239464895321188743419535597542582313750882348775398836816
58290260959320508783363877927209321519673606743669433887922959838074042686735598450317996692096
47829023971571859395291122140478989512408514765917084575409622488588915733944671015064232954128
38999510868488041095528524741429687125991733560410678893488869567359322858492260137503334864996
31601454014272841199215258110977238195004083357428603523529603020516910181624678622119766108256
25447408922726033008931466469079005080969133150370691669807616428305328490370408678187592045634
20364661373942313457575906213275446606164238878856596103611520380300915675456348608223791879120
16196331036368690053767670741931251007580805657900118094999232601502363952359878656231477023088
12801793238767527722000739317296423855255174538201984560588092289568031002394092393200910169376
10056543642921061264427856017363762123685464716023380611135737708888513528347675656690159983044
7851627234694068748352916711047770781476381377694851480298972538029972674530169294630151937424
6092744801381586988676490155923817637383277189709623025917347935566197723270774350002185225720
4699138380899665119247201957392914569666423611047011407156687260542113489916669358455084521568
3602343411896369985944990475218229639541964225603953336068986317187688183154693452211484160140
2744880658199016976854923115419567137490741351616411744552377205724646790678553326500026622992
2078946384858773266889236317920420020855650497863248606777673216440791218512994296572049573456
1565145458593727713544720945744743093088159140998419370249903372408102001435645017629212450400
1171299546011499910122520213579743393807193563519413117023791757587495790788299141568644812298
871351703852231422481980375440469052127390358527324328825249789219025120884086313597912515440
644379542882161083948609591992205496733170812270797974509173315285627294706981431280626412744
473721811529458786745225540465912314367791210206887444231197218422128158873550852609219727088
346217595689413339397237567390640776881417837284228639018274380790964638037651453286520744650
251553206400379045523216059643915753577862783320126481449206450272422151733307469506704862432
181709024869883135629156973581750433043876340407789478703204464224051573312208968778087678624
130496874113419009628321865181867218691435037346492296975049430928160879248108410996351182160
93177667949089415783751115634787126581050393977738050151607506144061371485794241670627899324
66148944346887884899338573263749807066688841344014988285940657929131344331515396991266440576
46692236235438959923372792839285965834378246349374558879464585365233937726037205580701661984
32770910610964722125779277692773982764624262313226265664922041060720026557784519428867582832
22869986297798366045566974194553203338718501187796479166257323888233009879311447205071094492
15870419749260344679726160444994555430241064191459651623791867224133106215825897243766885376
10951350011230491750322024252459208034772295729071904251688954904288258576442087862902611856
7514763741161928432709003577448655627068696700433339089921755937738561617168293921392443376
5127942873777748310446105124996580394741162864888346991680446442107999778134583002361040944
3479869907280771463711465097213521844010199405659154216300095357449965117881866730075646656
2348479007732833584052304846068802098296861034934489297024994854288468361986949037494073260
1576253675483738459315267279058918809198104103567113662122497738853993205800946243874270688
1052187785688278756061020499017471998324186218792279184040446363355011580183194907300098492
698554211651744781873081858608091430779897056449503800321829984594966948716790425936141840
461273741084879436773168720824700684447791750522469999085020365388793316605651120958222768
302957134967036353282580365425448594169153349602543514108608403064085141649955020081337728
197915398905115237728868463630669672230582606936095155209935675161471389985523569583134108
128607435391436703351156792065871470935306465673626506947908902136483052019758361437914928
83129052609520576515966412700907226085699005089026904589586760035592393236710250480169648
53450533033307139931902938660283846065317494211391531989792825424010071442731055819575264
34188175400721692729332484713889118666850800300724769145455498551922364885462418660502516
21753879364470242085450263985545921087267275408218747573476380548655990507939581737801712
13770403640316594763344463843474503613054427980062482690873825589555017384282506719263936
8671975741812114140457932453833709348828643783038113031180384985878151780870527493508128
5433293246903769384665503259787442801764232111890610725698687808307498561157191803490122
3386836499890938457632319253598649262181902317372103282895690923975493927452733120328816
2100504453531512967933079659371053780645338393231461061599397423622107517381206222558272
1296174788681789941240514967698996065350918913299432053834935321728563121033574664316784
795841207775550736636038521810316811881517689391672359634300843571242738927032608287762
486210649189203601375448128136186658783728405575924792708412137001221376583166313615904
295576568038590805184199476638153329838366368462391230150497244184466587628278397454064
178803215969996298070294433202294107615841277566067189720725187893837312494362799896688
107634805085944863455788828029884836440784137268396166598450158083877084468897782201828
64478436053631010379681216617422503271309685195577377134608483986361874648550124729216
38439072475511224863485282592232273130628133013383290459560587348812350313415522994280
22805531985258399725238414067800817083438340281495654220749175394368961551880951739408
13465691815245316150239766176774344131795370239791658827153171222258307909833500407132
7913170585999157213078302087339813943077133389578772977802712186671422948046947457760
4628262715728439742523913426469960948751217079988899963047150115095710239125321997664
2694283569178714073075203561957504195578343167583888861263094764991015400677116935472
1561128369384772541146718129175656610073940988297555209032913692387334243026376501862
900359834940587458711839715448796372300962922699200981362600226337970939073783619008
516877875329976005208185627577954563242973083002530912692814180119431940510262224036
295369898409473298198319921917781409891154659684707951559168923180594909573397164080
168020816306475454530410181614747687252649964903973078944434974812974983901664324452
95146012975974320110564214441740883232889266284018272607275297336880281887842747056
53636545821173908655404928325247082984942503049779582662025974462230496071031139424
30101334035934070577667053496889820203644594581690918431208916368476407132390895504
16818119056260028820264805706963914702263099215701815602031111725723259276231108796
9355086681666204711447312918856213094338974958885601849640823373996991233678103952
5180943674711796840910828307658316523152216857245107751296701799359970858505354168
2856751772745928187957261325600471710326515743921142851601399102572468489771701392
1568377517991359456692765231601263379913878629218362923634111854885442332760240560
857343848789144229709084981650991104006136983368350544853523451518758752178482608
466656817995156372670785973153489248478716480221539127283165573340877383730792568
252924056900297588889938845603136479735360848321451572449733741385435480229321584
136503682865538550898253517897290010444050755668139584907067924969046708760806980
73362146757074321262124625282216800117244754561652531881695864733632327716672208
39263121192745150141593421376418497803924520717000227733735265177608456017287660
20926393877858198062464353564167730179986838787521735001256795119753080760189216
11107399180234689925346412354607452097627778788959865143106005729342511468296218
5871517543236022729659633461333926386409320721963705436048399737240269083001264
3091148696514329897798424128162199941066123137770166677779845113946785158462352
1620811459004294488396528889679834645570452700609725588234145201626913042491808
846446760852602045214014756890589480138684640544595669673702810513678672484888
440283881330166008166166286895672034359906878090322269408240995967626170454992
228109472710345276175297522166970812252887693213370950675767202730939347909248
117717930276290752314784239520058619985732395713481174012359685262735936287104
60512069656000572386165122098698294468957227174668001731619851845632332068948
30985091279060733401817388668327149945144970506649998155638492752829972182704
15804697523779519040235535148584381588796207217299341261388052950743173990368
8030700819615193714832536335857503276650020083952385169062095095992870827008
4065048475474709979405813179326556745856511503948570817459617895460251113762
2049907054956716766771625955674751677847553479411800148469409677465446722160
1029840260040688381079500752210774136416465687303391853409144563851690543416
515446828747519372613924750323608180449288538118033069903911347263078365072
257032005077146510065781313219227799350797018699070320860855494988111035726
127699982517836740061258627600616012292008427724232313301605758037370422912
63212899046282291559214870279574625486140533178494977112155360196409461792
31177602093390053854989694455988142478199774457135311801857231521504442128
15321902595230929185639297991012958078865856575224785969620843381171301868
7502853775535851527364454644833181164122986780792185642601208259738293056
3660958772642307187542383926263077103624387682805625013299625910837095328
1780034808088899783087226776298895187602214753532977373556194753292800048
862458371591981879817773565769871912707118227316143949741854194606679144
416422730583067201820216915662079033541599192688116772717906185739312352
200367812847781655838516884117900546153968263366108915839027303613159984
96079181871224577096219062042442384592905569450620949999141698244702736
45914405565201934684494757302325642837399927026238816668066691603610062
21867414985783750186871901884407555386226804576361987350040806756143520
10379708953958545929496303901147977917959907089543137351638586103662836
4910464198261415370350755603966081627926269799563972110941080285325808
2315367418028728880943940078186477894768095043655210132857976170132740
1088147054967740726348390612808201618752341906593127679487096908550352
509724883210725447651869268681279359221347333664336116513988670520520
237998857358759123130920413548699063212399529467440669371683556402512
110768144383403414282347145366977191107471492759569211469484030903344
51388506322693493309551741375740739499791154437640203700820827795952
23765026582444973472553712690372750081468269574446042051819570815944
10955743486974991411959238535218203727621139047058419999705863773872
5034851285959289017712052809080665116421997288758622852771773682788
2306654957517408068892142608884695449032560372919951061167363348784
1053512583781885329549000950235005943374853329327883771497544921120
479697866133484996644808742445413950439062603273490165121561842640
217759257995519322393685481596504646070241283468228422033194690900
98554400360979160612118092270404804247253960286984252405917242448
44470875784788899291983374208333638922304106623108739489236333164
20007152698051704295627968191338245341207386004194717371526477824
8974586661117697157263693722890359072494276779145725731094809242
4013957418862400956643606977204117329271253947207055987481337808
1790068806753316466960501138366769323736358382352580020566561312
796003205310618686104470600983889927970297223966429483487799712
352953468354543616628532733417979781909648506060216569962330404
156058346406830099477830660056497476607768075886768333042997296
68807022774002143298408587103799281532126732933863076336425496
30252690559197950782012791877252444282703585437590554340379584
13264470349400019276202324769546396607746805128600796897331468
5799888299309645232599824392529115247907002697399729635495952
2529078053530686904662964651025424954842295405362615837243696
1099832987430156543407839296663521980965161588326627798623328
477004097773765835050279266049366128598084234955719577023694
206327553694632055538172035054762608684131366322786467171792
89010434850982594563915158482932079319725249742271103466736
38298516036586108619684519125517601184456073267691551649680
16435729512082452231026830029401895900786236215584005363358
7035106086082060768736516341562421998204381139405352304864
3003554239772255508978059568138654594867268415456711817216
1279062976221176979631602023303139537901803899717085274448
543310845198916924998700545450849948039277653234060628092
230204129409900572649004192269924524912165689321828968800
97295855048071737712507103848203731263894970600197236208
41020426827405535386423925922762277539514484260342276176
17251967655066019945803823342567789257845083818072667716
7237984317418959478578992380680894993353731250627166720
3029318916443319439424946407524406032420984663024420496
1264819106160802635923408933973169511450090710174435120
526836057107122977379699509220536732824112369690373868
218924158227633605429850484430426420591956698298907104
90759136800829567934443402159738020869447333133180180
37538136502401435161417108076479177894494359636524928
15489871736438571942612776467357032388249096582982120
6377091120971738734382693057051722568542604507359952
2619412451610240528119620425703352824210667846145072
1073490558078055825598089612683796892986018048582784
438947003166445908341377943636366098164128137193924
179081913086126099611925168488434926349704881299216
72899275034534838693374754215012671331112916257088
29609590864492750869737556784311275588700702011200
12000102912265290302172687851986877660437913369556
4852732214126786777431720753100836176365032140144
1958130640467190979618800132370336077456007757984
788416876536987999456603250075798652776456724000
316762484606846977927842637638597237972902087244
126992925410226546446222549441489010704088890128
50803935647355930786961188224853344596937611136
20281075778524938175193977015704471743931742912
8079116133705687931659852533434199751277343154
3211581972991390340464563067807165814683265984
1273969914070906314666471410744739569751365816
504297275109893825554758164903665450120974336
199206383170784055775309915116303900015442884
78525459064029259608525627355907109531500928
30889388414778334091305371106809446332959936
12125514998187810113504055938120652178353824
4749885311186704707282826752990705528181944
1856767406462797610300691778614444332841152
724306236972026844816894571188600389152472
281952220548818691545267163209969198422112
109525457156134826659292537987133659559500
42455879368265350950860435016433351839296
16422535029946928498446691723216825671000
6338955365657280660893279111358773656896
2441548176371326245976645548705936788072
938376325720716100983797528631438916160
359870609756935961259088850410064806088
137710071765151255608638021212474208192
52580760296556754704635726881593561760
20031823569342810658486867884691675680
7614418276151152221598208413860572224
2887781615961248716220337594123812864
1092676800862122954383544476404420856
412482574898164450568816741764515200
155343312176018069536512760136713208
58362945487260125597613634462778944
21873799793966755767683844406959458
8177790802458359322513652672775424
3049687413152448579866995866493624
1134389332669254460012464656843184
420859763591804395859700964173452
155725032410688866588707056863232
57465132012767829691012339490440
21147048471060346653431690005200
7760184360078473443610683867448
2839503919686833541375039472512
1035946025708707993511276432128
376811057323324188034704771696
136639712563854110028378209664
49392432208169471954583278240
17797057734567529384422971360
6391441237823020958001943920
2287633307847912494596494242
815948986144280174016506272
290003749797753008952569116
102695887028732707041578512
36231716289706245887119084
12733395381038523699692016
4457603878461470939119360
1554115619560719521857072
539608429584084576503140
186545807505691312329616
64211163484172645967376
22000758097974092205648
7503777384463762645120
2546629538733766955888
860150834584971135544
289009254993349401104
96610813277083010002
32108182188311840624
10616287890910472564
3488966519499767664
1139875544754659362
369813395708896592
119382361127864016
38251278570709872
12166158333621576
3837783346229584
1206717302194648
375166248629904
115448855746716
35263730347056
10790445189416
3223307331312
950146525600
281042765616
83758727988
23420330400
6545179954
1906685136
548430392
134017440
36304772
10903440
2820552
514272
164032
50544
9176
864
676
144
8
0
2
