2
0
0
0
392
0
784
0
40180
0
158368
0
3023888
0
16723560
0
192676134
0
1250944128
0
11007733184
0
75445709248
0
574813927324
0
3940728185408
0
27727844795924
0
186338570524904
0
1251166437352146
0
8217396105666272
0
53580415874015296
0
345138556738128160
0
2207286839266095608
0
14007342945256228120
0
88353116672380063476
0
553985564442213160152
0
3454275009832367360500
0
21415658445435243024560
0
131983893045293318928528
0
808225223499862409225152
0
4915190100120147465555490
0
29668147405854580149686600
0
177632137939231061687283396
0
1054320875038013798925097584
0
6199987561017094239542687848
0
36102037777357087158337764896
0
208047096029960945553478477480
0
1185920692343070056596763738240
0
6683374952076904972177785220338
0
37219419020737126835087857928504
0
204723576306118204321671517318248
0
1111689921261428366965809941164240
0
5956773250513426409352542761154288
0
31480697741202302601561981287216784
0
164012706672056502008598857708248856
0
841983976003258261482970327997466304
0
4257118649546758357528443832253433070
0
21188715100296357106870987188510179920
0
103767314120690930071794776996335308912
0
499772635090106661570402824997893566864
0
2366071085082560741008213892576233088910
0
11005569870499094093102163544580725597152
0
50270266321710968110749393298456823486736
0
225375443828526262337587606587187847505120
0
991242528002669686516069905961402701648388
0
4274748676158710141687580756421322142779120
0
18066588680221251751539506384295803935266872
0
74791516587985099563016333910181040595023080
0
303118820228809577399789934978399304107080402
0
1202069652806111797614282645681833217358819376
0
4662000416544430918918391389350128501723757016
0
17672934128834309672895356453858285426669272048
0
65449202471874209745826988633864313677990627080
0
236658995987712734975502683210899101549885106336
0
835076359198137911900748612629258148799052357340
0
2873911527011190925350319410924612671200012674712
0
9641001764081516593502962460657362999498828585534
0
31508526121923055328597300565217765503407206621360
0
100263974196364678144593975415790760870655174539576
0
310473567856672538988218151066778667024779268598976
0
935012918431760299615245758565902665440005879515380
0
2736987146584287121586319935398572362075851721088424
0
7782832883576323100097229753253231897904098790902692
0
21486171447088935363747955395799926432818185574080216
0
57554932633389041966014503596138178695655188790566490
0
149504257092527286205639502973809192131585008181125584
0
376371947612674692120154403153524777794782505030573064
0
917738724295093318377207829244713724440093219712788432
0
2166232920239706628026684875764178622425383267712094378
0
4946783532557868418548762071314728683640696811819450040
0
10922485546046774410905658937740934944905197574324031684
0
23305178104867709084685969992273621166676402575580719304
0
48025333734498684270450544650039081427039965602448790210
0
95528695366089187168550108219056122155566658300246901440
0
183318333951235620549179516427746349709352837652164854192
0
339199475702305506521563813038355749573268355912304867456
0
604862564176292066949316005675062718404052938293134477922
0
1038945965047459395040096501761310558854194142530864145080
0
1718125277406033086086885638838534020414291018418541479052
0
2734278153268167448277834789947875438917953591234450204920
0
4185694477725074572673852803194309385347052212381022526086
0
6161010885647196978415925359636166221982695943481532692176
0
8716286073997125495261646150475731801912038023763773777080
0
11848280039372661630362988615669192347122594384403231216496
0
15469905567465041430564236019979016029700588754345780537318
0
19395839909983664992469952305947945372117071414455679119880
0
23346131736156896586171267570608333237070327356101342225220
0
26972493974740074545765716824570940833171325543627655760760
0
29906101207168548690310638618204149864128925097336325730046
0
31818706894170246857475444736268812864468646430344479950048
0
32483291440806651367500043858792125983818650651694087194416
0
31818706894170246857475444736268812864468646430344479950048
0
29906101207168548690310638618204149864128925097336325730046
0
26972493974740074545765716824570940833171325543627655760760
0
23346131736156896586171267570608333237070327356101342225220
0
19395839909983664992469952305947945372117071414455679119880
0
15469905567465041430564236019979016029700588754345780537318
0
11848280039372661630362988615669192347122594384403231216496
0
8716286073997125495261646150475731801912038023763773777080
0
6161010885647196978415925359636166221982695943481532692176
0
4185694477725074572673852803194309385347052212381022526086
0
2734278153268167448277834789947875438917953591234450204920
0
1718125277406033086086885638838534020414291018418541479052
0
1038945965047459395040096501761310558854194142530864145080
0
604862564176292066949316005675062718404052938293134477922
0
339199475702305506521563813038355749573268355912304867456
0
183318333951235620549179516427746349709352837652164854192
0
95528695366089187168550108219056122155566658300246901440
0
48025333734498684270450544650039081427039965602448790210
0
23305178104867709084685969992273621166676402575580719304
0
10922485546046774410905658937740934944905197574324031684
0
4946783532557868418548762071314728683640696811819450040
0
2166232920239706628026684875764178622425383267712094378
0
917738724295093318377207829244713724440093219712788432
0
376371947612674692120154403153524777794782505030573064
0
149504257092527286205639502973809192131585008181125584
0
57554932633389041966014503596138178695655188790566490
0
21486171447088935363747955395799926432818185574080216
0
7782832883576323100097229753253231897904098790902692
0
2736987146584287121586319935398572362075851721088424
0
935012918431760299615245758565902665440005879515380
0
310473567856672538988218151066778667024779268598976
0
100263974196364678144593975415790760870655174539576
0
31508526121923055328597300565217765503407206621360
0
9641001764081516593502962460657362999498828585534
0
2873911527011190925350319410924612671200012674712
0
835076359198137911900748612629258148799052357340
0
236658995987712734975502683210899101549885106336
0
65449202471874209745826988633864313677990627080
0
17672934128834309672895356453858285426669272048
0
4662000416544430918918391389350128501723757016
0
1202069652806111797614282645681833217358819376
0
303118820228809577399789934978399304107080402
0
74791516587985099563016333910181040595023080
0
18066588680221251751539506384295803935266872
0
4274748676158710141687580756421322142779120
0
991242528002669686516069905961402701648388
0
225375443828526262337587606587187847505120
0
50270266321710968110749393298456823486736
0
11005569870499094093102163544580725597152
0
2366071085082560741008213892576233088910
0
499772635090106661570402824997893566864
0
103767314120690930071794776996335308912
0
21188715100296357106870987188510179920
0
4257118649546758357528443832253433070
0
841983976003258261482970327997466304
0
164012706672056502008598857708248856
0
31480697741202302601561981287216784
0
5956773250513426409352542761154288
0
1111689921261428366965809941164240
0
204723576306118204321671517318248
0
37219419020737126835087857928504
0
6683374952076904972177785220338
0
1185920692343070056596763738240
0
208047096029960945553478477480
0
36102037777357087158337764896
0
6199987561017094239542687848
0
1054320875038013798925097584
0
177632137939231061687283396
0
29668147405854580149686600
0
4915190100120147465555490
0
808225223499862409225152
0
131983893045293318928528
0
21415658445435243024560
0
3454275009832367360500
0
553985564442213160152
0
88353116672380063476
0
14007342945256228120
0
2207286839266095608
0
345138556738128160
0
53580415874015296
0
8217396105666272
0
1251166437352146
0
186338570524904
0
27727844795924
0
3940728185408
0
574813927324
0
75445709248
0
11007733184
0
1250944128
0
192676134
0
16723560
0
3023888
0
158368
0
40180
0
784
0
392
0
0
0
2
