2
0
0
72
648
144
2592
23688
113076
109968
865728
4191336
15451344
29230128
153043776
553516248
1865136726
4724502192
19466194498
61644701664
200902923432
566041859688
2017692254304
6039322608672
19170002569428
55476658757736
180987027517476
527995727155952
1627856237317752
4698733920412248
14489252610439728
41590932237175104
124513140865450770
355175960343217944
1053773074613086902
2982367854525728952
8690981947161967594
24445286139274309224
70471499499264020256
196711172522110549176
559890850184060253768
1552786548515347723848
4374954532999760472252
12048114197755467582696
33602998365690178968540
91944960852419381521288
254144575930876757964504
690866435264214940820568
1893379540604906123688300
5115260788708528059798744
13908777203243611458492138
37349446289085682766712408
100806010951738966421222646
269126903792156651562181608
721348139656027689922941090
1915000218139962429411024960
5099373440297644673455292556
13464438399719727370509999912
35633437186278116379865065480
93596673405856194289240821504
246261567523086107920045924788
643600980896965794102159883224
1684039563012474784274126808924
4379968128975845426543352399664
11400585402714801377355084134952
29513708163464878387894633396344
76438409360323105117263276746196
196998036384891346214640070542624
507789259226810255718488355506370
1303046564688536465683586247589728
3343560622929267087110254163009694
8544383951401481405598588030061464
21829522026285941204631282408163792
55561807985741837963063824010558112
141362374036388870087804849411084076
358416839747485223883029880118729608
908266770467368881020058050581349448
2294291803137429795793075444820956128
5791739125972257556634418283838470404
14577377695933399706805642809368119288
36663789321330969514011277802980946112
91958894085823543965619623957976491904
230465711300791640293829819549148367392
576097024445281294326940420145887714008
1438847509544964002393732826633896649108
3584924039569968065202865584272519690592
8923854769342794514949546660748273314658
22163193173322133509811066447100044959792
54992059018772688189518619082101470891352
136153501117421972368878392489083568707776
336765840360704032872830487790650831672984
831257325770728501847860697249285743898064
2049732922440570441824306111522575612202316
5044381582051250534069324518915851764390256
12401025400100543299548798605242833844283592
30429207937810916625982083411941792770015008
74584318622574450359854834192018353998628930
182480494047735238751228436913556833716705408
445957686484580215448361339579919553171186088
1087942392976436033745030946577732150510350440
2651002277334674271247348742818204210172134080
6448621205333576430384358777475038244723853936
15667443196899649294224703069337270909968380948
38000928018133878273367130036556139451770456344
92054690949326540604592502323861445256776807472
222622802056472361457748855878215737655667173600
537685848910681450098070768567217550628743726792
1296468437755182181720386505820433396239670906552
3121824493542599760742990721563485979009239076344
7504595212474957481458235749307625836352283252224
18015053848747063515775654451285633035476993386172
43172760328002325781254267449989081112446012203416
103311417286299848954333644197580065921845156769732
246798606995083718979010349671470737648691343716480
588673736172758420248444946269661252597598912015762
1401680559443933331011783995272312118542354049167672
3332215644784788659849062156886960591317336753265400
7907572781074560979096350425296403030995836080286536
18734151900012716574419659690480079590016863175776176
44302889071020205722008977414145317961288956540359000
104587822712652805625904982710535230482163820746498936
246442968940557831025302559079303168307479308729523208
579659050000889756506762534304089424216711439989270688
1360794269918297332546645311677715902266969606597251384
3188619930250605517440606983866637979763131490414722144
7456806630063923139833346917114121671830721136943445016
17404556500712176039666180422176310186901968915744133040
40540412595917713359477926236782958358010725699224810776
94241678827260655126364471167201700260845486844182818610
218618890405502040233869540624021648078209115778019670200
506094987441172746290178597017278205839529739960271345860
1169070195537108211294288396374958245051993924988029676224
2694755276214950531751507088412236791674186681245043938722
6197785735286787079663339419313496234694017243105247828240
14223126378353913893820900109782464974436702190493133170296
32566150400633873201575479390856331498262184700213166337808
74396210173283216547014706791219396512735900343451881750736
169559690925923294426051902837589845589571441807030779029200
385549283018249921518686402000578787081900492955132719229632
874579869965655049962027436633753583152496127088150873416816
1979145369618077807115039150730640574507025951045288995173304
4467797242556981751442547331107238405431969258021946014543472
10061013343489909499917756501965985925260312699096358235401616
22599727109841119648488123610069073914409062113812055412307840
50637437982083689552797338415437350928862243404143413111520470
113169535158021621777227052612218765855340840429367272004919328
252272316347183533768366102524929168769821441364895135787957538
560887070815966182169541794786337050166065212684322560447902760
1243767805421297187388456543373886253539765769066491100175666844
2750716629734142312830199084629254422241477433471743824988485336
6067178562706282927063045819439311098222682260807186818359377738
13345892301020410141379118365307825502906283526160667826734935776
29276533509008207295792258148120981025654486939865665410858182444
64045584026813456591897929994377902018347569858687071832338640232
139716327979208833840744744075232977360824507565961762120657851296
303934857846713579223725546557979856825903091524461617202091220800
659295168645098527827911307277345990561350576981971340311818171272
1426043499494344883853766842700993216332518579889085367282190193512
3075598119241774065484193938312573632459776798648792718962450998200
6613909159550335946240442057166001321647903890688784341169496377136
14181068176187186771554598036107727558298771295881769027279508502948
30315866111921917980494933139322859540465036655920136604281172838472
64614715713332115541452649486388708462052089350625027963973576170358
137303568980369036449784386172879073980562007019591429250489439501488
290878167841754846295609723375576097120469231070056754861469460495418
614338960640210539748190371022740735831984340112487499968912776344072
1293488277867956479984238372280780020050439073532021476348329794215516
2714959307655588938762482724657429680317026552840309837706630153906624
5680679919532038807436189390056384793924883039361533406530654881249716
11848475723596623777035880650852687202483884839494646432253803502359176
24634259307041390338458050529263883653741135261301458376409349400985476
51052907537758758595067480386519397319505450276726515343206940080573856
105461759729955165960511963284349889080357163304501272123715594105967848
217146205909987233346269783552844451953493506730095245975754638763180776
445637486194875211161035723520287825152939646763921216951105974512679232
911533411620347792366179075599502276997535601506344936446504034501470944
1858293646699567119623990672931110934352001671758739593339798624705837162
3775688377998078800643266344724024634815264285757442849835538133604779320
7645526416100305158357745992963824388745795729607913783536327800581197916
15428981658687618515897361629725024089347843036482121117952253472474335272
31029521731746733919971508736834459990149132451293889695159664173333861590
62188488414106174272900893895165020825138711852119668669205980847304619888
124202770203726477821484366042123671916390796133344794425440670385838437834
247188377720230201138682964394431831728495942110279156833957572723415384000
490218268017381158353114106854643796338607001227416963270930299147483417080
968734343509837814945151338652884911596891117169271561595290305672736182704
1907492297958504928385635370685133867190978665410302496238286226784487977092
3742422524026221628943883131714897953966303437449862153162117563091496234608
7315833895737072817680578987156458758848075596057935727410783405845158810188
14249014732722328440537370495839507280858037523837962156262163276419424043920
27650616226406132284437647085862933153718266471855439995957958630678468619384
53458000247968310459180112882917671799247966661935328812006722955099288013152
102966855990187471224290726166476753643252249002029093139492051967769222932702
197582249047987565848526851233972370225813288381587139798490008487264773324560
377705228149363089570554517140609719129601053555699743262570572785308023112314
719285805337275306960366972880118871483491616057281793954394297715762910721176
1364527246855567232945867116611487677416582036152590338358237484317530295069324
2578599698821550834761334173439420398515915845353974421334947570453249771157352
4853950922893275220122486003552243612714865176057153976214098176511574955634086
9101338737298378620216294509093780695433282324932430423629986199259819933063136
16998175280996872685744236538166730580413852523835027365695653360305831537572272
31620963842348704158358395258324930895905632676696028589089726540187848142816376
58588489687384821113457034985037250175617262790530367260750247581551034071331880
108119117299157765963119598768410806412210778071982663058141954624074310016026720
198716639605842261179212657931571511292237815674119500734798477830825138826983820
363744190699713264099270171572776768226597256555329602484102654737110344058959256
663096131681088824862105626950768347718047318150651033019422595770196645921273692
1203826775515207572509087106734716805430558867475878019977242762577645369017422016
2176441670596194425051864595212166969789529428407596237670995474190813810198367708
3918447402070323646442704323170914895705748757100086921811713267593174695341695384
7025113851858934824784158611647325690443874509604624461782529343140367686192186350
12541614392301863463551070549250866487332024001689003979475441573496767297088542448
22294749781124652733212285881335820149800300699705983571197894701076205403308338778
39462915711651236200104288708377830831600306716935219783064358348638016804003050744
69550691017370277140533137528781179276177453723507419829588645761072842688293273188
122047172212361905962118498163416368118974881820719056815204307144924201866255571536
213233897789955692126313726227661374952357847336248412972645187070528277629918099080
370915737373696046820953499503883303711900406866541432206572958429974954909476221528
642351856175871125009589793324124716847976699836636114612818641160082092323606033576
1107484393156141769550548358118727540955980062603531734131132483775395116766742575616
1900891530396028321378019346715737152748679165147114493558193266051725681955387853936
3248032082648754398295074741397730483682770110024449831680685860827679712692316181144
5524776165699050615790791093768939364659112313645440395692628431242300601094552386020
9354672775668628912320716048522744930771898933651299231024663894329014334960685040096
15767040020725811928865687208099733700387915457669227946066298660716459811391466103942
26452547532953714954977832460935928659921168168746369640004182876406911447026693798760
44174200477608765562699813443767299437097354173507769713062574940383963208613469362268
73424642429534067545012020013888947990919239262698577353211577142348269627756756559128
121471672048957860562207223900933551543496395163550836035688280509551126161136266349830
200012103791600581919058136477818252470112002623922359736015975954119845219248665874784
327773404570326727687369608441903061114666562387843806275305124055252838723900312995578
534583285061556781092157343611361344596991110118348913814543105070246526477446950417792
867699463672618645021752930256957787299467660767708490600880544308522078214309303130192
1401598531407466428917106901301171136326714550062072144780518294457152176944109781957200
2253026771088159803176021928777415314956146078946357735119178751072897560617154868420328
3604006370720171384451604984757812543312926651320653733294189727904490318133248964499152
5736794569672904320978352565444353926845210186917630392924523148260398812368926397865456
9086689242239195774241966463064447453415338026691612600213940183569797145268150279292848
14321310800454354411553602522962955863935160602683556785497443079936640570125945500075872
22458910269791958050515418515995703489978898445684275036281604172178123551060741144355440
35043826308789438909270560569426332445464103511825773806996388016102444791020372186417648
54405075364355793818167544061228647469332299139750732272142013971607654229310840637575280
84035060812881629502364581347752789624427597821532846076662936630467336297202705605960974
129140657919961022558439377024434744715793875118162932009679416396692250628072509714616928
197439951443193542771055850422491294773392247276207789765783377284999227341029786956326996
300306587414083065636183850610784169265998074015397622801842121528907845205687322089130728
454402498302972051186562946695967684722771173919357123797298462213440251709900683226126006
683991756753874439591695817026755682614536195698328719012012579697724325073697711588571752
1024197336987167630350523289442407536149121758973314131103783969940684306673388426896805920
1525553289222123964473343895794159073964632522548402518529417276215007137488081218238389320
2260322860657282261797604050994483372985982084317399190767217311093695822041695627151707328
3331204992393212641079069120353407605825663321203695037795257543819156669021643427650609992
4883244892954303287834670013174349205178983889146843555189545736211663799791315806278258496
7120007363394739583918914179862252817320135936631991200054090355379793282491939782699347352
10325373113300070505581171077486982210774632508496805991277502359555795849204169327475295032
14892687461327039062916410779193779553212635639656835961382807675200653522174816782158282792
21363435987043714620873769195205060115045962218003593349776829286074621840174876901075698662
30478149773642926561859405681862335593659789274826278181984261293293667372249186573646385432
43242857866530357951390464679280308843362020410953516500029027702164326077119435677049167920
61015105911972516016122667091062103701321864253447950137480708594096674514835859949908152416
85614340394770139177509228469389667871184538837398125124691158509768971151506894751017962614
119462301048924200188365969984822681733952398522161211561864333614649070343134177553567405424
165759941449357193715436128052071347818631050836041371431859891356150090942335344561116847092
228708266043158131099029060234900832577785255477639937348815692486491560979020554653712651360
313781269397920085933442566357940818448343568210607041552738619399540820271332292775945024480
428059807841626745788920796758747176205942053500101844569386306447694760155507428948700865008
580635619624800269164565295506308136500144608319840706625105426245550150823766768045123245848
783094708084099967453972739414145164843183157474663565494507890891642854602589153038688575392
1050088760827192474473217708838351413715631967266379114740667399853992098146647859928567186888
1400002024643491308887524546646065249763939951294869944075062112770035154220632039603812165680
1855718904976868163815084948527905971309478302410021767682932600363434695608745316201786686896
2445494320827123169807510052461359737087234477538853146143672603937660500630879667222427803408
3203924341326467325535796193401307189667401838122858200296309201865810113679551011546137510790
4173008707502899290071430224633926851065836223164403072968144148302315791984580627848818037600
5403289400690141537047579901797121813387754393936385524815086163152527466835615306036387696214
6955040432329465423067231449686993986543592857968994550201625981816056827436353019890638060920
8899473576851917660910018525817956543684063318613310505224374149701457421192561581715794323704
11319913060032196953188628632448456951130541143959750015464844285165434221841453594247043079640
14312879617425812290143818828502244442000807407038061600492620962291178406265896802343540243150
17989011397098460983911653603821629386524814357767061306583631275800556358080460446929232681984
22473736633144272698600472072035381856140277825370183731533454832998783122900508120540639049812
27907601784606402873706331503589944352674462532306349442363260013100725055390757320594534075688
34446150010932640061657909736056717348641850202468665052612429838189844563082001154022309015040
42259239663680419970113714876047701798407831703622778814917705368036535363020913075297785890304
51529692209144450900245862364093174867288105919733639565799383462472796182700261621891746916160
62451164939893521317655549406454590600367237454572775605392843190221115734898347188726927669288
75225157150605306263790763361272989197774721486687840742310039885436114682745677240981776683832
90057080073963808134814073129026800175403913444129232056186642782282408558004033474224316212496
107151351357427075813234173006989578467049731276668176412744349061158592516221208612555104207428
126705514275510467545650662011620391959502764667834070769314484435068286032581155360036857856840
148903429663084315137298907489758358372554527161865702630705066087193902894949070178534861161382
173907643462753049720409006516890469553047869976665775540212331336399543235027498937958686900688
201851092782223669209197012366371400149076156904750202349418195961359766186198123114080885669966
232828375673864629271321002668730656264333921562802881410750727390186537464174690786698612889720
266886871001332354833079533454524375330229999936079687857631587055797405649307580005638839139880
304018050711166319008759578983759109999093700626950609183659768143780915539307642374648832667344
344149373194230237673027920795787578961339306213213129043340386972303249759698070323399306126500
387137178741194404372120610948315185970148103917749122538112087512546853010326575653737462345656
432761022159442169060046612293608303163691032285347564891667133415500824211777897748574722569708
480719869831253756667178733026930930081908986022457981074188948048661725020050427994203081728912
530630556239840641998392403511655696029100079289961025699982721658135198361421870673425603258472
582028836973730601418578848176927870834011955753965984577528759164466790680767631131722141990520
634373291738856178110608462254556149903743075156326925007722637288637335747917894034375148580840
687052224035872335183345780706525695556108116511054268152001588106341374797821328741308161763664
739393577807233974086812547429042996411358673959985862075960306648753913423188386940916866259366
790677751183799681438109743684727062989290830740008618478385873371710047001809897401818393231144
840153040635667724022185960005069112753026778187119918007998872997346579987323875493094574521900
887053303654542326577839977653580331523709723588928637554148284051928655277850204415197417828552
930617293475584886739729982989664337061984876118403841368590909265244241493163289032942461268390
970109004199330489505227388233604083188542783863163846088007598286878236582608839773818325134624
1004838277257832743235658445928153213021489224866551864088672467927612531707496103362963303032078
1034180867433749308261600489934490835457465158583844867349078656564285941798540878179936915459696
1057597153635458522141469541256916336163613654374130974309417551597152416179943382886778425301800
1074648709028316638009605594656077978141588555580001346263066103886480390120864914051426989061568
1085012016908838413134059456214287854754078187060405834772391383031193704961604284284224392737396
1088488730076307062409658623381358417557542895313379628095878787177435457497455103670818872941600
1085012016908838413134059456214287854754078187060405834772391383031193704961604284284224392737396
1074648709028316638009605594656077978141588555580001346263066103886480390120864914051426989061568
1057597153635458522141469541256916336163613654374130974309417551597152416179943382886778425301800
1034180867433749308261600489934490835457465158583844867349078656564285941798540878179936915459696
1004838277257832743235658445928153213021489224866551864088672467927612531707496103362963303032078
970109004199330489505227388233604083188542783863163846088007598286878236582608839773818325134624
930617293475584886739729982989664337061984876118403841368590909265244241493163289032942461268390
887053303654542326577839977653580331523709723588928637554148284051928655277850204415197417828552
840153040635667724022185960005069112753026778187119918007998872997346579987323875493094574521900
790677751183799681438109743684727062989290830740008618478385873371710047001809897401818393231144
739393577807233974086812547429042996411358673959985862075960306648753913423188386940916866259366
687052224035872335183345780706525695556108116511054268152001588106341374797821328741308161763664
634373291738856178110608462254556149903743075156326925007722637288637335747917894034375148580840
582028836973730601418578848176927870834011955753965984577528759164466790680767631131722141990520
530630556239840641998392403511655696029100079289961025699982721658135198361421870673425603258472
480719869831253756667178733026930930081908986022457981074188948048661725020050427994203081728912
432761022159442169060046612293608303163691032285347564891667133415500824211777897748574722569708
387137178741194404372120610948315185970148103917749122538112087512546853010326575653737462345656
344149373194230237673027920795787578961339306213213129043340386972303249759698070323399306126500
304018050711166319008759578983759109999093700626950609183659768143780915539307642374648832667344
266886871001332354833079533454524375330229999936079687857631587055797405649307580005638839139880
232828375673864629271321002668730656264333921562802881410750727390186537464174690786698612889720
201851092782223669209197012366371400149076156904750202349418195961359766186198123114080885669966
173907643462753049720409006516890469553047869976665775540212331336399543235027498937958686900688
148903429663084315137298907489758358372554527161865702630705066087193902894949070178534861161382
126705514275510467545650662011620391959502764667834070769314484435068286032581155360036857856840
107151351357427075813234173006989578467049731276668176412744349061158592516221208612555104207428
90057080073963808134814073129026800175403913444129232056186642782282408558004033474224316212496
75225157150605306263790763361272989197774721486687840742310039885436114682745677240981776683832
62451164939893521317655549406454590600367237454572775605392843190221115734898347188726927669288
51529692209144450900245862364093174867288105919733639565799383462472796182700261621891746916160
42259239663680419970113714876047701798407831703622778814917705368036535363020913075297785890304
34446150010932640061657909736056717348641850202468665052612429838189844563082001154022309015040
27907601784606402873706331503589944352674462532306349442363260013100725055390757320594534075688
22473736633144272698600472072035381856140277825370183731533454832998783122900508120540639049812
17989011397098460983911653603821629386524814357767061306583631275800556358080460446929232681984
14312879617425812290143818828502244442000807407038061600492620962291178406265896802343540243150
11319913060032196953188628632448456951130541143959750015464844285165434221841453594247043079640
8899473576851917660910018525817956543684063318613310505224374149701457421192561581715794323704
6955040432329465423067231449686993986543592857968994550201625981816056827436353019890638060920
5403289400690141537047579901797121813387754393936385524815086163152527466835615306036387696214
4173008707502899290071430224633926851065836223164403072968144148302315791984580627848818037600
3203924341326467325535796193401307189667401838122858200296309201865810113679551011546137510790
2445494320827123169807510052461359737087234477538853146143672603937660500630879667222427803408
1855718904976868163815084948527905971309478302410021767682932600363434695608745316201786686896
1400002024643491308887524546646065249763939951294869944075062112770035154220632039603812165680
1050088760827192474473217708838351413715631967266379114740667399853992098146647859928567186888
783094708084099967453972739414145164843183157474663565494507890891642854602589153038688575392
580635619624800269164565295506308136500144608319840706625105426245550150823766768045123245848
428059807841626745788920796758747176205942053500101844569386306447694760155507428948700865008
313781269397920085933442566357940818448343568210607041552738619399540820271332292775945024480
228708266043158131099029060234900832577785255477639937348815692486491560979020554653712651360
165759941449357193715436128052071347818631050836041371431859891356150090942335344561116847092
119462301048924200188365969984822681733952398522161211561864333614649070343134177553567405424
85614340394770139177509228469389667871184538837398125124691158509768971151506894751017962614
61015105911972516016122667091062103701321864253447950137480708594096674514835859949908152416
43242857866530357951390464679280308843362020410953516500029027702164326077119435677049167920
30478149773642926561859405681862335593659789274826278181984261293293667372249186573646385432
21363435987043714620873769195205060115045962218003593349776829286074621840174876901075698662
14892687461327039062916410779193779553212635639656835961382807675200653522174816782158282792
10325373113300070505581171077486982210774632508496805991277502359555795849204169327475295032
7120007363394739583918914179862252817320135936631991200054090355379793282491939782699347352
4883244892954303287834670013174349205178983889146843555189545736211663799791315806278258496
3331204992393212641079069120353407605825663321203695037795257543819156669021643427650609992
2260322860657282261797604050994483372985982084317399190767217311093695822041695627151707328
1525553289222123964473343895794159073964632522548402518529417276215007137488081218238389320
1024197336987167630350523289442407536149121758973314131103783969940684306673388426896805920
683991756753874439591695817026755682614536195698328719012012579697724325073697711588571752
454402498302972051186562946695967684722771173919357123797298462213440251709900683226126006
300306587414083065636183850610784169265998074015397622801842121528907845205687322089130728
197439951443193542771055850422491294773392247276207789765783377284999227341029786956326996
129140657919961022558439377024434744715793875118162932009679416396692250628072509714616928
84035060812881629502364581347752789624427597821532846076662936630467336297202705605960974
54405075364355793818167544061228647469332299139750732272142013971607654229310840637575280
35043826308789438909270560569426332445464103511825773806996388016102444791020372186417648
22458910269791958050515418515995703489978898445684275036281604172178123551060741144355440
14321310800454354411553602522962955863935160602683556785497443079936640570125945500075872
9086689242239195774241966463064447453415338026691612600213940183569797145268150279292848
5736794569672904320978352565444353926845210186917630392924523148260398812368926397865456
3604006370720171384451604984757812543312926651320653733294189727904490318133248964499152
2253026771088159803176021928777415314956146078946357735119178751072897560617154868420328
1401598531407466428917106901301171136326714550062072144780518294457152176944109781957200
867699463672618645021752930256957787299467660767708490600880544308522078214309303130192
534583285061556781092157343611361344596991110118348913814543105070246526477446950417792
327773404570326727687369608441903061114666562387843806275305124055252838723900312995578
200012103791600581919058136477818252470112002623922359736015975954119845219248665874784
121471672048957860562207223900933551543496395163550836035688280509551126161136266349830
73424642429534067545012020013888947990919239262698577353211577142348269627756756559128
44174200477608765562699813443767299437097354173507769713062574940383963208613469362268
26452547532953714954977832460935928659921168168746369640004182876406911447026693798760
15767040020725811928865687208099733700387915457669227946066298660716459811391466103942
9354672775668628912320716048522744930771898933651299231024663894329014334960685040096
5524776165699050615790791093768939364659112313645440395692628431242300601094552386020
3248032082648754398295074741397730483682770110024449831680685860827679712692316181144
1900891530396028321378019346715737152748679165147114493558193266051725681955387853936
1107484393156141769550548358118727540955980062603531734131132483775395116766742575616
642351856175871125009589793324124716847976699836636114612818641160082092323606033576
370915737373696046820953499503883303711900406866541432206572958429974954909476221528
213233897789955692126313726227661374952357847336248412972645187070528277629918099080
122047172212361905962118498163416368118974881820719056815204307144924201866255571536
69550691017370277140533137528781179276177453723507419829588645761072842688293273188
39462915711651236200104288708377830831600306716935219783064358348638016804003050744
22294749781124652733212285881335820149800300699705983571197894701076205403308338778
12541614392301863463551070549250866487332024001689003979475441573496767297088542448
7025113851858934824784158611647325690443874509604624461782529343140367686192186350
3918447402070323646442704323170914895705748757100086921811713267593174695341695384
2176441670596194425051864595212166969789529428407596237670995474190813810198367708
1203826775515207572509087106734716805430558867475878019977242762577645369017422016
663096131681088824862105626950768347718047318150651033019422595770196645921273692
363744190699713264099270171572776768226597256555329602484102654737110344058959256
198716639605842261179212657931571511292237815674119500734798477830825138826983820
108119117299157765963119598768410806412210778071982663058141954624074310016026720
58588489687384821113457034985037250175617262790530367260750247581551034071331880
31620963842348704158358395258324930895905632676696028589089726540187848142816376
16998175280996872685744236538166730580413852523835027365695653360305831537572272
9101338737298378620216294509093780695433282324932430423629986199259819933063136
4853950922893275220122486003552243612714865176057153976214098176511574955634086
2578599698821550834761334173439420398515915845353974421334947570453249771157352
1364527246855567232945867116611487677416582036152590338358237484317530295069324
719285805337275306960366972880118871483491616057281793954394297715762910721176
377705228149363089570554517140609719129601053555699743262570572785308023112314
197582249047987565848526851233972370225813288381587139798490008487264773324560
102966855990187471224290726166476753643252249002029093139492051967769222932702
53458000247968310459180112882917671799247966661935328812006722955099288013152
27650616226406132284437647085862933153718266471855439995957958630678468619384
14249014732722328440537370495839507280858037523837962156262163276419424043920
7315833895737072817680578987156458758848075596057935727410783405845158810188
3742422524026221628943883131714897953966303437449862153162117563091496234608
1907492297958504928385635370685133867190978665410302496238286226784487977092
968734343509837814945151338652884911596891117169271561595290305672736182704
490218268017381158353114106854643796338607001227416963270930299147483417080
247188377720230201138682964394431831728495942110279156833957572723415384000
124202770203726477821484366042123671916390796133344794425440670385838437834
62188488414106174272900893895165020825138711852119668669205980847304619888
31029521731746733919971508736834459990149132451293889695159664173333861590
15428981658687618515897361629725024089347843036482121117952253472474335272
7645526416100305158357745992963824388745795729607913783536327800581197916
3775688377998078800643266344724024634815264285757442849835538133604779320
1858293646699567119623990672931110934352001671758739593339798624705837162
911533411620347792366179075599502276997535601506344936446504034501470944
445637486194875211161035723520287825152939646763921216951105974512679232
217146205909987233346269783552844451953493506730095245975754638763180776
105461759729955165960511963284349889080357163304501272123715594105967848
51052907537758758595067480386519397319505450276726515343206940080573856
24634259307041390338458050529263883653741135261301458376409349400985476
11848475723596623777035880650852687202483884839494646432253803502359176
5680679919532038807436189390056384793924883039361533406530654881249716
2714959307655588938762482724657429680317026552840309837706630153906624
1293488277867956479984238372280780020050439073532021476348329794215516
614338960640210539748190371022740735831984340112487499968912776344072
290878167841754846295609723375576097120469231070056754861469460495418
137303568980369036449784386172879073980562007019591429250489439501488
64614715713332115541452649486388708462052089350625027963973576170358
30315866111921917980494933139322859540465036655920136604281172838472
14181068176187186771554598036107727558298771295881769027279508502948
6613909159550335946240442057166001321647903890688784341169496377136
3075598119241774065484193938312573632459776798648792718962450998200
1426043499494344883853766842700993216332518579889085367282190193512
659295168645098527827911307277345990561350576981971340311818171272
303934857846713579223725546557979856825903091524461617202091220800
139716327979208833840744744075232977360824507565961762120657851296
64045584026813456591897929994377902018347569858687071832338640232
29276533509008207295792258148120981025654486939865665410858182444
13345892301020410141379118365307825502906283526160667826734935776
6067178562706282927063045819439311098222682260807186818359377738
2750716629734142312830199084629254422241477433471743824988485336
1243767805421297187388456543373886253539765769066491100175666844
560887070815966182169541794786337050166065212684322560447902760
252272316347183533768366102524929168769821441364895135787957538
113169535158021621777227052612218765855340840429367272004919328
50637437982083689552797338415437350928862243404143413111520470
22599727109841119648488123610069073914409062113812055412307840
10061013343489909499917756501965985925260312699096358235401616
4467797242556981751442547331107238405431969258021946014543472
1979145369618077807115039150730640574507025951045288995173304
874579869965655049962027436633753583152496127088150873416816
385549283018249921518686402000578787081900492955132719229632
169559690925923294426051902837589845589571441807030779029200
74396210173283216547014706791219396512735900343451881750736
32566150400633873201575479390856331498262184700213166337808
14223126378353913893820900109782464974436702190493133170296
6197785735286787079663339419313496234694017243105247828240
2694755276214950531751507088412236791674186681245043938722
1169070195537108211294288396374958245051993924988029676224
506094987441172746290178597017278205839529739960271345860
218618890405502040233869540624021648078209115778019670200
94241678827260655126364471167201700260845486844182818610
40540412595917713359477926236782958358010725699224810776
17404556500712176039666180422176310186901968915744133040
7456806630063923139833346917114121671830721136943445016
3188619930250605517440606983866637979763131490414722144
1360794269918297332546645311677715902266969606597251384
579659050000889756506762534304089424216711439989270688
246442968940557831025302559079303168307479308729523208
104587822712652805625904982710535230482163820746498936
44302889071020205722008977414145317961288956540359000
18734151900012716574419659690480079590016863175776176
7907572781074560979096350425296403030995836080286536
3332215644784788659849062156886960591317336753265400
1401680559443933331011783995272312118542354049167672
588673736172758420248444946269661252597598912015762
246798606995083718979010349671470737648691343716480
103311417286299848954333644197580065921845156769732
43172760328002325781254267449989081112446012203416
18015053848747063515775654451285633035476993386172
7504595212474957481458235749307625836352283252224
3121824493542599760742990721563485979009239076344
1296468437755182181720386505820433396239670906552
537685848910681450098070768567217550628743726792
222622802056472361457748855878215737655667173600
92054690949326540604592502323861445256776807472
38000928018133878273367130036556139451770456344
15667443196899649294224703069337270909968380948
6448621205333576430384358777475038244723853936
2651002277334674271247348742818204210172134080
1087942392976436033745030946577732150510350440
445957686484580215448361339579919553171186088
182480494047735238751228436913556833716705408
74584318622574450359854834192018353998628930
30429207937810916625982083411941792770015008
12401025400100543299548798605242833844283592
5044381582051250534069324518915851764390256
2049732922440570441824306111522575612202316
831257325770728501847860697249285743898064
336765840360704032872830487790650831672984
136153501117421972368878392489083568707776
54992059018772688189518619082101470891352
22163193173322133509811066447100044959792
8923854769342794514949546660748273314658
3584924039569968065202865584272519690592
1438847509544964002393732826633896649108
576097024445281294326940420145887714008
230465711300791640293829819549148367392
91958894085823543965619623957976491904
36663789321330969514011277802980946112
14577377695933399706805642809368119288
5791739125972257556634418283838470404
2294291803137429795793075444820956128
908266770467368881020058050581349448
358416839747485223883029880118729608
141362374036388870087804849411084076
55561807985741837963063824010558112
21829522026285941204631282408163792
8544383951401481405598588030061464
3343560622929267087110254163009694
1303046564688536465683586247589728
507789259226810255718488355506370
196998036384891346214640070542624
76438409360323105117263276746196
29513708163464878387894633396344
11400585402714801377355084134952
4379968128975845426543352399664
1684039563012474784274126808924
643600980896965794102159883224
246261567523086107920045924788
93596673405856194289240821504
35633437186278116379865065480
13464438399719727370509999912
5099373440297644673455292556
1915000218139962429411024960
721348139656027689922941090
269126903792156651562181608
100806010951738966421222646
37349446289085682766712408
13908777203243611458492138
5115260788708528059798744
1893379540604906123688300
690866435264214940820568
254144575930876757964504
91944960852419381521288
33602998365690178968540
12048114197755467582696
4374954532999760472252
1552786548515347723848
559890850184060253768
196711172522110549176
70471499499264020256
24445286139274309224
8690981947161967594
2982367854525728952
1053773074613086902
355175960343217944
124513140865450770
41590932237175104
14489252610439728
4698733920412248
1627856237317752
527995727155952
180987027517476
55476658757736
19170002569428
6039322608672
2017692254304
566041859688
200902923432
61644701664
19466194498
4724502192
1865136726
553516248
153043776
29230128
15451344
4191336
865728
109968
113076
23688
2592
144
648
72
0
0
2
