2
0
0
0
392
0
784
0
40180
0
158368
0
3023888
0
16723504
0
192665942
0
1250465888
0
10995984944
0
75231636480
0
571582372620
0
3898433392448
0
27229379626988
0
180956761914096
0
1197010992967650
0
7704716880129360
0
48971996787307776
0
305570960031577632
0
1880991103417842360
0
11412474512728396912
0
68381885351500821100
0
404807746368503084656
0
2370161550158459621956
0
13735106540352606608416
0
78845172013565628642720
0
448667389961354782483888
0
2532793454541960597169378
0
14193670989187424489367312
0
79009605134778202639538476
0
437106296843633165736435840
0
2404356515539476951743373720
0
13153312197753948730041615328
0
71571836686512246817245813496
0
387333384838435711856089434784
0
2084223355663586744424697137986
0
11146009357624220712678785566960
0
59201934485232095125532313014616
0
312073974897699284787965046724832
0
1631176963359561256246963631668448
0
8446009779888258188058677551714672
0
43279010755246599606200700117596888
0
219251538868112347192338365571607904
0
1097029417993437835030119714182293102
0
5416126740339839797050857550739746016
0
26360743361920642664589552227360669920
0
126371578859462924582150395118993301056
0
596225643878703460195238411867798820814
0
2766362743372334967280982938931064626144
0
12613398677672495313720512315287089134896
0
56478637881085055690877354967675110228176
0
248190270634916038054203683157624472075028
0
1069708131293694997287158745327567372622112
0
4519258060135575332904024885164959169379416
0
18704195883773886880797202853244059391873168
0
75794065966226145793789610066172222848230738
0
300547802033716925405200327340728319460252992
0
1165559092754430047684567808627562002366666200
0
4418335986804284883601963559157399019563840608
0
16362451940274788936179957749784097824694033032
0
59164913513418390401268344116383856512789891552
0
208769128703386684493125833641091200201560553268
0
718477465087736725581861546310974208710894583344
0
2410248985999286357277422135326929898294523414046
0
7877128309266759093739479595649784178145098943376
0
25065988210369023585816765287764557661260947042488
0
77618385696110642113375289671583581291630512658656
0
233753226794830653565088573792879345643873613296788
0
684246795919106156208711822879214340902731118845040
0
1945708253153375794510765887199059261489753218683756
0
5371542922238794651861951217123324127855409030609072
0
14388733232212172165679367357041721387937413985744362
0
37376064311693141398450505042939722542660795620435904
0
94092986827347394579770203789824044721039381983962200
0
229434680815155496293770782151032850654794899117479616
0
541558229641729939666294759890764989141842895716924794
0
1236695882755618362427844474848199659215713893699376368
0
2730621386515029445355449577537099064051222777171586284
0
5826294526934374696245975112918554323946292443095870896
0
12006333435029729162930208247389944637811626387289405858
0
23882173842982087807571031385290082070430370896946544992
0
45829583488225767764145889549440101770495483475683685072
0
84799868924065003474315535622452958045345506158640275072
0
151215641040844118872919613659395005188138825101898844258
0
259736491258569470227085016444086101442161451825595621264
0
429531319350448640958338911365151467892522252667934913668
0
683569538319520455788556166856821800572545909345265511408
0
1046423619436303122081987664983758973822727645534916287990
0
1540252721416460591404969319275290201452021770749759155840
0
2179071518500671785763896190723604407645273968016782273320
0
2962070009840527367436788792797758184942102093982172003424
0
3867476391861439976175926020032742572203934220161443274742
0
4848959977491823015219098182090031786344247856748789615440
0
5836532934037700997204813961633858540405945876172787043788
0
6743123493685912800111524765212801883295534340630734634320
0
7476525301794080420261803148181755242048445180802172468222
0
7954676723544432163227647729818368759244999169420938160640
0
8120822860203334638164064407354717344510594688049366834064
0
7954676723544432163227647729818368759244999169420938160640
0
7476525301794080420261803148181755242048445180802172468222
0
6743123493685912800111524765212801883295534340630734634320
0
5836532934037700997204813961633858540405945876172787043788
0
4848959977491823015219098182090031786344247856748789615440
0
3867476391861439976175926020032742572203934220161443274742
0
2962070009840527367436788792797758184942102093982172003424
0
2179071518500671785763896190723604407645273968016782273320
0
1540252721416460591404969319275290201452021770749759155840
0
1046423619436303122081987664983758973822727645534916287990
0
683569538319520455788556166856821800572545909345265511408
0
429531319350448640958338911365151467892522252667934913668
0
259736491258569470227085016444086101442161451825595621264
0
151215641040844118872919613659395005188138825101898844258
0
84799868924065003474315535622452958045345506158640275072
0
45829583488225767764145889549440101770495483475683685072
0
23882173842982087807571031385290082070430370896946544992
0
12006333435029729162930208247389944637811626387289405858
0
5826294526934374696245975112918554323946292443095870896
0
2730621386515029445355449577537099064051222777171586284
0
1236695882755618362427844474848199659215713893699376368
0
541558229641729939666294759890764989141842895716924794
0
229434680815155496293770782151032850654794899117479616
0
94092986827347394579770203789824044721039381983962200
0
37376064311693141398450505042939722542660795620435904
0
14388733232212172165679367357041721387937413985744362
0
5371542922238794651861951217123324127855409030609072
0
1945708253153375794510765887199059261489753218683756
0
684246795919106156208711822879214340902731118845040
0
233753226794830653565088573792879345643873613296788
0
77618385696110642113375289671583581291630512658656
0
25065988210369023585816765287764557661260947042488
0
7877128309266759093739479595649784178145098943376
0
2410248985999286357277422135326929898294523414046
0
718477465087736725581861546310974208710894583344
0
208769128703386684493125833641091200201560553268
0
59164913513418390401268344116383856512789891552
0
16362451940274788936179957749784097824694033032
0
4418335986804284883601963559157399019563840608
0
1165559092754430047684567808627562002366666200
0
300547802033716925405200327340728319460252992
0
75794065966226145793789610066172222848230738
0
18704195883773886880797202853244059391873168
0
4519258060135575332904024885164959169379416
0
1069708131293694997287158745327567372622112
0
248190270634916038054203683157624472075028
0
56478637881085055690877354967675110228176
0
12613398677672495313720512315287089134896
0
2766362743372334967280982938931064626144
0
596225643878703460195238411867798820814
0
126371578859462924582150395118993301056
0
26360743361920642664589552227360669920
0
5416126740339839797050857550739746016
0
1097029417993437835030119714182293102
0
219251538868112347192338365571607904
0
43279010755246599606200700117596888
0
8446009779888258188058677551714672
0
1631176963359561256246963631668448
0
312073974897699284787965046724832
0
59201934485232095125532313014616
0
11146009357624220712678785566960
0
2084223355663586744424697137986
0
387333384838435711856089434784
0
71571836686512246817245813496
0
13153312197753948730041615328
0
2404356515539476951743373720
0
437106296843633165736435840
0
79009605134778202639538476
0
14193670989187424489367312
0
2532793454541960597169378
0
448667389961354782483888
0
78845172013565628642720
0
13735106540352606608416
0
2370161550158459621956
0
404807746368503084656
0
68381885351500821100
0
11412474512728396912
0
1880991103417842360
0
305570960031577632
0
48971996787307776
0
7704716880129360
0
1197010992967650
0
180956761914096
0
27229379626988
0
3898433392448
0
571582372620
0
75231636480
0
10995984944
0
1250465888
0
192665942
0
16723504
0
3023888
0
158368
0
40180
0
784
0
392
0
0
0
2
