0
0
0
0
0
0
0
0
0
0
0
0
0
0
8
0
112
0
2520
0
31472
0
428680
0
4711168
0
50986992
0
499679376
0
4716887840
0
42035146160
0
360882864944
0
2976873783968
0
23776175551674
0
184133249835276
0
1387917252987906
0
10202364898126212
0
73309506151601328
0
515829168265709060
0
3560158122549016478
0
24136273952257203296
0
160942853753229253314
0
1056744327593420514020
0
6839271197375679131944
0
43670161538903610744964
0
275320452637000227858422
0
1714986591868397553810132
0
10560439275805751650072328
0
64308098177935062049503912
0
387347792515091594515169368
0
2307800546124658120030361216
0
13598354814020451051294123756
0
79216635385704361388324816972
0
456003754597929585382193619726
0
2592163802058459436109461873056
0
14540240726147068153981571913780
0
80414839243742289488284436245024
0
438103933488839819173919235321690
0
2349133170470228477390182538975564
0
12386322550482737779410296635481886
0
64165908959962326127215215483799472
0
326308871275934374264560691497386772
0
1627667679257118837516496777686336116
0
7957551231958985689444046664067554422
0
38102053814563590935849302575142167476
0
178551372076976187217391578688082816348
0
818322811159682919313132628407404928800
0
3665570427339124132468512253413056010658
0
16037201487057308842551405743421694562524
0
68486400347666043651004671376920754744696
0
285292133876637264138501557035665095724392
0
1158529049996489675801449894732353978187482
0
4583293637932530315622735918566738425134192
0
17653191774154429158351190740417616974537830
0
66155127108863149125857761520121051346691836
0
241055383145353431570369121803135298591068286
0
853492834349802784673251745782873534874965596
0
2934456264937812256105077573580945153993938904
0
9790696535060863814337777268759557208647171904
0
31678885490009734529854236710512014967645854444
0
99336243334164378861670167793750223365229091484
0
301673853606291032409768145190617271671652715488
0
886686546634287309115983016333322534727842624728
0
2520669133116072936346625342580935386500411549386
0
6926064944601022419316321991479717532797624074412
0
18382120006516229885733782493138994329456007496910
0
47093247446939839806088439888124795220692056735592
0
116384339966843603218606510306741358293604681398176
0
277284930363727889071245135726450901728730670495428
0
636475686433352878104280191418800037977660813692770
0
1406680183736105963844440768569453844094774634132476
0
2991633566526435046420079140311144367763145531719692
0
6118865613961877837339965786493490018255447094338280
0
12029366901369723670750380648779600163522260880032624
0
22719303014633154814728287335434111922054307453497944
0
41201329779006040355225274085170793766654585066815358
0
71711544424308642040578449623877377673672864189408704
0
119740635356944631175946837674681698643684070701556854
0
191733721872787692967357032956088623846914133609475744
0
294311925273893603754023259702981653779720515976895830
0
432949213735135772218755437839138824464939574823780472
0
610201997047339884086531371484158026262091714494039118
0
823810269244777901624976580300437982232344968153556696
0
1065195528553339255143117901958842411842641059319809028
0
1318969069340669864396886123725673175810228479433817860
0
1563943145392769404450003086566269229007443375439241678
0
1775782760297741783687803793706209633789829231545765812
0
1930928311569251365381686851689758705778759476546902852
0
2010934818205843149413268335125131763499872878059278044
0
2006116311602595839019977087878447353257204994117842772
0
1917490256933120529734535107983404156633648146921207512
0
1756478506190892950291417361200981978639737128466798144
0
1542477109504040747779184579601923248682048447861891076
0
1299011891764127202484753972809832957581742551994602484
0
1049532050840307014722795360193661224513144313755628952
0
813864494290803991184533818330027274418724299355137402
0
606013746686393988608358313008874773079034866042346732
0
433510919189917679514964398730696724095340122760517618
0
298077786170316920064337320442104776289093814906911160
0
197108873668619420690656358618021356000381556561307904
0
125421940448409702962098181325529498513736367628989732
0
76839210307460296745300344214141665187897789353955526
0
45351516289396337711795009877889311869168102403293124
0
25802563790198811480048971108503433996701193197244472
0
14159980005004524962863019140181537940370941602658512
0
7499991765417159257925742340536041168377309964934648
0
3836445905302681604565465837223461926528581539354608
0
1896446685092674872566470880838828186569809905095382
0
906502922863652903985641494706182978627869156635984
0
419264919877637865600077590162708011140587012693750
0
187746459408816727929577067755342391184929401456904
0
81449984378721345282445236386716189176423225394974
0
34254442658200569333913456596119570153263050114176
0
13973919859236275615499301286665416187866813746342
0
5533012871371684529342640789727347022253116997168
0
2127705176379123434653922114154925836804652075572
0
795113622936546417143536958892233145627134167652
0
288917447758131269706576974150457801226023201174
0
102141237921849533341923276924216855811830021204
0
35153142898256881795104672470693738444343366432
0
11784542543747204479204565136457336706440080420
0
3850290658043694534586744774587277847075381880
0
1226732997554569197778289716098413394016154048
0
381349062677967639273881211180646119222383900
0
115730713969152498331304202005459927712096964
0
34305360811603363844004941677939654213281176
0
9937881227647731139524327661938051893076808
0
2814959352272779323417594435049428270093726
0
780049485057425448433897469598500958577396
0
211575953199681421622118564187488909591602
0
56198456597242728459000090367771339445416
0
14625601920924609012913542424518441935608
0
3731207956320935841497675923852431712572
0
933564849841300027297066939868795439358
0
229197546236709588552820075086469922196
0
55240207857501017192446981355369269124
0
13076408186169760570232897468978954712
0
3041698145040264959260325556036364752
0
695574613373783342141461952838727896
0
156450044268388003186934198652350450
0
34627034541559348841324205875151152
0
7545093294163572969763578087866496
0
1619288471395816309182589302388308
0
342446599411114269156162317574096
0
71394841379422055740589697327828
0
14680449590117795983504888386266
0
2978514347195503869101325381860
0
596529975115466024174893171758
0
117981985197856508159419642892
0
23052704640110689004460531336
0
4451590247482455226603665176
0
849868370508380656932300788
0
160464293458882412418131104
0
29973178860689998732993894
0
5540400923252996799402068
0
1013719312343288844528112
0
183636861984144118946676
0
32941831144303513789308
0
5852335098425281675720
0
1029748339484226749618
0
179434289232090228392
0
30960931913299169656
0
5286997183598487336
0
893430061490354780
0
149154889214710988
0
24623263705621112
0
3999974619776352
0
643039130186026
0
100781928072112
0
15748871205780
0
2343941020092
0
357730174676
0
49000024556
0
7463518398
0
883010520
0
141805720
0
12791380
0
2409610
0
130984
0
34594
0
700
0
364
0
0
0
2
