2
0
0
40
800
80
2000
16200
165200
67280
815278
3434200
24443600
21090200
171430800
521640808
2984534440
4020093800
25095381840
64626389800
320695350106
560216052600
2902833588320
6938136774400
31079541875280
62832042773512
284325751001240
663771856904800
2741764996568880
6007372878418600
24578631487091430
57422998392115360
221617721561062820
507884287321342640
1924268954179647760
4539321438718396560
16533741169766881560
38896326186404345680
138749723202408132640
330971720084333264480
1147371662494179025270
2743290294382483195440
9321258127878521664380
22450889313302961779240
74613587411106460793280
180278772651723332501072
588408047911490507439480
1427820699713215968912520
4576850508734311535035000
11135687471498757770396880
35132439550005030259017082
85706850662426136467777160
266315411287827118799264740
650923149369874346292067320
1994698412490743279711848400
4883391399538851613667402408
14769752186180336891238928080
36202408796237664462193830280
108167879939657732435328442760
265374997700789837034800191240
783860780043122070551668809182
1924276306788908486574802358920
5623082234511315446259509589740
13809094807291017147674342139680
39945186863485730355466138003470
98111428737876510141648828815992
281099297524170998575518241106320
690390243125100477778833520017960
1960185931596995373626466826303960
4813215857881875852610809232460360
13548923179799107661711915912313394
33256616781104832943179334074735480
92853803866469010573808756562313460
227796494496478388294508217876192160
631089679924616345108914278789306370
1547239445180576473537734205863517208
4254804847737938515775759364162695280
10423548841939307832421262226098160840
28461568678070505649671650616056887560
69665764716131202449153032752157404120
188936189421626104206306188967003423690
462018710887757097764188354296690347040
1244883818830234685966699521674748092060
3041024386967191955490448362868318857800
8142807790636457421694763792322161415510
19869088174212059713765842644981204241392
52883495061107866779894498169820443280160
128885886524590097830944116622094951987840
341059832097449193361535643846594010737800
830172759763094137645783910132431508686960
2184563126161719869778407346128167207956726
5310416366174495204089891594440068809611080
13898789107757335441774936082035774854513060
33739781895469013220810175852463646288912240
87845252147993610094139938103293555451097610
212942251409991758714608585931370990097559976
551614073097742175241762732353331637409988060
1335166669980344393581380878184872025616974120
3441685741232579296464248281796225962103035720
8317782682503023810988503174160330600120393800
21338584359370403852122787246685758633181680082
51489524865288109534357291220813504736593043360
131478564998114960820122733189105300982641859340
316742849643283181684672784747934961276929410840
805142285996670298752730282697670032721991580690
1936446771275620956661071768213862542538556907008
4900598212843370160273473104880196776308978035700
11766472018858543073226873650302260787421791378080
29649133606037371907088188690809705979573612472440
71065233801354825186851209354467604155856637885040
178314384074898806929076236695562048999269141928462
426642228978651549515665960909485493230706343077880
1066091980994294062655766245521962832496270185591060
2546179939952738882449217346814218822445222530297520
6336609251303698152329766201307271428663735678034990
15106132744402835626954118911504595282127024271898856
37444738203580196111969825488049035068560203032685740
89099316991029146526984095649240985296483679642798040
219994431042040618623020622132915029656862883682422200
522477877807627901557362345113627180569845328489247400
1285087759969084885592613643534139094822120681092598366
3046121395773685063204487813045151856135803040264219840
7463888678078022659301371282243739406188271557240628860
17657263291026710068838156958288889909656918119971505640
43104018217097687029873905548016220300089194574241327130
101766641588452583501542526291374379379600933823008990144
247512727283615427050186234332177602157272833964328215620
583176811626441939109257290012858045698208498565384257280
1413218874243213245790495421770296564281174309780944160970
3322864675639037278639941354076217135292762900976775327360
8023362610350634424908342817365592156680411246901619657506
18825456164090693337708041138048850423982140916802473590080
45293883795458882707242771454772280638365455538505204882980
106047314830954605172213897221446139448455103818818233508960
254248265175875799246949703884513125201655265624983231355030
593983086164164243428071816938276711715603194425527563645392
1419086888619680376444868136368739971145173485952613662993860
3308001558795134232882852495510595585054045551953785779880520
7875677268982398962268824372010845093060471656941937792928150
18317644844856067427230189741791894838832290545591394812240800
43459856222583111217112983408347071227750306349734913321037270
100850728058511494089645021925578806834871387224188020398494680
238452435953040867840283197330802037344224727595969239545677820
552058613310126389165410195962551398189749678740598583674981360
1300822794107025734500094530781678839615312334397667577108450270
3004536393168632033654067931795440577644727476829095679324596016
7055460067220821929380806032012998343139015975932391631829018300
16257110278981601891060174887797771068149158961299734477329985280
38046036432583697827256329451805277759754559979137257529826401090
87451731254116386346069935975335561863354135905775701076836294320
203964487212538555409393051953637241764075264500312281722911330538
467666548475818246877199217971394013462452734778031989392423365920
1087033768174601284587789290754851391999032812671818639718467445020
2486158252080420020042434787081412791825428973976793357583269361520
5759108036644462177195580578828788751063138952350197320759580413490
13137889133612674077385562471347963903916123374103631733498486797800
30329802095649604942711057871364554606461020626835111651825895789220
69008821816944354440677420825065514609325889507779114277680061219920
158767860400468462288357955962687378798393084707835261649122057283230
360281276656720304840773898863358535233813827431278483292398829152520
826054712898881136024611394228343848815775249597925174363385583526592
1869436444545099884597365245644322843515464137800155762434966432715720
4271503804921436223935574652243201576712154015984938271899268849745620
9640143759751360546388162918397025558503833352612450126846762655449320
21950736646369801292106569996614799602691892732227118523210258696074710
49400340568285557128822279544668766571018869377946207862368514253521408
112093970170846847726363253263439973625960381651521911057617803779293100
251546217662098371390510225441225371860704660179011767192483284806375640
568783183110862278483303490293179886023928002811101172198929355547586990
1272661145314756922212449245220274203279154068517064910004001592248478400
2867523775047901384485070659416423776816829460772517746581523683775519152
6397032861196365383441074209361363520167590603218751005940942426229427520
14362348700007158784444500369598997814076082497812635606595354187903587660
31943077782858707632237505182335435724583568662629874730979777085281709360
71459894181449451465686653520939839883120319105086700078560400209704774890
158440721876249721543989389246917106304074736695515517736423045251312199512
353163623648163330144019477112507206556143272014412435672463555408843583380
780559757449389319411798728644855913011591548965294620062576471518875602000
1733494290923934715847420791463614609439175958264190512109262485903172895090
3819004210290808547566138881859107156083153726695254468930204298225749382440
8449982897660947209862040812580189065699845559500066863025805824646156210384
18554619122373644040992317329222128955221103583405285361146919251665117806040
40900468160913510950294122914636537873614256459293737990227108782962278664260
89508265359355829558119746970598361141453224529681820546792198648289346505960
196557595286796835905544735843598572989269933359661703242028002868460044516130
428679484266902010505361803435847618091808680441817707419184025652922158972960
937753266074377853141766708963642848102629656970083204393792834925393883374300
2038018142519190529283063618147025960556603853925550990426542594250028342899560
4440897317609585468555401102993279415151239806895973293373861158293709963848630
9616889251611741343022556156966660837539680888256556169018815503663811854418560
20872794706187457036527289128401586527646206750904918710272618138600480386724736
45035606753181770815447776672770624173731271672160839593260525066373205436956640
97355557131600081256360098414374411266608340010185629139254499126042943891220480
209273444434565329961984245179990350598249818524851780291666978749525063099136000
450559360476341158747170284221531035431296910975256692526954770797711206829480990
964826304342636309690488144559408818599287136384018968691101380847704339436501608
2068681619775018440570312309975400305643833718825615490106988456102981338914454820
4412652262218627772018572771910630654220443733334443210831166844557422986840818640
9421572654950279222129140308995768970119001549982182785645231774468904251544682090
20017185941292471518471827772840748599995171337975085656456676722047020684090038360
42557645922238063870382279550982275547621704020079034486755221257320179346313945216
90052328402845072092762449420288606867657600295628709252454138839997829833247964760
190630026109984601405098522420424523746217650557353337595322442075580512140086733360
401707655925700626570612853813252110044228034950394369447559000174144331927909831480
846639339481627115329465467618004353938965627107090520821235610155945403006551617850
1776568888511174524004541315784972729942583376231646776447374840307996335653664534256
3727622228903503435132515654570416028338142977910949128502050905205934977974953875340
7788312255232284077014694128287001707086450098457994358971810057620528175387685953720
16267605879786354458082756996988182719510036487045562949663614591337521623085036547330
33839642146205568298887727747039494761514145071974581665753134302847103989121657214200
70356611591580561257402343884467286041911727566197862407018789452266246183476540950272
145700255399200697893386133619078825458551267855262184274818011097159884837376884427080
301513180063685348775971133663010760855761375443455381183739004948237413730766521086320
621552010994520691336759581167479792832460326294165271509512822866673713136228371925960
1280141212546242193062171601523903781415290111873283880956206892231241869396546140119350
2626680606074832493038554180807311419605139506651688116394906690538153032406482172127296
5383805285848445552424685973787706296298738259400476261820407870986650330168206962390820
10994598523220553051793170712126644320165805798813778886325154567987707632457328473561240
22424879765356991902811013828517023769343618791761525489307093430002767361670854041573870
45574642541799734457577258837328287037514456206956982664395713306153146134488509248032040
92493131579450978848509259699347687321683238543800606627288713321969827563685341876456736
187054566919069312694574833911329374307725655540121468340094928051548608743005816390780920
377708396038530396774522254388410576893599905078622947299809981917532776529758654190568080
760052967459753113363239217972951847728555657669674660281233777307015803718496389472858280
1526865695760000243885559264304767631347085357661152030805015655094659691614491063686100280
3056886574610008217432451482920536489201149034359145859327215772073431789486371926349983944
6109018653486896378634615238932739193722045278733198771838587712158893038622493036013890860
12167582268013043737283345681416885880092119569873624715121252655390260521362115357797624040
24187893260977605487418606930127808701599542951666075623040409778839870333643703754933260810
47923503491155803492723505625789654690659663989365539668935081300537238281751865735995500000
94756811112543020985586767168225993368460844692347997970303021769591238274547794968227490016
186742088871759228665975729671982421164548185035302288976837093437668278898383287659301556040
367230517617977329774674171541352453158994112406986254073842524328807368949136677641932145080
719806326248705763529738685157188711570150315098735830671410718586273722497607339416660825440
1407711036199640876545095047501410564612009969277298202820133036743828200129689705235588909720
2744098388875536946687446902783379628102854233775196868620416568539793929737851381062150083304
5336611223248690154388724780569333540251120679456338975812664136519407703330238371350659247860
10344879743230253316472874436493345482165753694205420777151365305801877232274763446077174273760
20004431061374749194862382737916919468231738378493105640077101953446966282285438523917616606950
38558892831675829269500085155116091194224805978984742036254495939368702467961886258413053442080
74135659036934828604637480542665862889087347149459553432726933409124504903954186835641997911096
142078717554321542168341788859888919280256963037388682976726442941821639064625525087154545978240
271581741635749398217104195865527867754091936593044967710285385561437905619306701728459194345880
517453495321055795683984257980835333279871146201970615813458718241112078422241255070747158982320
983284183065055077100487710389543097666063891693648958370443319139444083819942922226186855423480
1862448780813598349786551963006520927276302374944646250101802339029014154230662636501250690746144
3517998427253213458374670060392728784095191828747960358338512916985646747103780459932710633687340
6623711201950935410295926821428965057397569142575841845134195685031856415453694269890148946452000
12436088242184733646524655854199572101355862771932070860278007894487941626976316105858535209051830
23273205973137866556319659062486243865050378493805912062325482923389620606530610431093898073426040
43428756125946801960254111061954741854138560162886144415736473048592859037062892430175513862277720
80776112385390890640963534759770941944598131796674511818029232705697593344689360229207703000059200
149799615234120316742294045636126702157093216513184838113119955292531866229469284424666941384645240
276895634121665354610791468024814571733652692372700890600980906764352228222893879426485316122954040
510291531056742314546105271319505065812611051922915818175134574534780825963906665932253908251728040
937325797646716183520173446418586904184012992780352668900988739186566731467877069735220258347966944
1716466666600796968769560780590758330195291630492907264676958730761777905519493648114458625734348780
3132864005315874185579521136527706020827303435694551221546777202263410430980759174098453523264441960
5700291414199051693822875949100831589527218982053005272191446415748868126399075148510073398947069610
10337238735681702397175594516283281189936915180688806867752665328666017750743444567154105798064151000
18686976361726231738475224575466146592535656174041160274413712398415778378047092485241192123389577512
33667850020949256310299606922015353221989262044887342722530821882929640424409902421927703898010537880
60464045809921172488231101744106348127143764759862848838914026957298089315610337896368172585818047560
108220645032409667932720770290027208790608278647651625597900037418349833688354276541056686353724888760
193066848079204878721272722024591189797422199035634798866082673782090274049839595593554636185574681640
343261459825052046479355624030480286789096865017248279467006185890531753609516148318892939491014262440
608284731221545486081120208666810955000327581767400374124874684871315707140322280250573446248108135940
1074228499345229276885924624759539946724245063155842270243157498086738995222733707483101395717975329000
1890738206883946010994913589707057801216116710462100495169517010620654948526619860768387071230417116190
3316360123497761131281076525891278332369070438431968800080344318839152301545017333034734789419893248560
5797195018672960285993099284536277717200340520591554285959798574592575126573503764587642573075315776888
10098501744908848466050844014137545290604215339040316522616726256004295514798631709887155603433687167000
17530865255527235619055048359090087916572034742044825494936696479006101640201363099838140518808514955440
30326301834008006554203134807559878162059258863920193892261467081958548130542921848807380614729885601200
52278698770403664927338830292442739187128450354028238183359197954269202234887070047556049502926195101160
89802068316760012457548346445777276661205491707534677841753955263421282378401460979866762721662485795160
153716090654080952048083765533009127562938472192558546832346537208271907241090519625689673952630849122140
262177155364634858108252201084936688843699624691072118009221467805481205225754032923845580314438630745760
445578587544291066098687551770368525208266251711551081819162027718690689891410242500733480197649016422290
754540090841132885121514711149569452646318947211850626646985477999828287304954377442587217824312965552800
1273142710692890240927551413743454287385924942486074665930989626935826575103689218997648443464185025581192
2140356881701094836173716994258279565169977302795630999127575618329918925207863976288322482045226656964800
3585214295221663643386043294153079656901092416020163748580253433071312498211413271062284888711427755112960
5983344186198989342696580606001377344172642839931633701831888708161310374091775290801054485030616682352160
9948920315464253677968425206921457843535802286026490731862737339144368148398087076954446063257834843222520
16481369504302540910286110430044027575924410258473782291880143802206251205220792825836084039328373978278496
27201773013631554948325518616107267997170871445312777594334094055877649725720705965679304997480985170280580
44727209180946766722043383133927206049400234398515543543270798266943735492385466979014149304487785960529280
73268382507788293095530556583277853502437207724867137081413032812944816297000666705421606598794149563475120
119568630580052221610497958227771657699575973725808691912567874422288591815661612095474669989347909172588080
194389102814998747573761625706664682965081859863173470388280689130090142865598134361164204787337549926874616
314823759093582399426065309580547298926924871212668482160461002675699692363573761703474520497642486246252800
507926675566015254147686085681639422304508683270924681971866000700297419410064852436305085652630838290282880
816320055138426082363684727491770861382024046533884058994816035988729677548284800749491725765701371195206640
1306898610769801618804622849267095543362069854210281362038196984431665726233218938671558920325355806810748200
2084175014886687096012726191214426615982488634713506298428943128949067471734984996958165551504738035253138752
3310797501294567378745435142893095827385932882895409831709021976600258949222323937202804112835884569936289860
5238739492915113496135943097128848248397880487275682344316796560124178659263361714220041344053234152250855600
8256792899833898883152270582218947945526004315703789367108803951649180835516106910492720405948121974075789200
12962136593934148166866124184264265081074494488633327300384958050901270369980145579789937205052941229437582640
20268264159238024535763628548768154157853667132683017185754644247403968393427390666657443232366524139510306600
31566176484801084670227985288144737500188707050618944706759032615741637297247346438405137226696076190538162960
48965096079901303865728817352931479068746660575959139342745130886526851634055117151675930133129319795035564320
75648714657192476619933097738629366926586202657985388352986297009387791251688761768815231927916305412774424880
116401944913002598294127192703567030211547392969675584247418367007050650354642167422892312948564566805036447720
178383259580097852181874955831095838137550166389559597958080383121012398775487322929836967086621958609126274320
272255284530031559764493537968673907419758390172129484850121293695146591117452085999471384037607719731439788380
413826794797571703261401703929297998030875648155549669266506735361869275992074108663540290456509224478118385040
626432054787103198960262646530376211572380708099090474798932508769690160002095014883011014676496446869195653360
944352938137678810374575852968066249351653118715660497843794878993310680856323931419651761868497382144620984960
1417726898896510494865326670469797443539439444184094639876104156517429395565449230642412880889665001076170905720
2119536040470280093110053553328028492743555291921245498509677327527885553345775974713791699199905622924084414000
3155526357756915300987817404544626115158408181934606504522267468812434377885591673180995510200061763590697616240
4678189953899462241709827702790769747704831871860225240947176807430526402037049078645188702574824391689316256000
6906399126070718095406041577887912918343291159831345368207228854124620620095738494033713588304035228970653270680
10152795914232185164759691401527973553509124882399033712362875679935681721952903023138065257756798740135582149072
14861838213223162961437566122465628964327856631321014356740382123594286181268479761453194788514543065925402089940
21662310892614094958084770297630327511126079617191100068308866859764908699547090037065303853912870176981293455840
31439465394085022348499139094499724243321809328836941051424091266290015356875718352882651951068374560772397974000
45433503341266918284862788528269499405997284162650625345305934396272704968747472348675111604235153356944588113440
65373352863949234690594063123283691430281452097062946342585566376129890057066144759476964522054886975994237086156
93657257779270073897500525471813913918988689361622961340381684652101410671650932672664952432894557325029181245760
133595261789174287366609462772754570850566407105381767183025332204181580661035009950677229764116080254809033080240
189732786811412352537092701924591687383880681582216465734420714310876851938955804935409824766772013231496894619280
268279987880020660177197202533110091868257379454467751008214431863121785603029489299760551543211555282299322348520
377677917737684158458645808210054025425464341813381567207784518049723818104985971954467088721142797629552609331648
529340650111231302808612317057439665485607397598302696289224857119913499309664705242119117887894226033189457478700
738621911754414525254639248001255209532798371509213720341601563211369353499917418150759990667800036535089524801360
1026066263147613780113465741282978277697672775890016677022258124541457414211206054461841812271949727209810755476800
1419018148311773472802057282181976384661206919317165433138972141072349729999189014648161013064658259415035814795760
1953677574767299315301441111079083227996697718536408658087831806402570353326556180180513583347175253639031072973108
2677708939087547264799318825793167553241156097912087530256288121147405493317109299542321269199683567220743707132080
3653528973491906661213953497648370592023904781786245201490560321405190860375343609304996083884637380492337778374640
4962421949409293174064107765932174949241763414247793379890215410368839156495027588753524412441071171814772289624160
6709652790932847559334852065692927196076748261925104773841511414366785784411741338990213139031629476093060382424760
9030773949746364017092565308642055860598941985506071358965986925187974716823770880871359811674046567495824246149200
12099344779146735483453541020326579692834760600764330620535680038321422476361720614468159382759792097833400345827180
16136306887221905465446652521902267830466627574702301145727119292624432074455935009606752704926059632856814180397840
21421277005774941766849944883112488106982306304425327898700045517368337921169537452998357802834562925593705132568960
28306036679319151257844916415238330790714051101233888545731962338444848221959409905852729768802341873241282803401040
37230502912083243021214893403882706776848418041291648066918076580011903795202876088686241409936020048331354901384412
48741464448543900739184714230545410263088988966263697571019489764572163862763350687765215680408199687164505346748560
63514348129953719503373492749199252496163283676895727665706033355835936595738497033189402447463614848714734673872080
82378248973865059563398375191471439622035634925748194112114217701137896534273743856400913598764678791603257390225440
106344397657407837409776864027023022979291764244648935804184927442908256699301320569239267305442088585366870798596600
136638160051715713394794282292776456035699076642440314503547992122471642738087916572110934768029540977648921259705360
174734548285530596481586325715703042415086178917074785208712894389276900021926410887662763360912791524628744855762100
222397078620367160054317891681676449007542762521040010510767463478805357869942302411813541724187658226155444280544080
281719628592078753247222883479051712349461077548543515853316920785145194004936713265368792750411757849450293347342400
355170724488542866609917404566919194947253365870191391234240244420510303469935770248401204409307313539310881995772400
445639435989860321827978641416177278788909107613658025137933879302539292510562836513117502639938215433686283970455300
556481756054393932071871958885775205269998770067397833225549626828607449649703501266215324087688844272426329426072560
691566030401229550438864710892279115328485060657546778098310512921483430522563622327007679232251068292381931302700640
855315644627426827370950012671092051319210987273947489484903651972063399005294287587129062427497263541774299201370560
1052746838254206938889003573988022057395679928636620691215787178637658411329699007809208222559313203374296501382964200
1289499148138031406830944462438100370896261724665307487709861242836749666263481525850754714496930576075673364900675984
1571855681367919214767017019146849449678980468093343255717820800194314084976569408171884984683114324309226123762365660
1906750118111111526725491170903368398392547390441467827769707801294715173878210700263798189609692225493426669255362640
2301757166377087338734559746759045966376277236925780377176932685777235002448493199186295444382263447715257532046742560
2765063062880636711672712013528508025463204667842136313432202614899391838192313488219728067388063092861902906284415120
3305412763549955061562248917714836735230182510003122202622436222072175473333953458594777257493921495418662199494862772
3932030628814313409325332617292455754255978877186880967614247702779318148871859432322374018855247386880742560029356560
4654511787438827486740766114841090378165135692753970050988194440240083069003842102964686250752913984454764418347417920
5482681918498182616641601045719081043814483583226703747054557298179998400341407136316683246660773136743926351967196640
6426423969401714826114747782345629935709611527341352872999734930969006371126792319838645127643401779900516750083960280
7495471335539248318464249085432777670823845401158284731933164508895006755556526843980223022230451397924468439201839376
8699168211486381934238624538710121179794265435684155273055855979297010802404689146442271014349361513458408364306909860
10046199256379250068652840776926211460334424614330639459418325834069019197674706694111531850424670203497983388302935920
11544292219136518587987398941572067570160625558742284960049446354165346441381490398464448432076315113554356025423299520
13199898886551783621645584628827184524501630398279994179495646223644982966843697675303718828778628129238530987340164240
15017861342420303454198614025677760964322423323649671902866257825839018705573808814062294066305801845101309023835564236
17001072265562633310105038689210552386737397196651331444622786055935773865913774770504001979409171868140290917539877360
19150139445002993923874277684812176234998996370182268210059423196717328077687678531396075043044796962401689734880455040
21463066091431963036778126852391175530401561458570044159278050786504218832653927061939104286901467312089064754063002720
23934959443112224475536710407289420931413083241715686467651559329194402885873765439164740796412782619771919540734075400
26557780825773653887529209751081421721406614006724124764988609360445734851044587426374278071941971062028223727162764304
29320150367926790303698837879240892215340953974582022680756388709137790484702971104650478722216102405293499453229370340
32207219144861725745625377439775237694253171681476991476881690208912004674110897364119802224232482767071960292374879600
35200620444125779623463230385472320967996733300566814040456147079432366454682882293430077714718462407548190925867844960
38278510131414156729775872375634491961613711534324169305909483297976358118054015273412969272858071742170634194058633840
41415703836394217215158021730087515636956147274253186850776797081592755601972636072924591921199267972181337370879000996
44583915725762389634491093189020741249290793966325158249406579043130441239833578833325632058432439133499344834902498000
47752100384711381507128610447522765516521081277345264029337911055449607740492036118986977000924977570695198289686848800
50886895473909142886161867113254990881415260783929407447437625204395125749161571654113994126824301856741726200837761120
53953159045328962858795750328802150065851941348980412462932686078960207450507339913380394912108301566762985526164507500
56914591248059282030886888431574883830449965744833096879243372713446367984282105654479485261536983935575465371624654416
59734426481731094977973084714018794590693902103192503994245033343439625916852637188819471288388430792586878927533646140
62376178378251302416538713827353244167187088856170511175594120552637419674478971230480755038832809517209730167449707840
64804417155586300738552661105285979819382780233159869978060921004296623170077969547304449852978171391142277001610361760
66985556469549359796162690898913666454944958940438919839146219362576531666635160318480383905520571501481263942084061040
68888625533960490069496502889335161904119730401211045912585535817517674155587111947233332588198572002046904891150966812
70486001729781580163083764371177478085582048126633503847626990569451172766620176207313677247411543840051538495787962560
71754079452453527459198472815529273535222651067183586171389876034222636541672210612227841540532676107868735800596191680
72673852535408940531089323876045273839773260519988197780621325948875520620774626597682473285709953824099549167689351840
73231390044381025270345717128499836988783406792583899623579306059778173915602225956122018544673092141471409201643597300
73418188803272302977976717582101139922786748583058849528809077172420148720325652998700908503505024121862971734119708992
73231390044381025270345717128499836988783406792583899623579306059778173915602225956122018544673092141471409201643597300
72673852535408940531089323876045273839773260519988197780621325948875520620774626597682473285709953824099549167689351840
71754079452453527459198472815529273535222651067183586171389876034222636541672210612227841540532676107868735800596191680
70486001729781580163083764371177478085582048126633503847626990569451172766620176207313677247411543840051538495787962560
68888625533960490069496502889335161904119730401211045912585535817517674155587111947233332588198572002046904891150966812
66985556469549359796162690898913666454944958940438919839146219362576531666635160318480383905520571501481263942084061040
64804417155586300738552661105285979819382780233159869978060921004296623170077969547304449852978171391142277001610361760
62376178378251302416538713827353244167187088856170511175594120552637419674478971230480755038832809517209730167449707840
59734426481731094977973084714018794590693902103192503994245033343439625916852637188819471288388430792586878927533646140
56914591248059282030886888431574883830449965744833096879243372713446367984282105654479485261536983935575465371624654416
53953159045328962858795750328802150065851941348980412462932686078960207450507339913380394912108301566762985526164507500
50886895473909142886161867113254990881415260783929407447437625204395125749161571654113994126824301856741726200837761120
47752100384711381507128610447522765516521081277345264029337911055449607740492036118986977000924977570695198289686848800
44583915725762389634491093189020741249290793966325158249406579043130441239833578833325632058432439133499344834902498000
41415703836394217215158021730087515636956147274253186850776797081592755601972636072924591921199267972181337370879000996
38278510131414156729775872375634491961613711534324169305909483297976358118054015273412969272858071742170634194058633840
35200620444125779623463230385472320967996733300566814040456147079432366454682882293430077714718462407548190925867844960
32207219144861725745625377439775237694253171681476991476881690208912004674110897364119802224232482767071960292374879600
29320150367926790303698837879240892215340953974582022680756388709137790484702971104650478722216102405293499453229370340
26557780825773653887529209751081421721406614006724124764988609360445734851044587426374278071941971062028223727162764304
23934959443112224475536710407289420931413083241715686467651559329194402885873765439164740796412782619771919540734075400
21463066091431963036778126852391175530401561458570044159278050786504218832653927061939104286901467312089064754063002720
19150139445002993923874277684812176234998996370182268210059423196717328077687678531396075043044796962401689734880455040
17001072265562633310105038689210552386737397196651331444622786055935773865913774770504001979409171868140290917539877360
15017861342420303454198614025677760964322423323649671902866257825839018705573808814062294066305801845101309023835564236
13199898886551783621645584628827184524501630398279994179495646223644982966843697675303718828778628129238530987340164240
11544292219136518587987398941572067570160625558742284960049446354165346441381490398464448432076315113554356025423299520
10046199256379250068652840776926211460334424614330639459418325834069019197674706694111531850424670203497983388302935920
8699168211486381934238624538710121179794265435684155273055855979297010802404689146442271014349361513458408364306909860
7495471335539248318464249085432777670823845401158284731933164508895006755556526843980223022230451397924468439201839376
6426423969401714826114747782345629935709611527341352872999734930969006371126792319838645127643401779900516750083960280
5482681918498182616641601045719081043814483583226703747054557298179998400341407136316683246660773136743926351967196640
4654511787438827486740766114841090378165135692753970050988194440240083069003842102964686250752913984454764418347417920
3932030628814313409325332617292455754255978877186880967614247702779318148871859432322374018855247386880742560029356560
3305412763549955061562248917714836735230182510003122202622436222072175473333953458594777257493921495418662199494862772
2765063062880636711672712013528508025463204667842136313432202614899391838192313488219728067388063092861902906284415120
2301757166377087338734559746759045966376277236925780377176932685777235002448493199186295444382263447715257532046742560
1906750118111111526725491170903368398392547390441467827769707801294715173878210700263798189609692225493426669255362640
1571855681367919214767017019146849449678980468093343255717820800194314084976569408171884984683114324309226123762365660
1289499148138031406830944462438100370896261724665307487709861242836749666263481525850754714496930576075673364900675984
1052746838254206938889003573988022057395679928636620691215787178637658411329699007809208222559313203374296501382964200
855315644627426827370950012671092051319210987273947489484903651972063399005294287587129062427497263541774299201370560
691566030401229550438864710892279115328485060657546778098310512921483430522563622327007679232251068292381931302700640
556481756054393932071871958885775205269998770067397833225549626828607449649703501266215324087688844272426329426072560
445639435989860321827978641416177278788909107613658025137933879302539292510562836513117502639938215433686283970455300
355170724488542866609917404566919194947253365870191391234240244420510303469935770248401204409307313539310881995772400
281719628592078753247222883479051712349461077548543515853316920785145194004936713265368792750411757849450293347342400
222397078620367160054317891681676449007542762521040010510767463478805357869942302411813541724187658226155444280544080
174734548285530596481586325715703042415086178917074785208712894389276900021926410887662763360912791524628744855762100
136638160051715713394794282292776456035699076642440314503547992122471642738087916572110934768029540977648921259705360
106344397657407837409776864027023022979291764244648935804184927442908256699301320569239267305442088585366870798596600
82378248973865059563398375191471439622035634925748194112114217701137896534273743856400913598764678791603257390225440
63514348129953719503373492749199252496163283676895727665706033355835936595738497033189402447463614848714734673872080
48741464448543900739184714230545410263088988966263697571019489764572163862763350687765215680408199687164505346748560
37230502912083243021214893403882706776848418041291648066918076580011903795202876088686241409936020048331354901384412
28306036679319151257844916415238330790714051101233888545731962338444848221959409905852729768802341873241282803401040
21421277005774941766849944883112488106982306304425327898700045517368337921169537452998357802834562925593705132568960
16136306887221905465446652521902267830466627574702301145727119292624432074455935009606752704926059632856814180397840
12099344779146735483453541020326579692834760600764330620535680038321422476361720614468159382759792097833400345827180
9030773949746364017092565308642055860598941985506071358965986925187974716823770880871359811674046567495824246149200
6709652790932847559334852065692927196076748261925104773841511414366785784411741338990213139031629476093060382424760
4962421949409293174064107765932174949241763414247793379890215410368839156495027588753524412441071171814772289624160
3653528973491906661213953497648370592023904781786245201490560321405190860375343609304996083884637380492337778374640
2677708939087547264799318825793167553241156097912087530256288121147405493317109299542321269199683567220743707132080
1953677574767299315301441111079083227996697718536408658087831806402570353326556180180513583347175253639031072973108
1419018148311773472802057282181976384661206919317165433138972141072349729999189014648161013064658259415035814795760
1026066263147613780113465741282978277697672775890016677022258124541457414211206054461841812271949727209810755476800
738621911754414525254639248001255209532798371509213720341601563211369353499917418150759990667800036535089524801360
529340650111231302808612317057439665485607397598302696289224857119913499309664705242119117887894226033189457478700
377677917737684158458645808210054025425464341813381567207784518049723818104985971954467088721142797629552609331648
268279987880020660177197202533110091868257379454467751008214431863121785603029489299760551543211555282299322348520
189732786811412352537092701924591687383880681582216465734420714310876851938955804935409824766772013231496894619280
133595261789174287366609462772754570850566407105381767183025332204181580661035009950677229764116080254809033080240
93657257779270073897500525471813913918988689361622961340381684652101410671650932672664952432894557325029181245760
65373352863949234690594063123283691430281452097062946342585566376129890057066144759476964522054886975994237086156
45433503341266918284862788528269499405997284162650625345305934396272704968747472348675111604235153356944588113440
31439465394085022348499139094499724243321809328836941051424091266290015356875718352882651951068374560772397974000
21662310892614094958084770297630327511126079617191100068308866859764908699547090037065303853912870176981293455840
14861838213223162961437566122465628964327856631321014356740382123594286181268479761453194788514543065925402089940
10152795914232185164759691401527973553509124882399033712362875679935681721952903023138065257756798740135582149072
6906399126070718095406041577887912918343291159831345368207228854124620620095738494033713588304035228970653270680
4678189953899462241709827702790769747704831871860225240947176807430526402037049078645188702574824391689316256000
3155526357756915300987817404544626115158408181934606504522267468812434377885591673180995510200061763590697616240
2119536040470280093110053553328028492743555291921245498509677327527885553345775974713791699199905622924084414000
1417726898896510494865326670469797443539439444184094639876104156517429395565449230642412880889665001076170905720
944352938137678810374575852968066249351653118715660497843794878993310680856323931419651761868497382144620984960
626432054787103198960262646530376211572380708099090474798932508769690160002095014883011014676496446869195653360
413826794797571703261401703929297998030875648155549669266506735361869275992074108663540290456509224478118385040
272255284530031559764493537968673907419758390172129484850121293695146591117452085999471384037607719731439788380
178383259580097852181874955831095838137550166389559597958080383121012398775487322929836967086621958609126274320
116401944913002598294127192703567030211547392969675584247418367007050650354642167422892312948564566805036447720
75648714657192476619933097738629366926586202657985388352986297009387791251688761768815231927916305412774424880
48965096079901303865728817352931479068746660575959139342745130886526851634055117151675930133129319795035564320
31566176484801084670227985288144737500188707050618944706759032615741637297247346438405137226696076190538162960
20268264159238024535763628548768154157853667132683017185754644247403968393427390666657443232366524139510306600
12962136593934148166866124184264265081074494488633327300384958050901270369980145579789937205052941229437582640
8256792899833898883152270582218947945526004315703789367108803951649180835516106910492720405948121974075789200
5238739492915113496135943097128848248397880487275682344316796560124178659263361714220041344053234152250855600
3310797501294567378745435142893095827385932882895409831709021976600258949222323937202804112835884569936289860
2084175014886687096012726191214426615982488634713506298428943128949067471734984996958165551504738035253138752
1306898610769801618804622849267095543362069854210281362038196984431665726233218938671558920325355806810748200
816320055138426082363684727491770861382024046533884058994816035988729677548284800749491725765701371195206640
507926675566015254147686085681639422304508683270924681971866000700297419410064852436305085652630838290282880
314823759093582399426065309580547298926924871212668482160461002675699692363573761703474520497642486246252800
194389102814998747573761625706664682965081859863173470388280689130090142865598134361164204787337549926874616
119568630580052221610497958227771657699575973725808691912567874422288591815661612095474669989347909172588080
73268382507788293095530556583277853502437207724867137081413032812944816297000666705421606598794149563475120
44727209180946766722043383133927206049400234398515543543270798266943735492385466979014149304487785960529280
27201773013631554948325518616107267997170871445312777594334094055877649725720705965679304997480985170280580
16481369504302540910286110430044027575924410258473782291880143802206251205220792825836084039328373978278496
9948920315464253677968425206921457843535802286026490731862737339144368148398087076954446063257834843222520
5983344186198989342696580606001377344172642839931633701831888708161310374091775290801054485030616682352160
3585214295221663643386043294153079656901092416020163748580253433071312498211413271062284888711427755112960
2140356881701094836173716994258279565169977302795630999127575618329918925207863976288322482045226656964800
1273142710692890240927551413743454287385924942486074665930989626935826575103689218997648443464185025581192
754540090841132885121514711149569452646318947211850626646985477999828287304954377442587217824312965552800
445578587544291066098687551770368525208266251711551081819162027718690689891410242500733480197649016422290
262177155364634858108252201084936688843699624691072118009221467805481205225754032923845580314438630745760
153716090654080952048083765533009127562938472192558546832346537208271907241090519625689673952630849122140
89802068316760012457548346445777276661205491707534677841753955263421282378401460979866762721662485795160
52278698770403664927338830292442739187128450354028238183359197954269202234887070047556049502926195101160
30326301834008006554203134807559878162059258863920193892261467081958548130542921848807380614729885601200
17530865255527235619055048359090087916572034742044825494936696479006101640201363099838140518808514955440
10098501744908848466050844014137545290604215339040316522616726256004295514798631709887155603433687167000
5797195018672960285993099284536277717200340520591554285959798574592575126573503764587642573075315776888
3316360123497761131281076525891278332369070438431968800080344318839152301545017333034734789419893248560
1890738206883946010994913589707057801216116710462100495169517010620654948526619860768387071230417116190
1074228499345229276885924624759539946724245063155842270243157498086738995222733707483101395717975329000
608284731221545486081120208666810955000327581767400374124874684871315707140322280250573446248108135940
343261459825052046479355624030480286789096865017248279467006185890531753609516148318892939491014262440
193066848079204878721272722024591189797422199035634798866082673782090274049839595593554636185574681640
108220645032409667932720770290027208790608278647651625597900037418349833688354276541056686353724888760
60464045809921172488231101744106348127143764759862848838914026957298089315610337896368172585818047560
33667850020949256310299606922015353221989262044887342722530821882929640424409902421927703898010537880
18686976361726231738475224575466146592535656174041160274413712398415778378047092485241192123389577512
10337238735681702397175594516283281189936915180688806867752665328666017750743444567154105798064151000
5700291414199051693822875949100831589527218982053005272191446415748868126399075148510073398947069610
3132864005315874185579521136527706020827303435694551221546777202263410430980759174098453523264441960
1716466666600796968769560780590758330195291630492907264676958730761777905519493648114458625734348780
937325797646716183520173446418586904184012992780352668900988739186566731467877069735220258347966944
510291531056742314546105271319505065812611051922915818175134574534780825963906665932253908251728040
276895634121665354610791468024814571733652692372700890600980906764352228222893879426485316122954040
149799615234120316742294045636126702157093216513184838113119955292531866229469284424666941384645240
80776112385390890640963534759770941944598131796674511818029232705697593344689360229207703000059200
43428756125946801960254111061954741854138560162886144415736473048592859037062892430175513862277720
23273205973137866556319659062486243865050378493805912062325482923389620606530610431093898073426040
12436088242184733646524655854199572101355862771932070860278007894487941626976316105858535209051830
6623711201950935410295926821428965057397569142575841845134195685031856415453694269890148946452000
3517998427253213458374670060392728784095191828747960358338512916985646747103780459932710633687340
1862448780813598349786551963006520927276302374944646250101802339029014154230662636501250690746144
983284183065055077100487710389543097666063891693648958370443319139444083819942922226186855423480
517453495321055795683984257980835333279871146201970615813458718241112078422241255070747158982320
271581741635749398217104195865527867754091936593044967710285385561437905619306701728459194345880
142078717554321542168341788859888919280256963037388682976726442941821639064625525087154545978240
74135659036934828604637480542665862889087347149459553432726933409124504903954186835641997911096
38558892831675829269500085155116091194224805978984742036254495939368702467961886258413053442080
20004431061374749194862382737916919468231738378493105640077101953446966282285438523917616606950
10344879743230253316472874436493345482165753694205420777151365305801877232274763446077174273760
5336611223248690154388724780569333540251120679456338975812664136519407703330238371350659247860
2744098388875536946687446902783379628102854233775196868620416568539793929737851381062150083304
1407711036199640876545095047501410564612009969277298202820133036743828200129689705235588909720
719806326248705763529738685157188711570150315098735830671410718586273722497607339416660825440
367230517617977329774674171541352453158994112406986254073842524328807368949136677641932145080
186742088871759228665975729671982421164548185035302288976837093437668278898383287659301556040
94756811112543020985586767168225993368460844692347997970303021769591238274547794968227490016
47923503491155803492723505625789654690659663989365539668935081300537238281751865735995500000
24187893260977605487418606930127808701599542951666075623040409778839870333643703754933260810
12167582268013043737283345681416885880092119569873624715121252655390260521362115357797624040
6109018653486896378634615238932739193722045278733198771838587712158893038622493036013890860
3056886574610008217432451482920536489201149034359145859327215772073431789486371926349983944
1526865695760000243885559264304767631347085357661152030805015655094659691614491063686100280
760052967459753113363239217972951847728555657669674660281233777307015803718496389472858280
377708396038530396774522254388410576893599905078622947299809981917532776529758654190568080
187054566919069312694574833911329374307725655540121468340094928051548608743005816390780920
92493131579450978848509259699347687321683238543800606627288713321969827563685341876456736
45574642541799734457577258837328287037514456206956982664395713306153146134488509248032040
22424879765356991902811013828517023769343618791761525489307093430002767361670854041573870
10994598523220553051793170712126644320165805798813778886325154567987707632457328473561240
5383805285848445552424685973787706296298738259400476261820407870986650330168206962390820
2626680606074832493038554180807311419605139506651688116394906690538153032406482172127296
1280141212546242193062171601523903781415290111873283880956206892231241869396546140119350
621552010994520691336759581167479792832460326294165271509512822866673713136228371925960
301513180063685348775971133663010760855761375443455381183739004948237413730766521086320
145700255399200697893386133619078825458551267855262184274818011097159884837376884427080
70356611591580561257402343884467286041911727566197862407018789452266246183476540950272
33839642146205568298887727747039494761514145071974581665753134302847103989121657214200
16267605879786354458082756996988182719510036487045562949663614591337521623085036547330
7788312255232284077014694128287001707086450098457994358971810057620528175387685953720
3727622228903503435132515654570416028338142977910949128502050905205934977974953875340
1776568888511174524004541315784972729942583376231646776447374840307996335653664534256
846639339481627115329465467618004353938965627107090520821235610155945403006551617850
401707655925700626570612853813252110044228034950394369447559000174144331927909831480
190630026109984601405098522420424523746217650557353337595322442075580512140086733360
90052328402845072092762449420288606867657600295628709252454138839997829833247964760
42557645922238063870382279550982275547621704020079034486755221257320179346313945216
20017185941292471518471827772840748599995171337975085656456676722047020684090038360
9421572654950279222129140308995768970119001549982182785645231774468904251544682090
4412652262218627772018572771910630654220443733334443210831166844557422986840818640
2068681619775018440570312309975400305643833718825615490106988456102981338914454820
964826304342636309690488144559408818599287136384018968691101380847704339436501608
450559360476341158747170284221531035431296910975256692526954770797711206829480990
209273444434565329961984245179990350598249818524851780291666978749525063099136000
97355557131600081256360098414374411266608340010185629139254499126042943891220480
45035606753181770815447776672770624173731271672160839593260525066373205436956640
20872794706187457036527289128401586527646206750904918710272618138600480386724736
9616889251611741343022556156966660837539680888256556169018815503663811854418560
4440897317609585468555401102993279415151239806895973293373861158293709963848630
2038018142519190529283063618147025960556603853925550990426542594250028342899560
937753266074377853141766708963642848102629656970083204393792834925393883374300
428679484266902010505361803435847618091808680441817707419184025652922158972960
196557595286796835905544735843598572989269933359661703242028002868460044516130
89508265359355829558119746970598361141453224529681820546792198648289346505960
40900468160913510950294122914636537873614256459293737990227108782962278664260
18554619122373644040992317329222128955221103583405285361146919251665117806040
8449982897660947209862040812580189065699845559500066863025805824646156210384
3819004210290808547566138881859107156083153726695254468930204298225749382440
1733494290923934715847420791463614609439175958264190512109262485903172895090
780559757449389319411798728644855913011591548965294620062576471518875602000
353163623648163330144019477112507206556143272014412435672463555408843583380
158440721876249721543989389246917106304074736695515517736423045251312199512
71459894181449451465686653520939839883120319105086700078560400209704774890
31943077782858707632237505182335435724583568662629874730979777085281709360
14362348700007158784444500369598997814076082497812635606595354187903587660
6397032861196365383441074209361363520167590603218751005940942426229427520
2867523775047901384485070659416423776816829460772517746581523683775519152
1272661145314756922212449245220274203279154068517064910004001592248478400
568783183110862278483303490293179886023928002811101172198929355547586990
251546217662098371390510225441225371860704660179011767192483284806375640
112093970170846847726363253263439973625960381651521911057617803779293100
49400340568285557128822279544668766571018869377946207862368514253521408
21950736646369801292106569996614799602691892732227118523210258696074710
9640143759751360546388162918397025558503833352612450126846762655449320
4271503804921436223935574652243201576712154015984938271899268849745620
1869436444545099884597365245644322843515464137800155762434966432715720
826054712898881136024611394228343848815775249597925174363385583526592
360281276656720304840773898863358535233813827431278483292398829152520
158767860400468462288357955962687378798393084707835261649122057283230
69008821816944354440677420825065514609325889507779114277680061219920
30329802095649604942711057871364554606461020626835111651825895789220
13137889133612674077385562471347963903916123374103631733498486797800
5759108036644462177195580578828788751063138952350197320759580413490
2486158252080420020042434787081412791825428973976793357583269361520
1087033768174601284587789290754851391999032812671818639718467445020
467666548475818246877199217971394013462452734778031989392423365920
203964487212538555409393051953637241764075264500312281722911330538
87451731254116386346069935975335561863354135905775701076836294320
38046036432583697827256329451805277759754559979137257529826401090
16257110278981601891060174887797771068149158961299734477329985280
7055460067220821929380806032012998343139015975932391631829018300
3004536393168632033654067931795440577644727476829095679324596016
1300822794107025734500094530781678839615312334397667577108450270
552058613310126389165410195962551398189749678740598583674981360
238452435953040867840283197330802037344224727595969239545677820
100850728058511494089645021925578806834871387224188020398494680
43459856222583111217112983408347071227750306349734913321037270
18317644844856067427230189741791894838832290545591394812240800
7875677268982398962268824372010845093060471656941937792928150
3308001558795134232882852495510595585054045551953785779880520
1419086888619680376444868136368739971145173485952613662993860
593983086164164243428071816938276711715603194425527563645392
254248265175875799246949703884513125201655265624983231355030
106047314830954605172213897221446139448455103818818233508960
45293883795458882707242771454772280638365455538505204882980
18825456164090693337708041138048850423982140916802473590080
8023362610350634424908342817365592156680411246901619657506
3322864675639037278639941354076217135292762900976775327360
1413218874243213245790495421770296564281174309780944160970
583176811626441939109257290012858045698208498565384257280
247512727283615427050186234332177602157272833964328215620
101766641588452583501542526291374379379600933823008990144
43104018217097687029873905548016220300089194574241327130
17657263291026710068838156958288889909656918119971505640
7463888678078022659301371282243739406188271557240628860
3046121395773685063204487813045151856135803040264219840
1285087759969084885592613643534139094822120681092598366
522477877807627901557362345113627180569845328489247400
219994431042040618623020622132915029656862883682422200
89099316991029146526984095649240985296483679642798040
37444738203580196111969825488049035068560203032685740
15106132744402835626954118911504595282127024271898856
6336609251303698152329766201307271428663735678034990
2546179939952738882449217346814218822445222530297520
1066091980994294062655766245521962832496270185591060
426642228978651549515665960909485493230706343077880
178314384074898806929076236695562048999269141928462
71065233801354825186851209354467604155856637885040
29649133606037371907088188690809705979573612472440
11766472018858543073226873650302260787421791378080
4900598212843370160273473104880196776308978035700
1936446771275620956661071768213862542538556907008
805142285996670298752730282697670032721991580690
316742849643283181684672784747934961276929410840
131478564998114960820122733189105300982641859340
51489524865288109534357291220813504736593043360
21338584359370403852122787246685758633181680082
8317782682503023810988503174160330600120393800
3441685741232579296464248281796225962103035720
1335166669980344393581380878184872025616974120
551614073097742175241762732353331637409988060
212942251409991758714608585931370990097559976
87845252147993610094139938103293555451097610
33739781895469013220810175852463646288912240
13898789107757335441774936082035774854513060
5310416366174495204089891594440068809611080
2184563126161719869778407346128167207956726
830172759763094137645783910132431508686960
341059832097449193361535643846594010737800
128885886524590097830944116622094951987840
52883495061107866779894498169820443280160
19869088174212059713765842644981204241392
8142807790636457421694763792322161415510
3041024386967191955490448362868318857800
1244883818830234685966699521674748092060
462018710887757097764188354296690347040
188936189421626104206306188967003423690
69665764716131202449153032752157404120
28461568678070505649671650616056887560
10423548841939307832421262226098160840
4254804847737938515775759364162695280
1547239445180576473537734205863517208
631089679924616345108914278789306370
227796494496478388294508217876192160
92853803866469010573808756562313460
33256616781104832943179334074735480
13548923179799107661711915912313394
4813215857881875852610809232460360
1960185931596995373626466826303960
690390243125100477778833520017960
281099297524170998575518241106320
98111428737876510141648828815992
39945186863485730355466138003470
13809094807291017147674342139680
5623082234511315446259509589740
1924276306788908486574802358920
783860780043122070551668809182
265374997700789837034800191240
108167879939657732435328442760
36202408796237664462193830280
14769752186180336891238928080
4883391399538851613667402408
1994698412490743279711848400
650923149369874346292067320
266315411287827118799264740
85706850662426136467777160
35132439550005030259017082
11135687471498757770396880
4576850508734311535035000
1427820699713215968912520
588408047911490507439480
180278772651723332501072
74613587411106460793280
22450889313302961779240
9321258127878521664380
2743290294382483195440
1147371662494179025270
330971720084333264480
138749723202408132640
38896326186404345680
16533741169766881560
4539321438718396560
1924268954179647760
507884287321342640
221617721561062820
57422998392115360
24578631487091430
6007372878418600
2741764996568880
663771856904800
284325751001240
62832042773512
31079541875280
6938136774400
2902833588320
560216052600
320695350106
64626389800
25095381840
4020093800
2984534440
521640808
171430800
21090200
24443600
3434200
815278
67280
165200
16200
2000
80
800
40
0
0
2
