2
0
0
40
1000
80
2400
20200
256100
83280
1217698
5288200
46196200
32342600
316355600
977955608
6742722390
7594915800
56654571740
145458976400
853791579656
1293393280200
7928471324320
18563094010400
96859668320280
175673280533992
929397731116390
2099614827349200
9983163858837780
20158403442131600
95249708239713480
214116284592932160
942096591135557370
2028802414952233440
8773967583781350960
19906247346487527160
81954278761890693260
183671700143116281680
739989061437985600940
1702488666202372813480
6617948066990305992320
15223333735241682584240
57879088217539523090730
135050244328221839806840
499506494442867067266080
1169878976397366062281832
4237841684061073213084180
10010939508995179225858520
35465229389301285596969050
84147776481778559199669480
292556003100868679146074096
698113609963451874446518960
2382214741506207322577994340
5706935345590349647753365000
19151844373266183251224508200
46066667920258819936207618448
152134264383104185046683023230
367097356627295648139030791880
1194575121433820104277895354010
2890985165609919530111619240200
9276751798179259130433825909108
22505356597915315607202383673520
71278601449732392332274167188340
173292936880771308996922340234280
542105875809771641927333425776670
1320339391091326486352160938122528
4082592671399607198330882346444550
9958671929169275303085411748610160
30455720882923538642868704746252840
74384560435575587192125646937307560
225126526066671485050491093871505076
550415604342505837681944916352924480
1649464223312800465597483472618066900
4036130961995326182852844845399152760
11982373793112382225880008298587326630
29338763175593433382450067981987064992
86326297550237102532986095826277283960
211467588769827436760165539065784220240
616954286147522592591721045907023323520
1511777340581793797966839534855262659920
4374965062299641276130697555166003431820
10722150009006608881616009049544322793120
30789575573787441961577749588904233074980
75461819546105102887478230830515255094480
215094856065993895691017799191260662941440
527130991088083704328041073139695913283152
1491893209316613265663230795170601944882720
3655478913897609249668580059887309120343360
10275567675616231637731345387847000644649350
25170240698707809128444251386183522352504560
70292415953821516642283356861168082386124156
172117693306331039360556998688014408092433560
477656144305769916266828966082407588700476960
1169045955227587190079612303086349051902831600
3224720136067643311010671354846624428697641600
7888127573306324357267382324973150870854603720
21632168076519157357776750319458341458203044230
52883075157733115327978276201795281993527966080
144210659020627092010806411072174001591404496430
352306093312276512363618089756874620349349954000
955517116136506608282415802713731453012169527994
2332603208304160957696038140110667736172064495440
6293245284754870206008739396387136045226235075960
15350834952539244647106541234540886644894407292000
41205404363153698439111899725758584590382852308150
100425384532977148635856300945820224061422948019264
268239320261047621849263258066890588021194105595710
653164097562305653723916271143000870596474366022840
1736289571126711778800855468030572587390881619153380
4223889084072379749067577009445521792856268238277560
11176183264993244382882725665555834548333240145006538
27161611559228958772424190278676221663463753861568000
71544178434962028869351656320257961455998766758904150
173696193693407871572348839012218864529769267368175480
455512221607083807272376248566305220096173326234510350
1104722858496050645138653575519587986314835651970474632
2884722756670821760230143094414878700760002354980973250
6988418934634811444522145711872073610184416693614315720
18172629233458449898182266813027710047716026272081163540
43974329286273159112531644062830043524724174188611458200
113886034880017607654914837465663653295059390910845794588
275260783235327317769666186918208870513080926787355973480
710051309886033608201487300694478431180911964518087655590
1714124971850299866582975888953174771800707567157561654920
4404547675090164659252213612434986898066370386400335010240
10619889830642968614832358950178116289070113055118150741808
27184997759759094626871970496325849283922474577008098588250
65463850582905268082694311479783736255938491296277162105120
166953743379963760221460228663582902242576698010301699499850
401522636557755965502720088918669382751435520357617043877600
1020288089064352246111117060591153156320686182051644594331396
2450568355349685030130496476815759424550548793530981548321080
6204813134826608745413404164102570646212457931399355391795630
14883042464620690867247273145100583122355019439204975592433560
37551893646834195097021489172654850889691576998868277654195560
89950395156102732066748149060890319760528527797259167971840136
226177218685404609189507708202103009816576926038458196187376040
541025593729165831246212592689834146342086727965110171471796440
1355798243404059002273532234638765735922178662879488568624473690
3238556552522393938136124408340290635364587537967117745226147480
8088807353876580547069000042191631490405847392927848695976939392
19293825326507302984132364805637158993240531566385604603439570240
48031917048272390004192251901620341976256601553354496197308661950
114401402608576369775061315177546943757250726857587809339985855280
283885318460238640472976223222210085480644749095456620791389470150
675153055539961687326995366810786470603309600390083914815100120656
1670067176377787367053830591751779514132120564231989031067530180320
3965898002181753888762077444572490873228337441839674934855131433640
9779400113759664667613413339447048660067905519218243583572140980570
23187750844065790434872468531623543119528810286527045424419535662680
57001452014530612962691070372152321475952082720620358023724172311976
134946530207872170884187429298816849869954361889608671264997594542920
330721270633925290606169742753022056088965424045108193141053355757630
781732114992117077019272226026381582623625152377399350671310801634280
1910059331674098700099747281722343089427882582752806715782922941663750
4507682904467674782537281081178526760905011643108019024687614320648848
10981080703562297172000445261340294548871864330117618084609661845047790
25873364643254541653555059829483210111233243418467410814780120892213160
62843556794816378891429967443471214728024341881149141800365766375810370
147829307141148611780309014892382372292587287083041790357161530442149640
358011375834494287664894670439067227536602082774616637324557025065093588
840773785764227929286394372325143334346785242345402705973445599214978840
2030276784738551632612867243661042510426650106599688550680022142207138070
4760040756646337117904531081239684765373630393639519851056303687643605880
11461382392433155305965575593379924880779548971890468158873483679642939190
26826003120234626433639119835524668231208038485028795445607226862979888152
64408339047881149894122985670565755739089634668877977964662457153353533990
150492542639282448632196197967383876654510589296950513788233370810312654560
360304424730061778746374813743293891411109037000502321014592773020499803990
840401160143754184640323152471136032060347849260846688331572374941693347160
2006400347727903066974221707750185259987860838123710917340985651800263741428
4671635390412723871104776812066965851544128882255684883707696744483338846360
11122009398127958790417693120679400112127095812088880866544478382646037390460
25849901300223242551512241726741065047415177281763132647952263727250335847480
61370944610840489844771089496324100355084884567302983672857829995761742434790
142381169964488650609395971108992891668383352545896653177231938050016935214608
337094395618601881937077192196315512771335552884865804873874741999565652297620
780629680709036057717018069012927461351291306872213594615076235102261342145160
1843078294653123055924572440767885592456631123123112089416375042278393701866510
4260205661038557516330303754012118390307309040140990021661567205472281208142320
10030740313566183275637651833692773671333428060097806294330285478988711908770796
23142074940158769650099463806942689495050463985428356901529903462157220783146560
54338998435065126951605223739393767480486803220877938575547364095692609021288620
125127430863498049359949324836058211544264027520685651405049778355697964701726160
293002460699273286559784553066378272547075525164523674909397466520256032574161240
673399192089135043976894592146365958214034009067855237877164375285247043231662432
1572542975376056629359907680035703347844866412925415759796452916825708748550300300
3607055851360871707548441949578979875765727461786107038065083107471172800693260320
8400305439256106976853091668424304935002347332255544399146963297907965814154756190
19230155037449575679587914334654417443900369007108176710359140057597049252992325240
44661949031002980432159458520494759111820515614613767904176188745509502443623904020
102035388546066277392105407646310801699152772915744718914900575985100439541908694000
236329588503768315610183537661710622643436963134284090332570202543808529706303956300
538820976642910656696313238095269296587777889201157890005426187256208216338978263720
1244581098295407866758781243719058826452387775110953313763988098349566190216456363480
2831720309043469523151403703399954751292481192743551423400641591032220302286256733360
6522872100202062653697967005934372628706122497827533446420697795654569258742269155150
14809963564660666920981652234489970065356553847945148641645506790223734362973882313600
34021229658374690547441953076111681046647006917631878603080094172969758269932543585870
77079698853994188981855752421309123426029698390551526540199132544863842586944652379240
176579622703527813271918561111957510678086760295697768003059437612231594843771649020550
399201389505666759757123399381236631243133269007810069839601454622056771778159212892800
911997344896389761127923012122407518831726077758710839958052251154072425251882240704500
2057276858853359817977415772536625930906596561182395230815068848770289176665889396566480
4686957015961489705925311181393254890495060341672455451163584679258273197752933870110750
10549302695160961181091511214347579604224613134050877272041686568063538012558886502666632
23967005886475715497331188569111861119317733702676546005618540826842511418879429432462470
53822732293645455014867689461290831895325720550786306094049652360257250912158976690776280
121938830194597757814552875888157962374591879619157781016297851742750145012787924871809320
273211111255875119492130507047284425543006056015362376997755563656455617849842518241222600
617240923069533434818535304751037954721363294062929148046184456865363097878041146704078486
1379749528476619103499362192044347225094177716976651802424443858553199140964112085629079480
3108349599767042011094389957709439337635221867186673638126087190373366450561971761738559070
6931848621598262466182345971945977545265665764912226583350359223782915001866559960655591720
15572002670471860935718191394507150266789076325568470308945211333875195536716653028731461350
34643473612783401500494438376406689080922022718753698989073951463975467664318548959423350288
77602290761039485530376211615349860684575069595783626439810418541191322446539225069160572790
172223713548295996060381207198638233787721879767752835942207387872613926629008737297737227560
384675971929555325605398525408348596215420757310978611916463496989214363642788215718323117120
851605036604178729667667678996069526471913954230761622767494912928278286121316346630708624920
1896618571292543647629272817238567222472853046226048167257786617284882134646960228688139039708
4188232951273747492582861940382495494794900980964278015457621672473674146142726825172829343480
9300414911664664177333520693207255242289812850492994353680065308993880605126483072326468890150
20485347948022920349696906402103497314197982973003629839140587281727094877982500214226746180240
45355921462521818109502096595712978729666894960449609753106030180551936961895273626154725804950
99643123645057979054696931793036756074957153994567668064726140006487575131838738938354001252872
219961144667191260692997245357195503407215350267777174094989019356370717381285460045168286491830
481962625156025366768364976186177399750119447331830912996416303447632479338117504483479211898440
1060738229248156306331390820066593121343902343238602279867220740867126755979489871263258941978350
2317987047279311227136964717360976236540876559915457593907414023646848010128063809165824764540600
5086156646022215731025962621733978627066279572234884629980925483765715186758642049090256906386108
11084315101870129182760111010788416106873118626032533508387202300286318054779507208853905455506280
24247028378543316093767608112927915366134278565694974429089003175494828835452010524962282530114440
52695626548715143164067283889896789827556945204785154965950442352010429044275622475839914323920280
114916305270423667063502300095475969879429898034382511949788773944696443589140884602680553242058190
249043277589187383635964906503946781130434354543195471112261655722037196589881735048772131947284248
541408742738703547140210219661137196691933151074586090318462205013648941486394379356779699824786640
1169971764591433555758901535920913844348860125863176598899879135529434852879837974037562443643301040
2535447203514937930414209604333375341833093503987520466399259875706713564822999338852282590255574990
5463124639219647623736697279099776356213972187491201063057929775656318253345374291857670168697937840
11801410257098109058599083837540357096753403630518210950551157509088471875356677068272116377897909086
25353387594515960466672621198846794015094289400149962833660957190208922826946228574949073780214174640
54591716263179507253372341627430350479899934900521918690523275921081383673515634282025350670418260760
116929255401503244541599201053541144154949505770014688862657344453863322393783016527390057822359679960
250954932136916965900636998619332190998137431989357614026012004478696929491857922987422090731253781230
535876858437169426488938614336095045172161166656336064632105121753198586088502853365843518961550379256
1146311687748890897691211696375365071428806595059592902705573977849097125639194574186238502568586519200
2440186397574550825492360153979371191407666944329401268790441579034876001833914602955091317042660624200
5202460528772867070216552083890525056085763406210009207590885094496598915700963694776998608912490530860
11039718299576092331986769859168831983826973319774130612390872896651559092965061516562189724443065934040
23457100424470548585887772867014460277056918892685957324699346542106493179871383924191699456028660602366
49616951968467405290580237660920760793180360125359764717177492211791656603683552695580563705896350770600
105065229506627001950146262845783094502272102242493399865963678187027652407015777941592384134239822691790
221512747234388680795825940725935284209432058152105507184822683626914602363365088404210286491547751890120
467435736062033650218964056239174312097212331516190023137731376051610403876880096774979231898679632380470
982251624434872678319558759424308676709639453971121352493267421326495299417840350294217817538071043489456
2065482363579946120526259486237085311650935506543656814284846651902372341834608075589959947335808741469450
4325740376876954322331541809541778161364015252852504018814416651794123281429226316706826638738774506289080
9063911962623508308508408127638825347094838788106559552656937700770345854182447483040890888395887620000140
18917753362362408391343140058879189923601693606747474998943101970520843615200964457875080181508711481836680
39496799645368764213792418450912035362408736888068604695320067396677518539460296780389222702422585609445912
82149961246572933983348203925471370247847824169767433866982711572787109832907534476197336104181200372783400
170890201960264606528332716125641346463813206360241662176254699695059784434807482463775623558488850859062670
354185453121872948776721850858536594091858568770477579795300160243486357910006103519414317140167538856825440
734070949034125842348596579895164158324142815868524534644800263543723346507042888044043913967438352261477070
1515989230626401772063465221291425577768636843283718493002341442956245129175787318108331720122267048341984424
3130262597514097257365277910688352298947075377331243935839075441306536356188873445037174829866558763613377410
6441095104439632042658444966572855377930555161700242784685658843111178951110425228805147236323230467795125000
13249555582120003836850329835459457800503952587835049298930493826212386060647936881715445236596171594653304390
27162978589755127956786699115406638761333125374951488644664753842792538207208009722573270432063310702611340280
55661556642851175558454853366523412784659328672434768113850962243708874318848142573716063423569053495144362480
113685430448188291114797935376054854262573567449673092663862059913586452535053433235188378235356926431300917480
232058974640968416527520145327759120874695333538027706876533349825570610036159324215150756841566381671570562690
472168968467630781741467446193337024970013688844761451554454192123879680798639360024956720233773186741042651160
960031986715832874721304148014691298838862927735890230076488939094323883946748547723309579777823838470769185750
1945855635648539045259663167696547682443799603862705239546954409522951748888973999094649116170461684208254238416
3940692636417891760844223579507811140316533772366170574797085208588110917289191423242544026332728309006617787940
7956087882822941283137623262524201223162048151875760015916426518726897528224651913930598554559946738597896549680
16047747503584132069111637165663016491017267405030269397688802513259861926361771280195180151788711237012166003110
32271524722684216785979032722378438829723873749458318393493103663882984907221804345701714341520212406916695050760
64828408953386958351994385025107673119872083820339203416153797872551555352861416706927779379695816150282925565558
129845084675090114073641954124975440614556940108869282894309779153677453620226143401419183365559121066442642239600
259765518943821523025820077326554789295133424602550112410989790525628782267931690298049728686867540975501513112010
518170674977599762097158479071601142853904638456125096500604423195439298948664727078992590599393375243141111917840
1032327822470777883756518910514718492356078829246989706780272207060155336513397341824283428960770919046594274079920
2050768580288426860334934402213489805177712022652575822904271477478937672018921587963021388285707679719242348598184
4068449649414704622155480659544670697668769315765793420890645558675351932813770830102053972658519154940526725076860
8048450529781219579850876679512267211298237152719429264669852809788107107467519171717694581615420879859425289115440
15899033582121733895914117123667882216106281413132254909315326079723749582993688826141325886366510733338545299016000
31319519995361095175201659622952262534935973602260513095076743075980783319949930476563598768112358136198973562505560
61602505194080803495322065844661853988746232019841724116780601720519201812269255216475441709560519869241229112316854
120831628415413812050846320118323960101564085933540226736696397513382551593631499911648589663987712262048900707788080
236628702366977479846658734289885490856480934313470615279110880601092027778832737201736226063436655313726744406482100
462130394919503159209136505116279356821974650636008583174740243694000429097072826700549779104942672709309068649838080
901018192384836102756971882753566713594603851230990753460883597549354045112830591159136714929987211561200267354840000
1751953742299842293123236919274537110360117542607203399705663594025752221381085413412259064845609614387253610263003264
3400577256694022793922775120389809927780124741755460273192738310307671284202671030113330176227806474592359029707236100
6582804079582639356822204762500916737960782391538360892224068383500658845030205223828807405663776648196350523966711200
12719812847082770125052633050250880174017810491685487807458596803011692727135805965636733717422007681963305422206784440
24512386717668418486273414382913742069380672916987200184550425813891042204291485450608607598072213996675309977043009760
47149166517061097411449127984814245915773433240472820394122205834204833355479919493024016118308431737826315524629972078
90448844294770885441781871529650136173754238455568101822089630856930613339133073179633004543350871669020711060136577720
173176506687758425734387268549931406757034829764294285093157616864191734475353558039597095720797165880684931331812004780
330689019579169947968904703105696717650967864910036791531375223765842681398135860740158461921083532883665658025302475840
630205551359317872990703875700196270432546143818126503639288011261683735441199377056619649192888936362364185379171915250
1197822976035536884241372082506055677898687753037285151308006176409696751123940083541815154269993564570263403334586360616
2272011967752439804783604288006525498589710745854440410217166765367212174145303281299457430540641561943464971408248990260
4298120674293454422792815930335503343501382153806290990212289809367876842544894726304578174925023611756214549851283251480
8113928934113848542312864607166927037343223363431762226861828802134278651462158514368280088428451258317898499182363828020
15276886962205496700737195862917249439871932496138959111553698762133862108503838701180540709440313130156182643475743360840
28701278356428369900504482432942054381875535732248794327897988364800940577929376965887823402069991401191031196772733894950
53779755033307348047508011449355877946241858951649838758139007101103873571133210424519570924356699477290048621351021694240
100549103701432705254792371031606024635151225536971100261976234696936314337593473134974100046283997152648974143241241827530
187494299221601173257279079785864627252022548375040433332507730970775232846407077585561465751176593700482554460764280998920
348834760305038216866691283955148459285778047735051910755369407363533052606765419126722277140645153542579760973334376909250
647292244952544207171266324785075493791802407136841293318858561913409959939503233427606268543787145910441936601220819882760
1198350203628794745359400817333145478740072846344174648850116342460594886267970352379554874191798822773516035735532803470550
2212655562279017065989043153841211136991770168365379277927694096537242863109159962608950263126550405225780753923357093407000
4075944397741824010608196240490765857146240203114318255274995258801717540239554648814766512921314202307728688182921023424980
7488355696786310875534358819700697537338729906337984322494671276354926869763376611252827512030879746637709666400712985266680
13724972239695749093327545730842254247438657474083342739767656099687752164044365289793162707207540176829319659335866852041430
25088615803522181046696082804984974033721520804980890134161060031809311200024555456964135095227607943461303339425343437522120
45750076792259269935743912689203332622685376988933884001278043346546951729861420487019231188875015556991623352939411863062370
83203774951965779815802586027733243732495844046609006602874027395809942241102213986795803949626170572673856696677869232454320
150948177788211407012610512928719657966429349011583457689432444806728933277024220446827597256317274388982755484792452244232710
273114099873424524906903672865951558754163466093515636779642804337561818026265538796427751028898723787739048041422104322870520
492922153512874516134562405652630741285698411088744561256824866793117677446137270721242271161478592533123788049264858467259870
887235254538271475110878051654814496321163200913381406012976266620765017129642442893959768827658813863850621884719232928144040
1592949767561656373831115177561245932513207659455021508774098545916415225365774878351136966737004522722149112896683268223135800
2852239511890835843856816766908425936868908648548032639892881112300222548336027042650372900620340455804616056203226234736920520
5093990232035122830648491608949154120434452521766374458899734147115024671080501937489313615770250120012051377227940264483383230
9072872587361736044412645736189289939462975277722993087827061947806096388724589373133814778169783046942493306325816356054979880
16117792003572310436960199957020564076947150051386236494322038030094817194089811182963672752463727862697452562292207182497692760
28554493260011336202897909274804053751871697925240374375920971178717124136557095197198195331720775094679815252917644915375702640
50454934289051873548071608360011477218502299863552930679696830287809481798342472437712937058820345136626038757580407663427229110
88906650048280193212743227691807609195694184036832274459164083131082965728136566319484528278435034372179139026632292379916576144
156247024984097593442144878048643526334526009905695049083274034396030679028665407975354840052129984339655373533173035569983098710
273831623684665526082064629063530692172712711730482025287614134114133900773789044373761636316507976864927903451846099604041284480
478618342938839421751907059103271192671081529473283112642595295772989457439539134381023761169246865018213724885550063154955955280
834222769794275747397877098179620664860063926931922099746820051190349626005639416485359735693650171265485816131733227093550583160
1450093275975579814743480209250618361258513881382464426486382936796286222169333172563862949721323516656334522629301205464434085002
2513559472436069541174931193073793679308130553690830134542498136440587016565314197744517598741020190651530736115012928950964640280
4345014096108299204596878052374097630634441498999654266449069005822006538209890394492526931212493421057770970194982978113824433040
7489704170925901715752134352768107056074661624857783614331237729150259106655886806351781744449238803094693110881279885912804378600
12874631367820293750985185662466828633136611674458221941528501269717082499954549573647517915261081957615136869459975938095519799540
22068270339073276212690171223327277850998902214821919579652141144702784534745792260433447480891853147587465589201873317146868610456
37721292197021675822574784726705509130358160644672782555175692265864459850715097902335655654903737284700775354168082736376893741670
64292436825222172446553292827525654178531170614893858662900997427187631155445482235284897777446010666618417996686067882718007551240
109271351780867413848241367386602918997611642158824842786609062529298409645883213102170352359907290138418467078173929535640276531860
185182238350839645838790306845557060023554618477904029748811891106555583964292537515811312062905248553861275463546461227979698188320
312934882963305104667283961688784402840504349782169595521888078937054811340838471931204671844559359775259070785906567975345361701146
527286403809961716945773271432399764188752926230784452774522250446835392948486767740053337001288909665676515890943027868794118250640
885909818558842196491123544144108250044443532116546336350321322298674870022136173112116814809376126152398693782624045485961068022070
1484094735724509032176124484115449441472390645248968152865137298973217130806689009396320725816591585324604969318521481023414816571280
2478979615319088587373853892306933941261069565867138815858981282276818716270556942149667357897884403805882375117624644954590069568060
4128616494551667513824153890468656987785404187458323082772190756032004971319114690833881491920078123480827434506300718838379684897672
6855898462243367738297423143427128346566168722354456552535251797113122943301204675379233471092283398286158754682316059534828140289450
11351034423927595878664735611127890772263337812153329468868444292746544934393547312983346924895188423213804209998351622086672796547560
18738029119961163490322914811282389036668843562397184246630867201633771656649790456656050283728712276482042953976251643331643047625340
30840007818661489691184587300535488046983826877203207868443108564217633153371549473989669300410667477292909261764761258511091563944440
50607133134957806607075569270415218423630107351839982789492625661284671490567631180375166858899319482951973459621153269728918987441000
82794573532221654691545832137924158877553053501226631990045511164022922730913735794953353409595778208551238358965673735865994452034920
135047978963479304303049621199490567406019004856105473508041577208401372429637385065665273853574902680672653425657757222560507943162830
219612921381074694441889620929366317702329344452686315588831254869917368020184257452967997126880533743408003143022690832787292098734840
356051860199446518566893061861448028391848750101307108418836836221749912598940901877566001127381769465717508718885285065842555734973590
575496712975018499817033287507811754899464710408410358356347085940480691275894933464810738342981850866603518084502819234315334491523208
927358356476605467314177802808270682428521450013241821793735464101854297830445777893537670101881510587612696802060474747623761597083450
1489762804202502370682387107499489828181546517496779153788674244512591156718205168015257890942766371493311050797588367188893150165843520
2385895871337275611549476238126703399244068710208772882741326246914414663312160535818529728416201252161539244406607775164412747089271670
3809264829464612968573050251810281456124993502903665275959375036487628005480827633797506529939578928808431868991290594891155473159404360
6062969941630396748388601462631258470268534752672176683219340057741482511533383162494750039929515224765444239791575090584586125775289864
9620008898858565884364167142580223694673156756583235529887038811896149378139765667598270857332147828873703600533764496541180665336645640
15216329913623885149702089783219820770251810372503630169934893365930048214649236112815407488656954597726568664603363732674301375732806530
23992782939952205123058474685238118233369110405703140712255907712812882800786447806891646350042965685201276944916484441407733978577553680
37712524107516487273143301079635569904414751115733879352093733490261640151981117485879558363537647066464357468252506751721523675943907230
59090447195623512539755012325901969360862769861567711677026143321505331154237597829543663254380122727606023023142542512851003058478910352
92293935518171129508469764490627855487802080831978135906527933370415684576958986756165033736192099555730215818004284896912629296166644400
143696493587606778421510953404117830255753671177701965902242212386885084891524684931825930694811706299177850734421537883704956305949560160
223014650694747983748429587797952257600983624967659929785007333684745742090428616830476942285080253410537144339268831287818148220255917510
345007187959233805640885785167062604972009641296880720926146556997954026012205241966022449731084076659429480215292885512091419821504394400
532019037278664503350474805926787011545809380404011061573359098123532628957346630444765743798314522987038200758549081598301966095409249622
817756742721296010615141382670850298630890710284495406926740830267301895837846081484103403669520092661114562065666664037928923001101815040
1252897358145495769016577772581935892142247938162889192741274386409561967018587040483053140769492873703565361531889322484356429126523723770
1913353409901327520777048310183938927998382163292272184683469931957768766005054702791738772009361353058067044504599016172824795472399735880
2912456635403614722298789566767899634566247257962964518297349565394895689904089059360210108354913016971638414659516847487725689070450901740
4418781256585901067552385329058731949261284492198103603419458426402284653625203033940694458937850171273562255311692527866098799912202338768
6682213346425991118987334102223695988602808470695265027449629402704955724459061329471816673162843448594355721580337793092188976757335450760
10071806463440808166424898241382091058726169457953166848020479643084818255847510633548403499923457740882490552822212471116979463475092320680
15130716241702154364506308758806858391527306653491915484836212366077348964220675481694714968972835169090350260031265138842332712488209367040
22655375356828504625597162814188882067373683715527195593094541920732788084921375586897081434141104698962437041290737649993788350462384748640
33809477123407212931658811493354109333564508682002195290372158371854344246380907521503072557847608091312861658729931144855437643658791341982
50287007942641919104016204566658269370942208529618333765538782813191274015850649265885924805509954077152133604242120566011343006967112293840
74545073584426307221326551067947900149818689939702882578699861157184269623701849023703312539632827215105325330198768307497287117432234240280
110134344696551683383354616359802969027645687509141355526238770479469979721453839089970134912329656309710310754865785587412556104798150102080
162167140020655999757837192058750175451748555167731120310805240122264868130963616283493864857473644685064543242058707529652404137595978059180
237976557821132476449418139386558536339537071725349398759512723031839089784941476677704846645554887083786538129743961437210596932098123625312
348042493981871207061519068228766553495302454744257991641985620823167652769310556518269655260076963009167810817540858210570533971300256949180
507285220057405916511693853005065353282558346046799710513833641038359553863355701377058243462808376461069137795455581915998024631544285634080
736867654903668822299873218967310743584648682456907605592181638313005032348918423761597613774553603402074887528479840714524008788794199509360
1066692594830562554438412212717484041873524506224398948779530915452660621446483189679338328915551550590782028858942914223237048967869396102000
1538852711848986912499243707082143324488885209651208465998624888859824201902479154377631422058433115152842618156292168641638232194346615864084
2212371453116132037472285967330299256210200904840456965817887162868559609623197550706745580914562049051419489259277467218958740390114699582960
3169696895137630048984578658620883956811405879699761394131032761444200328870778308714875441491548411023538446238192032700545450735640862342080
4525550522042659282157097534440322966053721801432599310116013943188573112426080563092891954950655617892349467601548763791508619399245716688080
6438942983596133914864069398420594212838748988409898274345768924563437449905535768983208862294373407113200275622997860698944914477807619730850
9129407239739731796702000371232383247739765737003042789337548202279894981322334521358465534239505724300822446733581195710372073176520324114856
12898847804708905246784088028054565629368340672577407776980522270946126609062411479125392431570543077656072783171329218946623396583872400095100
18160801545415760666259275831595750263807975653289366243897987103324041361490574833448607953336679811873211617957292658259607598007787517476560
25479469630589031357088077663654391613184010453198313915053931834966675763608524961598187062414223382199199375629588002596319853772824090601360
35621524814786744042694497023809061157634190588349937193842014229484507755859758985930402552409425296712259360388358209786851830857548561002680
49624589799167667894951598580616702369884375063798508404989070018019757074192721865927034819566212324832020702724001690703135225710615134471004
68887303332600686625696959299023303320327310137454282684182612882456180966629954399169570643098538817387219499230074096515330343811757120076880
95287263504196067160576764219633222871539782909774542002743830808539416344923773650999428662129459936331999139160138940224325437764714330744490
131334711553836405799375512354254983067716963554428571209813438291771197096622262955199407196320693529349892946377100992229519995132042212692720
180371875204347923271093465302017010877998106788509026811759372944944401593165864383900419023954571299780951146478717187995565029107174059825770
246830247629887577814614432776008774741553245556911414166527704478364183911643757265492721783308272964045294100061221947071982190118323451005912
336561064887298658966464709233716702393663157218608031513398031029485145212673003655785444473784245260176921998536491951832341174922304245723380
457257665602486046302571050205323586101149265021626683309210109623010876922876373017579697618481573586708104704771983442379267122376570576412320
618992614217952804445803283125033434842586769966249447908037478654118369320637847204552726819201343028595861126216248953973220339630466128675200
834897264827737413294856709709525185096463718066764783084348841950073494648130495817918131486434660619536890324913519755247963030954464421847480
1122017125151424417100726794923592355925833668238499140440891954983798228964954530719976185016730560989424705428247479760257095743392194754708462
1502382844641863128939656430583948873115909724852094319690930931445320918843106389234276742960857833100850614619762092579920282642843777969780120
2004344016994768340041976191931662059551407475554305301237851129220309401595192063475975709205783376006509706613946619852294190778338686835231570
2664221311165640098837771758789262038791118042417938238984371281151591740050131400442297008228361206813937449214674139278439360153027953633622320
3528341505461335740314165936878495241410479761357774720726460880689602080615230310962667349163128728988872719158801438596421257724325401158860140
4655530133292662922561825763547328669650483869640608104985996549307937481890146054864369295037083916576412476546443060757909065298098539374404568
6120146863822574764393434104263868468036723512940801100499373484105076406895577545228105667756364046851385205264096146168978173256828325293571780
8015760203361590476153512170471517828651093043932063691016624109305851486356748407883885540643601212152721846020201492365751631590776654796448160
10459568973009561518459376747595738977863942610450566423767021648025087204689411330152496030340910850189221577967086087517803967293822200675880400
13597689653269375750289413364915416301892188445161492213248963527659882376885878366453807321353382092194267145540919925066597371108797498530349880
17611438316121389325052616049699946624160308651112664808142340936066406223749833171582424504440256930510931203423447234137155607657748287251450702
22724745577559773559497322845351903448908994822327399919174977288378863044515847792127948032454098809347220847859798596419358917571437616533283800
29212848680944253927454154707254653865104640504036390380550192809026234032576270822603318573786790135962892107123088715215445883301126911260015660
37412409344051711268932239021012859236270394001391050494666419448101436336501107630625209851749534002219474101333893659037492447095769463318869720
47733203861495668307601540984985092164854992537664503203281198656555504819531161056776164333212499025262935020748246251685598538335958268741577460
60671526736289325736024649301418006646350770673457105022282102941818126604425710406246042434630551659289798230422647125753477056239997774351561144
76825434185410119947261581921662039619112031482782779635257598536934052780144869748932632587197560250434961315887926723605351829981593174981512930
96911933203281080242659440577957996549318065886636993383661563411636715766985218150545904578950330616318307039978110494226261625822046023082877680
121786188436323443728362907025584942732889246286410854285417574871918013587972034991602765537896381048919311813264701092327869672576985487040022720
152462776674427754208819302138835702089266439362613913792304426055749142812129781719647276785013878506677840198187199926829651581169229800803345480
190138961156570238412794778549456557288572475332604529756664185598631899556144687645908576087163510794973249063246720397620286506258227046246827900
236219887687134358130047279779721237346521758895905708114441158994255871882428378124214516120922096793861807928969025791643776816017146671856796880
292345518420417187082219724289581894035948086649310851370989359118126549763939376744166148166880234283373422821804798203988365376444716668102140340
360419017212223939737119395649471946647022322005438061153578007292537395605381488907791920934543797974093486555432984726709120815751570697051737720
442636184511433146380711357793574299722500741347285329220996902659559519395803516149760286427275200655591929403664772063358450344521468563288394460
541515406102645125445802436959800142740350505929798263950294298680464826721583946623108574298250364411434708006294652321323800374929415223076319952
659927438236611634740333847319941672538044554248335202321038866098631342547644828317035570586529906913466175719206658486811132609088726079157808290
801124192800795238292391721140975879256315121539948951644003394192819149303313560953260351548229109058635071198854992221598753567202729290276518560
968765529768229284744085823423555910674107822682838304989979692465017254005661331236659652838587382766513691056471475168629896589219261484541207760
1166942895136463118338795159821045103627525094827396634385605634012448023205703717876346018122573228437524653797979684807639722233467389806243100320
1400198491497524230023455311117918558965424188152657983724176475939190893160934695761554327841237582252743048788643781413828151866050409145285837156
1673538514198290164473811947180770681415861048895196885966377724992113536277932827980586958726538420821388488729402163565588565971650582828411285360
1992438869320557016033976215870263899775723292836243342958743933687539120805299721731658309040653533635212887507566926438016191217267999770255279090
2362841684900163254228131833032004178385664370632194371063872469230572940767935092615797377876058107137938949124821230330979356306747877672621403880
2791140880685436061001032912697330607894989370596745767811513973799653297558407345297461620396504989093148659866031867607384264070686521436610458820
3284155047558226692756164433191133860512238401781273665048010685855681349255486441958184860226338667079629483883697118724030941002249870743905560432
3849085951510429645829034002467274376891949378397853890800934694650392574106619227536246768782489537635395886084671114711987673680493903932667370500
4493461095796617913341129663065218225668352471725545508517690020143504348120395614468047273582936840995674506029544450223426671423606352620058967880
5225058983913450831221605828717573362773990186164796433908108220893721185327052348366607566615246457016593830736045039599710630732579909078426316160
6051816012416400502481721652701018777612509138536874072093417664779710735816839961349046086983825872981653037910276552627989892694036775567201195920
6981714299307135600445772451097316460104739598801838137497963948107111724361907612464816870887152076207698816168289368901580770267569631323678690240
8022650224410006238347530995685786549937754916126815578971802082809981299903153970463295898534187427212731258170871105093936764483917404101504284040
9182284002235069803787995694866225162775442979852301786807905866161721997393393055171561803481338422829351089872009160234440393095001948002606338450
10467871250872609974644134601470052610146894587403862880843157803081754560845089900016772701485098094041954469918402801014619093872269406756423489960
11886078200250575699443830037843939600259288928034171731550654559151501485272967766098251577828067125161737374026407185945895629377601715769432848840
13442782949700116551638692883221097655958953081771642559505118220011798452212319368027965307649076648612720470701031909488764276210442827806377862264
15142865932613028802606162525749543328976427316943252642674424739549471153777386942307622338672822561333283124030502043526986122306406998573871682700
16989993547713038015895588319953832739934656736535461082798598777570347293133188201338846964615962563620665828641924470427083071621826528173816363000
18986399630354626748269027717092768954395157017377227373628762063549047616546871059377679942024284465312003806375498838034941367164435891771327250670
21132670151161148962908097340026132382480689090333118170854573313225726845186253129137227633604395432355127010439618426444114709287532892259983016800
23427537082675342715071154034017891761415509420348927189020714464927386534340927908088290231687582463602894657870537852158071025862513511346632472952
25867687857699568258058154214439051456877879364278478744489569693582818229231077234799667613129028895711432496661254998907909972795153096214180199720
28447597102751845797897075034479126032825290181441537631872566746932189830002118128648384665256583388207956567206499182245152218338123919457260751900
31159387442175462881571407252737539312885358441379422016369114278130625516184637710988455534210766911094618480192731153044481780467359706372866062560
33992726019590041139308672655690720975148292705700275077336150837076081409492019512945041465498192568295777085417652144651523613246737857593309632560
36934763016486225425931819864859364039869649870613238980893017658176172192202538112412080191827377377396529016448309391097635108651189232066714601656
39970117820555586843313682767050917918925791178728492002532367529555306985273304895966189734192985817725127417117673618246177558288747517847329987160
43080917603484525178922659018539834330683438340647278660736005315954503478763157734616987789572692634702807911453898144012371446922094059322358911120
46246891961838073285177893926101696110648229317592902052262605086639871730783148170264804761814439884639361545884097123950389644350656556435147771390
49445525892836443802197517410747851908968972078000528321592320024459016129467694622481812878485496919334741608388267398623921035648320447114507895040
52652271875170614114535840675212724662975725181559332811417789417079484562337540237807444334773210499768789970289118756806453092305604558467950209316
55840820085006429997709342357106573733697373850923375489026540628746157328470473498116994360476737508233088988956889420687841645276947583382000429040
58983424047280183379189301634149939891311939348023234699495380314303070007588751781834993165068120785556238431302515714731901140261305993580601083900
62051277140533283971905055448961646459669342368994583582559773181714201278567053780514773688939455309265024099425439912566388429985408149992074678160
65014933648559526160836366055934840643443747010295146176146234202223068878664484814288879676511907041841969138353746749560670244256236482120239822660
67844766302595949487490678802149374853436851775310836232295437841963522859504161297094514011001814653745701633927756784923014820449128120557198905968
70511450803580429228024376179060038938861757839273300264293692162131053231574098691103837528884743624828306327234753328777446705114221394683042134360
72986466484790857233595554682899977071804162468642166260896290956946905499150203673923690091695828323982289646916142491781858236120124837815583068880
75242601344133056615448557770220077604492469655941480021646248988949154453363602138422667220809736551310244214742381597196949691386587484553405091080
77254449015548832622821362449581457184936685131549115124177548529428417880029598912425733211491108898213046078115851670137975475382349478585996084720
78998885031768512711554906886019947750669182589409027594930968447328320682605344572846520022797167461455893411657167474982788897973175845507449505268
80455509899487856270322789611580334956683595683466598189211086143484695583927984545435121050051805506237249655228688302374505777044357572683424313040
81607047092410043393980543934324508739213625644223955971196905799120348173144056345011228737287050916147418729932768832711556087078037628592027468680
82439685096969389414446074015411313882534554669730726906036221607795786090968426485065146273633021986576083770802732618291361185887306303323988828320
82943353992438415762627365531098167197874156033062241634944836445341779077679580316950832141027945809051673225873483382309182738745336149985517085700
83111928826768938874190897141992915837699149739917814137068336006662133893060136323900382625541141773793498139557001763017684565107747186779709491232
82943353992438415762627365531098167197874156033062241634944836445341779077679580316950832141027945809051673225873483382309182738745336149985517085700
82439685096969389414446074015411313882534554669730726906036221607795786090968426485065146273633021986576083770802732618291361185887306303323988828320
81607047092410043393980543934324508739213625644223955971196905799120348173144056345011228737287050916147418729932768832711556087078037628592027468680
80455509899487856270322789611580334956683595683466598189211086143484695583927984545435121050051805506237249655228688302374505777044357572683424313040
78998885031768512711554906886019947750669182589409027594930968447328320682605344572846520022797167461455893411657167474982788897973175845507449505268
77254449015548832622821362449581457184936685131549115124177548529428417880029598912425733211491108898213046078115851670137975475382349478585996084720
75242601344133056615448557770220077604492469655941480021646248988949154453363602138422667220809736551310244214742381597196949691386587484553405091080
72986466484790857233595554682899977071804162468642166260896290956946905499150203673923690091695828323982289646916142491781858236120124837815583068880
70511450803580429228024376179060038938861757839273300264293692162131053231574098691103837528884743624828306327234753328777446705114221394683042134360
67844766302595949487490678802149374853436851775310836232295437841963522859504161297094514011001814653745701633927756784923014820449128120557198905968
65014933648559526160836366055934840643443747010295146176146234202223068878664484814288879676511907041841969138353746749560670244256236482120239822660
62051277140533283971905055448961646459669342368994583582559773181714201278567053780514773688939455309265024099425439912566388429985408149992074678160
58983424047280183379189301634149939891311939348023234699495380314303070007588751781834993165068120785556238431302515714731901140261305993580601083900
55840820085006429997709342357106573733697373850923375489026540628746157328470473498116994360476737508233088988956889420687841645276947583382000429040
52652271875170614114535840675212724662975725181559332811417789417079484562337540237807444334773210499768789970289118756806453092305604558467950209316
49445525892836443802197517410747851908968972078000528321592320024459016129467694622481812878485496919334741608388267398623921035648320447114507895040
46246891961838073285177893926101696110648229317592902052262605086639871730783148170264804761814439884639361545884097123950389644350656556435147771390
43080917603484525178922659018539834330683438340647278660736005315954503478763157734616987789572692634702807911453898144012371446922094059322358911120
39970117820555586843313682767050917918925791178728492002532367529555306985273304895966189734192985817725127417117673618246177558288747517847329987160
36934763016486225425931819864859364039869649870613238980893017658176172192202538112412080191827377377396529016448309391097635108651189232066714601656
33992726019590041139308672655690720975148292705700275077336150837076081409492019512945041465498192568295777085417652144651523613246737857593309632560
31159387442175462881571407252737539312885358441379422016369114278130625516184637710988455534210766911094618480192731153044481780467359706372866062560
28447597102751845797897075034479126032825290181441537631872566746932189830002118128648384665256583388207956567206499182245152218338123919457260751900
25867687857699568258058154214439051456877879364278478744489569693582818229231077234799667613129028895711432496661254998907909972795153096214180199720
23427537082675342715071154034017891761415509420348927189020714464927386534340927908088290231687582463602894657870537852158071025862513511346632472952
21132670151161148962908097340026132382480689090333118170854573313225726845186253129137227633604395432355127010439618426444114709287532892259983016800
18986399630354626748269027717092768954395157017377227373628762063549047616546871059377679942024284465312003806375498838034941367164435891771327250670
16989993547713038015895588319953832739934656736535461082798598777570347293133188201338846964615962563620665828641924470427083071621826528173816363000
15142865932613028802606162525749543328976427316943252642674424739549471153777386942307622338672822561333283124030502043526986122306406998573871682700
13442782949700116551638692883221097655958953081771642559505118220011798452212319368027965307649076648612720470701031909488764276210442827806377862264
11886078200250575699443830037843939600259288928034171731550654559151501485272967766098251577828067125161737374026407185945895629377601715769432848840
10467871250872609974644134601470052610146894587403862880843157803081754560845089900016772701485098094041954469918402801014619093872269406756423489960
9182284002235069803787995694866225162775442979852301786807905866161721997393393055171561803481338422829351089872009160234440393095001948002606338450
8022650224410006238347530995685786549937754916126815578971802082809981299903153970463295898534187427212731258170871105093936764483917404101504284040
6981714299307135600445772451097316460104739598801838137497963948107111724361907612464816870887152076207698816168289368901580770267569631323678690240
6051816012416400502481721652701018777612509138536874072093417664779710735816839961349046086983825872981653037910276552627989892694036775567201195920
5225058983913450831221605828717573362773990186164796433908108220893721185327052348366607566615246457016593830736045039599710630732579909078426316160
4493461095796617913341129663065218225668352471725545508517690020143504348120395614468047273582936840995674506029544450223426671423606352620058967880
3849085951510429645829034002467274376891949378397853890800934694650392574106619227536246768782489537635395886084671114711987673680493903932667370500
3284155047558226692756164433191133860512238401781273665048010685855681349255486441958184860226338667079629483883697118724030941002249870743905560432
2791140880685436061001032912697330607894989370596745767811513973799653297558407345297461620396504989093148659866031867607384264070686521436610458820
2362841684900163254228131833032004178385664370632194371063872469230572940767935092615797377876058107137938949124821230330979356306747877672621403880
1992438869320557016033976215870263899775723292836243342958743933687539120805299721731658309040653533635212887507566926438016191217267999770255279090
1673538514198290164473811947180770681415861048895196885966377724992113536277932827980586958726538420821388488729402163565588565971650582828411285360
1400198491497524230023455311117918558965424188152657983724176475939190893160934695761554327841237582252743048788643781413828151866050409145285837156
1166942895136463118338795159821045103627525094827396634385605634012448023205703717876346018122573228437524653797979684807639722233467389806243100320
968765529768229284744085823423555910674107822682838304989979692465017254005661331236659652838587382766513691056471475168629896589219261484541207760
801124192800795238292391721140975879256315121539948951644003394192819149303313560953260351548229109058635071198854992221598753567202729290276518560
659927438236611634740333847319941672538044554248335202321038866098631342547644828317035570586529906913466175719206658486811132609088726079157808290
541515406102645125445802436959800142740350505929798263950294298680464826721583946623108574298250364411434708006294652321323800374929415223076319952
442636184511433146380711357793574299722500741347285329220996902659559519395803516149760286427275200655591929403664772063358450344521468563288394460
360419017212223939737119395649471946647022322005438061153578007292537395605381488907791920934543797974093486555432984726709120815751570697051737720
292345518420417187082219724289581894035948086649310851370989359118126549763939376744166148166880234283373422821804798203988365376444716668102140340
236219887687134358130047279779721237346521758895905708114441158994255871882428378124214516120922096793861807928969025791643776816017146671856796880
190138961156570238412794778549456557288572475332604529756664185598631899556144687645908576087163510794973249063246720397620286506258227046246827900
152462776674427754208819302138835702089266439362613913792304426055749142812129781719647276785013878506677840198187199926829651581169229800803345480
121786188436323443728362907025584942732889246286410854285417574871918013587972034991602765537896381048919311813264701092327869672576985487040022720
96911933203281080242659440577957996549318065886636993383661563411636715766985218150545904578950330616318307039978110494226261625822046023082877680
76825434185410119947261581921662039619112031482782779635257598536934052780144869748932632587197560250434961315887926723605351829981593174981512930
60671526736289325736024649301418006646350770673457105022282102941818126604425710406246042434630551659289798230422647125753477056239997774351561144
47733203861495668307601540984985092164854992537664503203281198656555504819531161056776164333212499025262935020748246251685598538335958268741577460
37412409344051711268932239021012859236270394001391050494666419448101436336501107630625209851749534002219474101333893659037492447095769463318869720
29212848680944253927454154707254653865104640504036390380550192809026234032576270822603318573786790135962892107123088715215445883301126911260015660
22724745577559773559497322845351903448908994822327399919174977288378863044515847792127948032454098809347220847859798596419358917571437616533283800
17611438316121389325052616049699946624160308651112664808142340936066406223749833171582424504440256930510931203423447234137155607657748287251450702
13597689653269375750289413364915416301892188445161492213248963527659882376885878366453807321353382092194267145540919925066597371108797498530349880
10459568973009561518459376747595738977863942610450566423767021648025087204689411330152496030340910850189221577967086087517803967293822200675880400
8015760203361590476153512170471517828651093043932063691016624109305851486356748407883885540643601212152721846020201492365751631590776654796448160
6120146863822574764393434104263868468036723512940801100499373484105076406895577545228105667756364046851385205264096146168978173256828325293571780
4655530133292662922561825763547328669650483869640608104985996549307937481890146054864369295037083916576412476546443060757909065298098539374404568
3528341505461335740314165936878495241410479761357774720726460880689602080615230310962667349163128728988872719158801438596421257724325401158860140
2664221311165640098837771758789262038791118042417938238984371281151591740050131400442297008228361206813937449214674139278439360153027953633622320
2004344016994768340041976191931662059551407475554305301237851129220309401595192063475975709205783376006509706613946619852294190778338686835231570
1502382844641863128939656430583948873115909724852094319690930931445320918843106389234276742960857833100850614619762092579920282642843777969780120
1122017125151424417100726794923592355925833668238499140440891954983798228964954530719976185016730560989424705428247479760257095743392194754708462
834897264827737413294856709709525185096463718066764783084348841950073494648130495817918131486434660619536890324913519755247963030954464421847480
618992614217952804445803283125033434842586769966249447908037478654118369320637847204552726819201343028595861126216248953973220339630466128675200
457257665602486046302571050205323586101149265021626683309210109623010876922876373017579697618481573586708104704771983442379267122376570576412320
336561064887298658966464709233716702393663157218608031513398031029485145212673003655785444473784245260176921998536491951832341174922304245723380
246830247629887577814614432776008774741553245556911414166527704478364183911643757265492721783308272964045294100061221947071982190118323451005912
180371875204347923271093465302017010877998106788509026811759372944944401593165864383900419023954571299780951146478717187995565029107174059825770
131334711553836405799375512354254983067716963554428571209813438291771197096622262955199407196320693529349892946377100992229519995132042212692720
95287263504196067160576764219633222871539782909774542002743830808539416344923773650999428662129459936331999139160138940224325437764714330744490
68887303332600686625696959299023303320327310137454282684182612882456180966629954399169570643098538817387219499230074096515330343811757120076880
49624589799167667894951598580616702369884375063798508404989070018019757074192721865927034819566212324832020702724001690703135225710615134471004
35621524814786744042694497023809061157634190588349937193842014229484507755859758985930402552409425296712259360388358209786851830857548561002680
25479469630589031357088077663654391613184010453198313915053931834966675763608524961598187062414223382199199375629588002596319853772824090601360
18160801545415760666259275831595750263807975653289366243897987103324041361490574833448607953336679811873211617957292658259607598007787517476560
12898847804708905246784088028054565629368340672577407776980522270946126609062411479125392431570543077656072783171329218946623396583872400095100
9129407239739731796702000371232383247739765737003042789337548202279894981322334521358465534239505724300822446733581195710372073176520324114856
6438942983596133914864069398420594212838748988409898274345768924563437449905535768983208862294373407113200275622997860698944914477807619730850
4525550522042659282157097534440322966053721801432599310116013943188573112426080563092891954950655617892349467601548763791508619399245716688080
3169696895137630048984578658620883956811405879699761394131032761444200328870778308714875441491548411023538446238192032700545450735640862342080
2212371453116132037472285967330299256210200904840456965817887162868559609623197550706745580914562049051419489259277467218958740390114699582960
1538852711848986912499243707082143324488885209651208465998624888859824201902479154377631422058433115152842618156292168641638232194346615864084
1066692594830562554438412212717484041873524506224398948779530915452660621446483189679338328915551550590782028858942914223237048967869396102000
736867654903668822299873218967310743584648682456907605592181638313005032348918423761597613774553603402074887528479840714524008788794199509360
507285220057405916511693853005065353282558346046799710513833641038359553863355701377058243462808376461069137795455581915998024631544285634080
348042493981871207061519068228766553495302454744257991641985620823167652769310556518269655260076963009167810817540858210570533971300256949180
237976557821132476449418139386558536339537071725349398759512723031839089784941476677704846645554887083786538129743961437210596932098123625312
162167140020655999757837192058750175451748555167731120310805240122264868130963616283493864857473644685064543242058707529652404137595978059180
110134344696551683383354616359802969027645687509141355526238770479469979721453839089970134912329656309710310754865785587412556104798150102080
74545073584426307221326551067947900149818689939702882578699861157184269623701849023703312539632827215105325330198768307497287117432234240280
50287007942641919104016204566658269370942208529618333765538782813191274015850649265885924805509954077152133604242120566011343006967112293840
33809477123407212931658811493354109333564508682002195290372158371854344246380907521503072557847608091312861658729931144855437643658791341982
22655375356828504625597162814188882067373683715527195593094541920732788084921375586897081434141104698962437041290737649993788350462384748640
15130716241702154364506308758806858391527306653491915484836212366077348964220675481694714968972835169090350260031265138842332712488209367040
10071806463440808166424898241382091058726169457953166848020479643084818255847510633548403499923457740882490552822212471116979463475092320680
6682213346425991118987334102223695988602808470695265027449629402704955724459061329471816673162843448594355721580337793092188976757335450760
4418781256585901067552385329058731949261284492198103603419458426402284653625203033940694458937850171273562255311692527866098799912202338768
2912456635403614722298789566767899634566247257962964518297349565394895689904089059360210108354913016971638414659516847487725689070450901740
1913353409901327520777048310183938927998382163292272184683469931957768766005054702791738772009361353058067044504599016172824795472399735880
1252897358145495769016577772581935892142247938162889192741274386409561967018587040483053140769492873703565361531889322484356429126523723770
817756742721296010615141382670850298630890710284495406926740830267301895837846081484103403669520092661114562065666664037928923001101815040
532019037278664503350474805926787011545809380404011061573359098123532628957346630444765743798314522987038200758549081598301966095409249622
345007187959233805640885785167062604972009641296880720926146556997954026012205241966022449731084076659429480215292885512091419821504394400
223014650694747983748429587797952257600983624967659929785007333684745742090428616830476942285080253410537144339268831287818148220255917510
143696493587606778421510953404117830255753671177701965902242212386885084891524684931825930694811706299177850734421537883704956305949560160
92293935518171129508469764490627855487802080831978135906527933370415684576958986756165033736192099555730215818004284896912629296166644400
59090447195623512539755012325901969360862769861567711677026143321505331154237597829543663254380122727606023023142542512851003058478910352
37712524107516487273143301079635569904414751115733879352093733490261640151981117485879558363537647066464357468252506751721523675943907230
23992782939952205123058474685238118233369110405703140712255907712812882800786447806891646350042965685201276944916484441407733978577553680
15216329913623885149702089783219820770251810372503630169934893365930048214649236112815407488656954597726568664603363732674301375732806530
9620008898858565884364167142580223694673156756583235529887038811896149378139765667598270857332147828873703600533764496541180665336645640
6062969941630396748388601462631258470268534752672176683219340057741482511533383162494750039929515224765444239791575090584586125775289864
3809264829464612968573050251810281456124993502903665275959375036487628005480827633797506529939578928808431868991290594891155473159404360
2385895871337275611549476238126703399244068710208772882741326246914414663312160535818529728416201252161539244406607775164412747089271670
1489762804202502370682387107499489828181546517496779153788674244512591156718205168015257890942766371493311050797588367188893150165843520
927358356476605467314177802808270682428521450013241821793735464101854297830445777893537670101881510587612696802060474747623761597083450
575496712975018499817033287507811754899464710408410358356347085940480691275894933464810738342981850866603518084502819234315334491523208
356051860199446518566893061861448028391848750101307108418836836221749912598940901877566001127381769465717508718885285065842555734973590
219612921381074694441889620929366317702329344452686315588831254869917368020184257452967997126880533743408003143022690832787292098734840
135047978963479304303049621199490567406019004856105473508041577208401372429637385065665273853574902680672653425657757222560507943162830
82794573532221654691545832137924158877553053501226631990045511164022922730913735794953353409595778208551238358965673735865994452034920
50607133134957806607075569270415218423630107351839982789492625661284671490567631180375166858899319482951973459621153269728918987441000
30840007818661489691184587300535488046983826877203207868443108564217633153371549473989669300410667477292909261764761258511091563944440
18738029119961163490322914811282389036668843562397184246630867201633771656649790456656050283728712276482042953976251643331643047625340
11351034423927595878664735611127890772263337812153329468868444292746544934393547312983346924895188423213804209998351622086672796547560
6855898462243367738297423143427128346566168722354456552535251797113122943301204675379233471092283398286158754682316059534828140289450
4128616494551667513824153890468656987785404187458323082772190756032004971319114690833881491920078123480827434506300718838379684897672
2478979615319088587373853892306933941261069565867138815858981282276818716270556942149667357897884403805882375117624644954590069568060
1484094735724509032176124484115449441472390645248968152865137298973217130806689009396320725816591585324604969318521481023414816571280
885909818558842196491123544144108250044443532116546336350321322298674870022136173112116814809376126152398693782624045485961068022070
527286403809961716945773271432399764188752926230784452774522250446835392948486767740053337001288909665676515890943027868794118250640
312934882963305104667283961688784402840504349782169595521888078937054811340838471931204671844559359775259070785906567975345361701146
185182238350839645838790306845557060023554618477904029748811891106555583964292537515811312062905248553861275463546461227979698188320
109271351780867413848241367386602918997611642158824842786609062529298409645883213102170352359907290138418467078173929535640276531860
64292436825222172446553292827525654178531170614893858662900997427187631155445482235284897777446010666618417996686067882718007551240
37721292197021675822574784726705509130358160644672782555175692265864459850715097902335655654903737284700775354168082736376893741670
22068270339073276212690171223327277850998902214821919579652141144702784534745792260433447480891853147587465589201873317146868610456
12874631367820293750985185662466828633136611674458221941528501269717082499954549573647517915261081957615136869459975938095519799540
7489704170925901715752134352768107056074661624857783614331237729150259106655886806351781744449238803094693110881279885912804378600
4345014096108299204596878052374097630634441498999654266449069005822006538209890394492526931212493421057770970194982978113824433040
2513559472436069541174931193073793679308130553690830134542498136440587016565314197744517598741020190651530736115012928950964640280
1450093275975579814743480209250618361258513881382464426486382936796286222169333172563862949721323516656334522629301205464434085002
834222769794275747397877098179620664860063926931922099746820051190349626005639416485359735693650171265485816131733227093550583160
478618342938839421751907059103271192671081529473283112642595295772989457439539134381023761169246865018213724885550063154955955280
273831623684665526082064629063530692172712711730482025287614134114133900773789044373761636316507976864927903451846099604041284480
156247024984097593442144878048643526334526009905695049083274034396030679028665407975354840052129984339655373533173035569983098710
88906650048280193212743227691807609195694184036832274459164083131082965728136566319484528278435034372179139026632292379916576144
50454934289051873548071608360011477218502299863552930679696830287809481798342472437712937058820345136626038757580407663427229110
28554493260011336202897909274804053751871697925240374375920971178717124136557095197198195331720775094679815252917644915375702640
16117792003572310436960199957020564076947150051386236494322038030094817194089811182963672752463727862697452562292207182497692760
9072872587361736044412645736189289939462975277722993087827061947806096388724589373133814778169783046942493306325816356054979880
5093990232035122830648491608949154120434452521766374458899734147115024671080501937489313615770250120012051377227940264483383230
2852239511890835843856816766908425936868908648548032639892881112300222548336027042650372900620340455804616056203226234736920520
1592949767561656373831115177561245932513207659455021508774098545916415225365774878351136966737004522722149112896683268223135800
887235254538271475110878051654814496321163200913381406012976266620765017129642442893959768827658813863850621884719232928144040
492922153512874516134562405652630741285698411088744561256824866793117677446137270721242271161478592533123788049264858467259870
273114099873424524906903672865951558754163466093515636779642804337561818026265538796427751028898723787739048041422104322870520
150948177788211407012610512928719657966429349011583457689432444806728933277024220446827597256317274388982755484792452244232710
83203774951965779815802586027733243732495844046609006602874027395809942241102213986795803949626170572673856696677869232454320
45750076792259269935743912689203332622685376988933884001278043346546951729861420487019231188875015556991623352939411863062370
25088615803522181046696082804984974033721520804980890134161060031809311200024555456964135095227607943461303339425343437522120
13724972239695749093327545730842254247438657474083342739767656099687752164044365289793162707207540176829319659335866852041430
7488355696786310875534358819700697537338729906337984322494671276354926869763376611252827512030879746637709666400712985266680
4075944397741824010608196240490765857146240203114318255274995258801717540239554648814766512921314202307728688182921023424980
2212655562279017065989043153841211136991770168365379277927694096537242863109159962608950263126550405225780753923357093407000
1198350203628794745359400817333145478740072846344174648850116342460594886267970352379554874191798822773516035735532803470550
647292244952544207171266324785075493791802407136841293318858561913409959939503233427606268543787145910441936601220819882760
348834760305038216866691283955148459285778047735051910755369407363533052606765419126722277140645153542579760973334376909250
187494299221601173257279079785864627252022548375040433332507730970775232846407077585561465751176593700482554460764280998920
100549103701432705254792371031606024635151225536971100261976234696936314337593473134974100046283997152648974143241241827530
53779755033307348047508011449355877946241858951649838758139007101103873571133210424519570924356699477290048621351021694240
28701278356428369900504482432942054381875535732248794327897988364800940577929376965887823402069991401191031196772733894950
15276886962205496700737195862917249439871932496138959111553698762133862108503838701180540709440313130156182643475743360840
8113928934113848542312864607166927037343223363431762226861828802134278651462158514368280088428451258317898499182363828020
4298120674293454422792815930335503343501382153806290990212289809367876842544894726304578174925023611756214549851283251480
2272011967752439804783604288006525498589710745854440410217166765367212174145303281299457430540641561943464971408248990260
1197822976035536884241372082506055677898687753037285151308006176409696751123940083541815154269993564570263403334586360616
630205551359317872990703875700196270432546143818126503639288011261683735441199377056619649192888936362364185379171915250
330689019579169947968904703105696717650967864910036791531375223765842681398135860740158461921083532883665658025302475840
173176506687758425734387268549931406757034829764294285093157616864191734475353558039597095720797165880684931331812004780
90448844294770885441781871529650136173754238455568101822089630856930613339133073179633004543350871669020711060136577720
47149166517061097411449127984814245915773433240472820394122205834204833355479919493024016118308431737826315524629972078
24512386717668418486273414382913742069380672916987200184550425813891042204291485450608607598072213996675309977043009760
12719812847082770125052633050250880174017810491685487807458596803011692727135805965636733717422007681963305422206784440
6582804079582639356822204762500916737960782391538360892224068383500658845030205223828807405663776648196350523966711200
3400577256694022793922775120389809927780124741755460273192738310307671284202671030113330176227806474592359029707236100
1751953742299842293123236919274537110360117542607203399705663594025752221381085413412259064845609614387253610263003264
901018192384836102756971882753566713594603851230990753460883597549354045112830591159136714929987211561200267354840000
462130394919503159209136505116279356821974650636008583174740243694000429097072826700549779104942672709309068649838080
236628702366977479846658734289885490856480934313470615279110880601092027778832737201736226063436655313726744406482100
120831628415413812050846320118323960101564085933540226736696397513382551593631499911648589663987712262048900707788080
61602505194080803495322065844661853988746232019841724116780601720519201812269255216475441709560519869241229112316854
31319519995361095175201659622952262534935973602260513095076743075980783319949930476563598768112358136198973562505560
15899033582121733895914117123667882216106281413132254909315326079723749582993688826141325886366510733338545299016000
8048450529781219579850876679512267211298237152719429264669852809788107107467519171717694581615420879859425289115440
4068449649414704622155480659544670697668769315765793420890645558675351932813770830102053972658519154940526725076860
2050768580288426860334934402213489805177712022652575822904271477478937672018921587963021388285707679719242348598184
1032327822470777883756518910514718492356078829246989706780272207060155336513397341824283428960770919046594274079920
518170674977599762097158479071601142853904638456125096500604423195439298948664727078992590599393375243141111917840
259765518943821523025820077326554789295133424602550112410989790525628782267931690298049728686867540975501513112010
129845084675090114073641954124975440614556940108869282894309779153677453620226143401419183365559121066442642239600
64828408953386958351994385025107673119872083820339203416153797872551555352861416706927779379695816150282925565558
32271524722684216785979032722378438829723873749458318393493103663882984907221804345701714341520212406916695050760
16047747503584132069111637165663016491017267405030269397688802513259861926361771280195180151788711237012166003110
7956087882822941283137623262524201223162048151875760015916426518726897528224651913930598554559946738597896549680
3940692636417891760844223579507811140316533772366170574797085208588110917289191423242544026332728309006617787940
1945855635648539045259663167696547682443799603862705239546954409522951748888973999094649116170461684208254238416
960031986715832874721304148014691298838862927735890230076488939094323883946748547723309579777823838470769185750
472168968467630781741467446193337024970013688844761451554454192123879680798639360024956720233773186741042651160
232058974640968416527520145327759120874695333538027706876533349825570610036159324215150756841566381671570562690
113685430448188291114797935376054854262573567449673092663862059913586452535053433235188378235356926431300917480
55661556642851175558454853366523412784659328672434768113850962243708874318848142573716063423569053495144362480
27162978589755127956786699115406638761333125374951488644664753842792538207208009722573270432063310702611340280
13249555582120003836850329835459457800503952587835049298930493826212386060647936881715445236596171594653304390
6441095104439632042658444966572855377930555161700242784685658843111178951110425228805147236323230467795125000
3130262597514097257365277910688352298947075377331243935839075441306536356188873445037174829866558763613377410
1515989230626401772063465221291425577768636843283718493002341442956245129175787318108331720122267048341984424
734070949034125842348596579895164158324142815868524534644800263543723346507042888044043913967438352261477070
354185453121872948776721850858536594091858568770477579795300160243486357910006103519414317140167538856825440
170890201960264606528332716125641346463813206360241662176254699695059784434807482463775623558488850859062670
82149961246572933983348203925471370247847824169767433866982711572787109832907534476197336104181200372783400
39496799645368764213792418450912035362408736888068604695320067396677518539460296780389222702422585609445912
18917753362362408391343140058879189923601693606747474998943101970520843615200964457875080181508711481836680
9063911962623508308508408127638825347094838788106559552656937700770345854182447483040890888395887620000140
4325740376876954322331541809541778161364015252852504018814416651794123281429226316706826638738774506289080
2065482363579946120526259486237085311650935506543656814284846651902372341834608075589959947335808741469450
982251624434872678319558759424308676709639453971121352493267421326495299417840350294217817538071043489456
467435736062033650218964056239174312097212331516190023137731376051610403876880096774979231898679632380470
221512747234388680795825940725935284209432058152105507184822683626914602363365088404210286491547751890120
105065229506627001950146262845783094502272102242493399865963678187027652407015777941592384134239822691790
49616951968467405290580237660920760793180360125359764717177492211791656603683552695580563705896350770600
23457100424470548585887772867014460277056918892685957324699346542106493179871383924191699456028660602366
11039718299576092331986769859168831983826973319774130612390872896651559092965061516562189724443065934040
5202460528772867070216552083890525056085763406210009207590885094496598915700963694776998608912490530860
2440186397574550825492360153979371191407666944329401268790441579034876001833914602955091317042660624200
1146311687748890897691211696375365071428806595059592902705573977849097125639194574186238502568586519200
535876858437169426488938614336095045172161166656336064632105121753198586088502853365843518961550379256
250954932136916965900636998619332190998137431989357614026012004478696929491857922987422090731253781230
116929255401503244541599201053541144154949505770014688862657344453863322393783016527390057822359679960
54591716263179507253372341627430350479899934900521918690523275921081383673515634282025350670418260760
25353387594515960466672621198846794015094289400149962833660957190208922826946228574949073780214174640
11801410257098109058599083837540357096753403630518210950551157509088471875356677068272116377897909086
5463124639219647623736697279099776356213972187491201063057929775656318253345374291857670168697937840
2535447203514937930414209604333375341833093503987520466399259875706713564822999338852282590255574990
1169971764591433555758901535920913844348860125863176598899879135529434852879837974037562443643301040
541408742738703547140210219661137196691933151074586090318462205013648941486394379356779699824786640
249043277589187383635964906503946781130434354543195471112261655722037196589881735048772131947284248
114916305270423667063502300095475969879429898034382511949788773944696443589140884602680553242058190
52695626548715143164067283889896789827556945204785154965950442352010429044275622475839914323920280
24247028378543316093767608112927915366134278565694974429089003175494828835452010524962282530114440
11084315101870129182760111010788416106873118626032533508387202300286318054779507208853905455506280
5086156646022215731025962621733978627066279572234884629980925483765715186758642049090256906386108
2317987047279311227136964717360976236540876559915457593907414023646848010128063809165824764540600
1060738229248156306331390820066593121343902343238602279867220740867126755979489871263258941978350
481962625156025366768364976186177399750119447331830912996416303447632479338117504483479211898440
219961144667191260692997245357195503407215350267777174094989019356370717381285460045168286491830
99643123645057979054696931793036756074957153994567668064726140006487575131838738938354001252872
45355921462521818109502096595712978729666894960449609753106030180551936961895273626154725804950
20485347948022920349696906402103497314197982973003629839140587281727094877982500214226746180240
9300414911664664177333520693207255242289812850492994353680065308993880605126483072326468890150
4188232951273747492582861940382495494794900980964278015457621672473674146142726825172829343480
1896618571292543647629272817238567222472853046226048167257786617284882134646960228688139039708
851605036604178729667667678996069526471913954230761622767494912928278286121316346630708624920
384675971929555325605398525408348596215420757310978611916463496989214363642788215718323117120
172223713548295996060381207198638233787721879767752835942207387872613926629008737297737227560
77602290761039485530376211615349860684575069595783626439810418541191322446539225069160572790
34643473612783401500494438376406689080922022718753698989073951463975467664318548959423350288
15572002670471860935718191394507150266789076325568470308945211333875195536716653028731461350
6931848621598262466182345971945977545265665764912226583350359223782915001866559960655591720
3108349599767042011094389957709439337635221867186673638126087190373366450561971761738559070
1379749528476619103499362192044347225094177716976651802424443858553199140964112085629079480
617240923069533434818535304751037954721363294062929148046184456865363097878041146704078486
273211111255875119492130507047284425543006056015362376997755563656455617849842518241222600
121938830194597757814552875888157962374591879619157781016297851742750145012787924871809320
53822732293645455014867689461290831895325720550786306094049652360257250912158976690776280
23967005886475715497331188569111861119317733702676546005618540826842511418879429432462470
10549302695160961181091511214347579604224613134050877272041686568063538012558886502666632
4686957015961489705925311181393254890495060341672455451163584679258273197752933870110750
2057276858853359817977415772536625930906596561182395230815068848770289176665889396566480
911997344896389761127923012122407518831726077758710839958052251154072425251882240704500
399201389505666759757123399381236631243133269007810069839601454622056771778159212892800
176579622703527813271918561111957510678086760295697768003059437612231594843771649020550
77079698853994188981855752421309123426029698390551526540199132544863842586944652379240
34021229658374690547441953076111681046647006917631878603080094172969758269932543585870
14809963564660666920981652234489970065356553847945148641645506790223734362973882313600
6522872100202062653697967005934372628706122497827533446420697795654569258742269155150
2831720309043469523151403703399954751292481192743551423400641591032220302286256733360
1244581098295407866758781243719058826452387775110953313763988098349566190216456363480
538820976642910656696313238095269296587777889201157890005426187256208216338978263720
236329588503768315610183537661710622643436963134284090332570202543808529706303956300
102035388546066277392105407646310801699152772915744718914900575985100439541908694000
44661949031002980432159458520494759111820515614613767904176188745509502443623904020
19230155037449575679587914334654417443900369007108176710359140057597049252992325240
8400305439256106976853091668424304935002347332255544399146963297907965814154756190
3607055851360871707548441949578979875765727461786107038065083107471172800693260320
1572542975376056629359907680035703347844866412925415759796452916825708748550300300
673399192089135043976894592146365958214034009067855237877164375285247043231662432
293002460699273286559784553066378272547075525164523674909397466520256032574161240
125127430863498049359949324836058211544264027520685651405049778355697964701726160
54338998435065126951605223739393767480486803220877938575547364095692609021288620
23142074940158769650099463806942689495050463985428356901529903462157220783146560
10030740313566183275637651833692773671333428060097806294330285478988711908770796
4260205661038557516330303754012118390307309040140990021661567205472281208142320
1843078294653123055924572440767885592456631123123112089416375042278393701866510
780629680709036057717018069012927461351291306872213594615076235102261342145160
337094395618601881937077192196315512771335552884865804873874741999565652297620
142381169964488650609395971108992891668383352545896653177231938050016935214608
61370944610840489844771089496324100355084884567302983672857829995761742434790
25849901300223242551512241726741065047415177281763132647952263727250335847480
11122009398127958790417693120679400112127095812088880866544478382646037390460
4671635390412723871104776812066965851544128882255684883707696744483338846360
2006400347727903066974221707750185259987860838123710917340985651800263741428
840401160143754184640323152471136032060347849260846688331572374941693347160
360304424730061778746374813743293891411109037000502321014592773020499803990
150492542639282448632196197967383876654510589296950513788233370810312654560
64408339047881149894122985670565755739089634668877977964662457153353533990
26826003120234626433639119835524668231208038485028795445607226862979888152
11461382392433155305965575593379924880779548971890468158873483679642939190
4760040756646337117904531081239684765373630393639519851056303687643605880
2030276784738551632612867243661042510426650106599688550680022142207138070
840773785764227929286394372325143334346785242345402705973445599214978840
358011375834494287664894670439067227536602082774616637324557025065093588
147829307141148611780309014892382372292587287083041790357161530442149640
62843556794816378891429967443471214728024341881149141800365766375810370
25873364643254541653555059829483210111233243418467410814780120892213160
10981080703562297172000445261340294548871864330117618084609661845047790
4507682904467674782537281081178526760905011643108019024687614320648848
1910059331674098700099747281722343089427882582752806715782922941663750
781732114992117077019272226026381582623625152377399350671310801634280
330721270633925290606169742753022056088965424045108193141053355757630
134946530207872170884187429298816849869954361889608671264997594542920
57001452014530612962691070372152321475952082720620358023724172311976
23187750844065790434872468531623543119528810286527045424419535662680
9779400113759664667613413339447048660067905519218243583572140980570
3965898002181753888762077444572490873228337441839674934855131433640
1670067176377787367053830591751779514132120564231989031067530180320
675153055539961687326995366810786470603309600390083914815100120656
283885318460238640472976223222210085480644749095456620791389470150
114401402608576369775061315177546943757250726857587809339985855280
48031917048272390004192251901620341976256601553354496197308661950
19293825326507302984132364805637158993240531566385604603439570240
8088807353876580547069000042191631490405847392927848695976939392
3238556552522393938136124408340290635364587537967117745226147480
1355798243404059002273532234638765735922178662879488568624473690
541025593729165831246212592689834146342086727965110171471796440
226177218685404609189507708202103009816576926038458196187376040
89950395156102732066748149060890319760528527797259167971840136
37551893646834195097021489172654850889691576998868277654195560
14883042464620690867247273145100583122355019439204975592433560
6204813134826608745413404164102570646212457931399355391795630
2450568355349685030130496476815759424550548793530981548321080
1020288089064352246111117060591153156320686182051644594331396
401522636557755965502720088918669382751435520357617043877600
166953743379963760221460228663582902242576698010301699499850
65463850582905268082694311479783736255938491296277162105120
27184997759759094626871970496325849283922474577008098588250
10619889830642968614832358950178116289070113055118150741808
4404547675090164659252213612434986898066370386400335010240
1714124971850299866582975888953174771800707567157561654920
710051309886033608201487300694478431180911964518087655590
275260783235327317769666186918208870513080926787355973480
113886034880017607654914837465663653295059390910845794588
43974329286273159112531644062830043524724174188611458200
18172629233458449898182266813027710047716026272081163540
6988418934634811444522145711872073610184416693614315720
2884722756670821760230143094414878700760002354980973250
1104722858496050645138653575519587986314835651970474632
455512221607083807272376248566305220096173326234510350
173696193693407871572348839012218864529769267368175480
71544178434962028869351656320257961455998766758904150
27161611559228958772424190278676221663463753861568000
11176183264993244382882725665555834548333240145006538
4223889084072379749067577009445521792856268238277560
1736289571126711778800855468030572587390881619153380
653164097562305653723916271143000870596474366022840
268239320261047621849263258066890588021194105595710
100425384532977148635856300945820224061422948019264
41205404363153698439111899725758584590382852308150
15350834952539244647106541234540886644894407292000
6293245284754870206008739396387136045226235075960
2332603208304160957696038140110667736172064495440
955517116136506608282415802713731453012169527994
352306093312276512363618089756874620349349954000
144210659020627092010806411072174001591404496430
52883075157733115327978276201795281993527966080
21632168076519157357776750319458341458203044230
7888127573306324357267382324973150870854603720
3224720136067643311010671354846624428697641600
1169045955227587190079612303086349051902831600
477656144305769916266828966082407588700476960
172117693306331039360556998688014408092433560
70292415953821516642283356861168082386124156
25170240698707809128444251386183522352504560
10275567675616231637731345387847000644649350
3655478913897609249668580059887309120343360
1491893209316613265663230795170601944882720
527130991088083704328041073139695913283152
215094856065993895691017799191260662941440
75461819546105102887478230830515255094480
30789575573787441961577749588904233074980
10722150009006608881616009049544322793120
4374965062299641276130697555166003431820
1511777340581793797966839534855262659920
616954286147522592591721045907023323520
211467588769827436760165539065784220240
86326297550237102532986095826277283960
29338763175593433382450067981987064992
11982373793112382225880008298587326630
4036130961995326182852844845399152760
1649464223312800465597483472618066900
550415604342505837681944916352924480
225126526066671485050491093871505076
74384560435575587192125646937307560
30455720882923538642868704746252840
9958671929169275303085411748610160
4082592671399607198330882346444550
1320339391091326486352160938122528
542105875809771641927333425776670
173292936880771308996922340234280
71278601449732392332274167188340
22505356597915315607202383673520
9276751798179259130433825909108
2890985165609919530111619240200
1194575121433820104277895354010
367097356627295648139030791880
152134264383104185046683023230
46066667920258819936207618448
19151844373266183251224508200
5706935345590349647753365000
2382214741506207322577994340
698113609963451874446518960
292556003100868679146074096
84147776481778559199669480
35465229389301285596969050
10010939508995179225858520
4237841684061073213084180
1169878976397366062281832
499506494442867067266080
135050244328221839806840
57879088217539523090730
15223333735241682584240
6617948066990305992320
1702488666202372813480
739989061437985600940
183671700143116281680
81954278761890693260
19906247346487527160
8773967583781350960
2028802414952233440
942096591135557370
214116284592932160
95249708239713480
20158403442131600
9983163858837780
2099614827349200
929397731116390
175673280533992
96859668320280
18563094010400
7928471324320
1293393280200
853791579656
145458976400
56654571740
7594915800
6742722390
977955608
316355600
32342600
46196200
5288200
1217698
83280
256100
20200
2400
80
1000
40
0
0
2
