0
0
0
0
0
4
0
20
40
500
280
3440
5600
39480
44680
297580
479200
2511120
3791040
18498800
31489488
136029960
234201440
948331300
1713330530
6455006072
11914482930
42600258840
80648619880
274363949980
528887789830
1725289864720
3382657744410
10615261723740
21117324193350
63975015921880
128979736905260
377963345784720
771221663501930
2189206669624060
4514466160810620
12422443867356500
25839731910063130
68949462152085640
144320773255259810
373470316994165692
784386066041541260
1968570912538580960
4135513786885557150
10066061575919115020
21082357092345819910
49773352447468740080
103593203415407636650
237255937910141424460
489198996130607050610
1087050046245826204308
2214130216812998341930
4774285289809914931260
9580705181566428527660
20048594603010056596660
39541514228254258593950
80301698740474490159060
155311002993007554728580
306067096258061965208120
579295274668937619917850
1107552029463670818680392
2047427808613139789801840
3796435057689305513083900
6842022952450190908133090
12298617846591969913329880
21571120212941399593380806
37566519919216753460635200
64018500300198120417350350
107943909221867930894338680
178445516142021780898130880
291093489127411189504958784
466113812620154930728663510
735007610328228803784186280
1138380502580074835908992560
1733708131793088473843492580
2593755270749663252362175602
3811601430415567965802300480
5501475658597568385647733850
7793709994817563552711970420
10840262975320871790189477740
14790885273119058800191963064
19804652554548386700153204370
26003485077563861847331572000
33488016375478230200603795210
42278046455649815925281709400
52326800020651851603046252280
63475389189507403044284664360
75456624663519727881586433230
87899142026711067803183756840
100313720799878400141673976500
112168510463843616599325034204
122858360376791216612884513030
131835303047302424795175098020
138571359450682955572366340090
142689281907571678708514877620
143935158797600457686468505150
142243843525301264242860309300
137734489063893153739683527530
130676424952657840344614411120
121509579338922911723616619920
110730703529098604473331291384
98928398455441089288378816860
86649054995231363781304532640
74430489753338487995176149370
62707293009259887434010736720
51830528692746275611884131000
42039858200618478927613736220
33465756616125066593117452110
26157852245021983325550652400
20074405317859371604475632390
15135939536496458816112637444
11210177735939014036407682900
8161981790733470078719674840
5840487348902633991141907670
4110574074550610352390783200
2845221991277662315543775238
1937709099651393111622572800
1298944807770993552139464740
856878689698456123181839440
556998054437758409064364250
356253222505638271822031512
224844667235521764402136880
139560696279815492502913020
85633885300317937488138470
51626851190518926393764580
30838793922354213115856494
18072702937870430115407020
10523872064414207340862870
5999476155056443076202640
3410352888137351708218450
1892491324796014635723788
1051643821967319633868480
568397782993694499103700
309218444111277326665000
162861322818425535630640
86867111084861447034530
44603062372558525897760
23361059022075731985960
11698120762731525497280
6025924944382487283510
2943683871803668462432
1493806980470997173550
712050046520044054380
356577879686632093660
165883149062830030800
82122279016174571734
37291152872506073820
18284397865138333860
8105355769201805040
3943529882473866150
1706703395013900960
825546784377723170
348831223405667260
168072901652743510
69337445564285060
33339323521861240
13427390848544800
6454403705351160
2537259065517220
1221325298935830
468477949445692
226156308029460
84591493494580
41016914903420
14953532450420
7290217761290
2585785758200
1270229088780
438467017460
216849657820
72426221300
36317471500
11801437140
5933312940
1837201980
957241642
290324940
147179760
40744300
23281280
6487044
3166880
725020
528560
129300
52540
8540
11240
2100
490
40
200
20
0
0
2
