2
0
0
40
400
80
1200
8200
43400
35280
250438
926200
3718400
5785400
28113200
80211208
284837540
594689800
2313396040
5973676600
19807665606
46512237400
158123012320
396291374400
1245360320280
3048238476552
9525694956940
23724126036000
71156892274080
176354390944600
521044122352930
1295778254137760
3734940345503470
9273916743281040
26310967268990360
65292727754336760
182041975707676660
450979795746027680
1239706343468129040
3065224515610519480
8311308078913632810
20502654497117497880
54917618252000021850
135122478197629016440
357800864076429290520
877890293829454565312
2300091334823608246140
5626488747385305660360
14595146602918197187180
35589718745663923698640
91457535818467900447374
222275882548096250953200
566139368550721179129970
1371181024682216023439680
3462965757523669542296360
8357234821144081505123928
20936144652747883381602980
50338681152845502355084800
125127495904112532150484980
299707331869094704243550040
739402029809544332770755310
1764062818230620939504142600
4320431886839239606410035430
10265923994006362043113568440
24964451173325203252550234170
59071461440894880390086571360
142652207932623931375824330060
336096625599148578524416420480
806108691878789756473776020500
1890825275573560802572210731760
4504514901514778185927935274170
10517591950956794833408703179480
24888899890800809086808218178510
57838645179609802134033748569720
135960599866208561078948154029230
314410863152637067096200758983160
734172499534032059842099393176460
1689179937300766094509560494116400
3918042569895380579859596274302780
8967139743184342038351654558971640
20659208090693594859792580044567600
47023034111304142086035294484717200
107596281606395795498725536375241290
243502013027136670609549553953703760
553302851118940273447175087970573230
1244695785934837764837729234718876032
2808217683892905007035682939820417620
6277741022757915787529920290088217160
14060431226222646513447811404537144580
31225677907458404302529831552029472400
69413364874293603217038961759355716496
153093595598754467574811168710622336440
337692459628867460381105163058902492850
739416216140808030955275541813192882760
1617982317588861175649748850383856537450
3515947194698286036025130584399998586808
7630037771931094744561089525467999359120
16448993663898197241019655951207179662480
35391232941169777648215529989579976094860
75664630629067987858204009885845583332760
161357368176201303128458869463262698371792
341987332306189475515605201432520157731680
722619286453179744545353282237543782677430
1517729753931211773049318585660653491005760
3176579692630030679643411312266012243699090
6609208399458381410824472021992299751821416
13697518069458582446215710640513024263097760
28221480693199045874807336068352068527884160
57897644056344550265001443728454190238056580
118084644057507091389658604867690306670864920
239731780901775155793988176941034773283490496
483840829209548704805028767378956500508322720
971738948945069089963133625353729445103320520
1940100167589301341152282829079386626246756360
3853467021771027595408999554489751007792316790
7608176838078229982014916062940936341225778360
14940177225552376231987281098824099640984189640
29160784276285587544664637353305888375995558040
56596686736974329998323455639806743159765551340
109172205392056292465818010514656211487613605480
209358764762094237447118633904766638214463936584
398984157458319560451866203954010254123891639080
755777506001741209872064631028754202684734247960
1422557977611527341001328323201157874193098390680
2660974209745627675620503620851806683335065235670
4945362565437349937954532191843601976113056704640
9132195813901122994072644994120359247599426364200
16752728967891619198976021021758329761880095334760
30531184483147551532748955490200493259772748644700
55268718106867271769053032065873044305645132366720
99378742432849696247638485992333412814116428449496
177471210269515368184300839182568731500381615266200
314755406786227688730764416182920267654734231120920
554344910985923152576036848270142732045980624570480
969464042043899491784560597745860874762216306051410
1683391254501452820395127075801891517404738638367504
2902138312146521460674056012311786062098299866186560
4966976542182007891562833796678496368175925860256560
8438813655712287562610828363343492562494512259592580
14231483786709034235226012942297110517398254338120560
23821567852701072810239738655172528926597885398641256
39573822114104599373866656403987127062253375535587360
65242928391892483555903791454186379855197776070410760
106736758245528653672856022699233986148372492115349520
173268263970523734422151337340851193597532852888994160
279072175251701588065028973131783777814034792093082080
445938909725616136061265608029696239987757115311170240
706909775397819476210702008664365028773621941257130320
1111606302665747603909556457155752013551585358041477860
1733824534020441239046036825311530786563609286971424160
2682223852005710948635758647235919460115691150474066648
4115186875497071477206295110387224856406532242882700000
6261199189603170092428106886105383264056994105500383720
9446436827844861337165124882896147781556146093872935520
14131559397635310094348262667718630035953033566698352240
20960087071614817638562834223073863389638325934310003360
30820975176498040352977763202819413635292820033363635600
44928266110029538389299348618792253159591144085527886080
64920631995374225813916221624889581164592045205748989100
92983464538289762952292828773523399834110098363059626080
131995445582952788159877594122992632766005570446988458092
185700485169826599271428360928993262623674487362355035600
258904112910529915250995366153485967158440291147334939480
357690951215337552401459081223718484043244731209687277680
489656717119976298794699389971309835232252289548064536000
664144033372862574673113260374838553451677239784661277712
892466908518824081438831949419252714073400138081767234640
1188103244575877088129621310833868420440761010371972481360
1566830047393139973201662243913448060724303173674561799180
2046770704297628685870187314681168179436234945429512890080
2648320800380325655075001925537832045976558142582721184804
3393916686660566950140539766849639471005513679765710097040
4307612807881539696503436474450363928211688607248407170520
5414438246754100289160920869836134604077572845830384919600
6739512181343372163508016578951272453982797412501531154880
8306912010389605094498881635143448963801954686157962478128
10138305499792346347614555416500929403363668020188282307520
12251381822060219721998840216470072625081094780726622041520
14658139555846930819234064139269480225485697852677489942180
17363117468133185903223782821490733710577615791054302423680
20361675437924842143681354696833432522607883304544815720820
23638454399302476262430434413922847522211100322054796204720
27166153699403483512644379260652403612175073177090264268200
30904766781870146342554558549139579623457399123696753722160
34801404134276854715932520241599662050804018084159738224800
38790806780835725138905652712738862407733683395829849816400
42796616965743012696754100940162934095379276189741576646400
46733419753352275387445040828168926404808217828982803329200
50509515195504576647367349004820519316084776813787299746500
54030314739088950138804241142746520678932678395726164151040
57202201424827836448816963882527094787060380649152871607900
59936638640398297153229065130106294667497856164576584508400
62154279712727289240685992276390899644017898125911409297580
63788811566056990449278915242233173803351284571110987741040
64790271182069685400653087254835008722990176915595035798560
65127603000241231007617606824095594602890446462578708043648
64790271182069685400653087254835008722990176915595035798560
63788811566056990449278915242233173803351284571110987741040
62154279712727289240685992276390899644017898125911409297580
59936638640398297153229065130106294667497856164576584508400
57202201424827836448816963882527094787060380649152871607900
54030314739088950138804241142746520678932678395726164151040
50509515195504576647367349004820519316084776813787299746500
46733419753352275387445040828168926404808217828982803329200
42796616965743012696754100940162934095379276189741576646400
38790806780835725138905652712738862407733683395829849816400
34801404134276854715932520241599662050804018084159738224800
30904766781870146342554558549139579623457399123696753722160
27166153699403483512644379260652403612175073177090264268200
23638454399302476262430434413922847522211100322054796204720
20361675437924842143681354696833432522607883304544815720820
17363117468133185903223782821490733710577615791054302423680
14658139555846930819234064139269480225485697852677489942180
12251381822060219721998840216470072625081094780726622041520
10138305499792346347614555416500929403363668020188282307520
8306912010389605094498881635143448963801954686157962478128
6739512181343372163508016578951272453982797412501531154880
5414438246754100289160920869836134604077572845830384919600
4307612807881539696503436474450363928211688607248407170520
3393916686660566950140539766849639471005513679765710097040
2648320800380325655075001925537832045976558142582721184804
2046770704297628685870187314681168179436234945429512890080
1566830047393139973201662243913448060724303173674561799180
1188103244575877088129621310833868420440761010371972481360
892466908518824081438831949419252714073400138081767234640
664144033372862574673113260374838553451677239784661277712
489656717119976298794699389971309835232252289548064536000
357690951215337552401459081223718484043244731209687277680
258904112910529915250995366153485967158440291147334939480
185700485169826599271428360928993262623674487362355035600
131995445582952788159877594122992632766005570446988458092
92983464538289762952292828773523399834110098363059626080
64920631995374225813916221624889581164592045205748989100
44928266110029538389299348618792253159591144085527886080
30820975176498040352977763202819413635292820033363635600
20960087071614817638562834223073863389638325934310003360
14131559397635310094348262667718630035953033566698352240
9446436827844861337165124882896147781556146093872935520
6261199189603170092428106886105383264056994105500383720
4115186875497071477206295110387224856406532242882700000
2682223852005710948635758647235919460115691150474066648
1733824534020441239046036825311530786563609286971424160
1111606302665747603909556457155752013551585358041477860
706909775397819476210702008664365028773621941257130320
445938909725616136061265608029696239987757115311170240
279072175251701588065028973131783777814034792093082080
173268263970523734422151337340851193597532852888994160
106736758245528653672856022699233986148372492115349520
65242928391892483555903791454186379855197776070410760
39573822114104599373866656403987127062253375535587360
23821567852701072810239738655172528926597885398641256
14231483786709034235226012942297110517398254338120560
8438813655712287562610828363343492562494512259592580
4966976542182007891562833796678496368175925860256560
2902138312146521460674056012311786062098299866186560
1683391254501452820395127075801891517404738638367504
969464042043899491784560597745860874762216306051410
554344910985923152576036848270142732045980624570480
314755406786227688730764416182920267654734231120920
177471210269515368184300839182568731500381615266200
99378742432849696247638485992333412814116428449496
55268718106867271769053032065873044305645132366720
30531184483147551532748955490200493259772748644700
16752728967891619198976021021758329761880095334760
9132195813901122994072644994120359247599426364200
4945362565437349937954532191843601976113056704640
2660974209745627675620503620851806683335065235670
1422557977611527341001328323201157874193098390680
755777506001741209872064631028754202684734247960
398984157458319560451866203954010254123891639080
209358764762094237447118633904766638214463936584
109172205392056292465818010514656211487613605480
56596686736974329998323455639806743159765551340
29160784276285587544664637353305888375995558040
14940177225552376231987281098824099640984189640
7608176838078229982014916062940936341225778360
3853467021771027595408999554489751007792316790
1940100167589301341152282829079386626246756360
971738948945069089963133625353729445103320520
483840829209548704805028767378956500508322720
239731780901775155793988176941034773283490496
118084644057507091389658604867690306670864920
57897644056344550265001443728454190238056580
28221480693199045874807336068352068527884160
13697518069458582446215710640513024263097760
6609208399458381410824472021992299751821416
3176579692630030679643411312266012243699090
1517729753931211773049318585660653491005760
722619286453179744545353282237543782677430
341987332306189475515605201432520157731680
161357368176201303128458869463262698371792
75664630629067987858204009885845583332760
35391232941169777648215529989579976094860
16448993663898197241019655951207179662480
7630037771931094744561089525467999359120
3515947194698286036025130584399998586808
1617982317588861175649748850383856537450
739416216140808030955275541813192882760
337692459628867460381105163058902492850
153093595598754467574811168710622336440
69413364874293603217038961759355716496
31225677907458404302529831552029472400
14060431226222646513447811404537144580
6277741022757915787529920290088217160
2808217683892905007035682939820417620
1244695785934837764837729234718876032
553302851118940273447175087970573230
243502013027136670609549553953703760
107596281606395795498725536375241290
47023034111304142086035294484717200
20659208090693594859792580044567600
8967139743184342038351654558971640
3918042569895380579859596274302780
1689179937300766094509560494116400
734172499534032059842099393176460
314410863152637067096200758983160
135960599866208561078948154029230
57838645179609802134033748569720
24888899890800809086808218178510
10517591950956794833408703179480
4504514901514778185927935274170
1890825275573560802572210731760
806108691878789756473776020500
336096625599148578524416420480
142652207932623931375824330060
59071461440894880390086571360
24964451173325203252550234170
10265923994006362043113568440
4320431886839239606410035430
1764062818230620939504142600
739402029809544332770755310
299707331869094704243550040
125127495904112532150484980
50338681152845502355084800
20936144652747883381602980
8357234821144081505123928
3462965757523669542296360
1371181024682216023439680
566139368550721179129970
222275882548096250953200
91457535818467900447374
35589718745663923698640
14595146602918197187180
5626488747385305660360
2300091334823608246140
877890293829454565312
357800864076429290520
135122478197629016440
54917618252000021850
20502654497117497880
8311308078913632810
3065224515610519480
1239706343468129040
450979795746027680
182041975707676660
65292727754336760
26310967268990360
9273916743281040
3734940345503470
1295778254137760
521044122352930
176354390944600
71156892274080
23724126036000
9525694956940
3048238476552
1245360320280
396291374400
158123012320
46512237400
19807665606
5973676600
2313396040
594689800
284837540
80211208
28113200
5785400
3718400
926200
250438
35280
43400
8200
1200
80
400
40
0
0
2
