2
0
8
112
420
672
5592
24976
74304
247072
1104840
3747184
11988612
41611360
146548332
468211968
1508447466
4914376208
15735230928
48892082512
152338953376
470828577872
1437336695360
4335619676080
13025569150636
38778455237712
114520838280352
335606731378928
977838585223470
2828396373734016
8130409673075692
23226667967589184
65986169982693758
186368689349710384
523595811569436296
1463267945377762448
4069137835498069956
11259703210454508080
31011558443029218000
85017870548456729744
232044158028603369088
630558325699354973552
1706241215491947203752
4597658110423178247088
12338460235559396288426
32978555589592002538784
87797684738580562137924
232824918793312816490112
615027171083500130509720
1618406348647309522897456
4242523900742882955763808
11079240633660628892678464
28823899488081660466225152
74705732275025396300724880
192892787484067980894404656
496176918205241084212890752
1271491367410966717357723172
3245942888520478064891072656
8254920717885237282361459496
20913220365101819972521613248
52778339927544909394826413562
132680235039725662024706259488
332246681972748996727773747712
828715979311803622023979001632
2058863020737764145076751697748
5094607597796940318250246797632
12555666539648854540104418949104
30817529163771277232483924238720
75329920490964129004449433368456
183371028862038710104716798976512
444496919219689333700854157922392
1072907455572517766683939759051584
2578643967700284300630160366786116
6170718006647644287541296359255040
14701929294841668114193971251557472
34872726734343464531284735731556768
82347162652947458531837479753491604
193571008057119960813382352308449280
452937539665614664928565631323411920
1054920338675930664228493526440004384
2445462525940636251788469744265175724
5642072482796757459219581908823128288
12954736589539816531426698500083571832
29601003969893301170724293025041658112
67305037050188782266397113976700850432
152274439395149612576466526727831653056
342783192134514369084901881180703114256
767714185888877014053861402485347366464
1710571941262177354190106502491730976300
3791567384865553027647630327090786185248
8359985651664741704636009474402513224120
18334750638581840368310024072356398656800
39994507834549129569396326495847381495436
86766979968423517660259901725066128195040
187201808272059605106877984543995573640040
401642301328322466311376635602898380606368
856869889430981134248171702822590465614694
1817641743374627871742292126877034201935488
3833463885357269912800888210824980379093552
8037770979725439083465875385538208826353904
16753760255428246334852367206897347831424224
34713021015558754166844367670384952582940800
71490243742451991720573829013905558939305104
146334248241194406739955109466515913986309488
297687354181700158752351631547718435150071036
601811028912920664346023336429492869313311456
1208969051722621926139284060368692622506070784
2413210632757758539004385371647381811725915312
4785968019106036316249905041048179634709121896
9429923529236975074609539427311943808682827264
18457779814984760290042961287473578635379698932
35888272442255393807820180050113061183280791008
69310038010793506877164019025199638768120045726
132947049495767147811458244301985272222913449136
253261134394868792969256095699803627559756021176
479108386831519339086167588714817709027808986800
899999554227885695028116014529017679126547283756
1678656516072822010541135038287268372247647157456
3108565059142243957933595149333958844288978884960
5714839382697222133096710183889654321952863422448
10429446144016478782726787592206945562583606839332
18892900963212873760164398129124879299220454151440
33969027354358400655601425325004193804123795111080
60615174514360896200211021809007106654795355589264
107339598964492115113118560398781279860395546082810
188618972240084053265911615981233872624189281783968
328869715514252354493711182004670495591513138508092
568907523166769734592860579109893959210691511308800
976348416903134512499771690579487737401280501965230
1662184765569567039541100163875745344070575281384080
2806926004143810360773781871178677748249833971874520
4701382844734902222845097317889468884614153407672944
7809603487743200962208365806651954230816164373672064
12864909345916725934409655883884555329877522608970160
21014762343829562693677038082143153995128961432581240
34036731010440061859832761842527496756593745546887856
54656573096243658293788290730233484998464343054089760
87010917217446642358513246785494846815685558011101616
137311688485080526146585402414033930171102729965429416
214787668823763582683579879486857402917485029853689424
333000575732197603809312439686520389122886296476126478
511658553834296225239213225643913922494734257842625792
779078155068385221562199153317489074979896714582814364
1175475003436825222020455223619918410760947554433985440
1757290483950975646058253027405230634578749578506575666
2602782574221077714675978234727886826484429242008609296
3819117258379173827362288989021655255269455398580537880
5551184936371180373938652270777030739166425993045735888
7992324319510542879671974081825821672696129478943433956
11397053764312795805686111484700112226950042347980295216
16095775880519091202620026278074322999641454207712910000
22511225823755737324178672983542736022845068968414149328
31176170473203482518232540222624316254275230456880744612
42751534008131642304004174709045756817176983823343397744
58043733163342035009818938543390959399573617349872501576
78019572024004899584661774710058680199760721404433966320
103816604700837058297440148017524162163548392118514909694
136746472563771792711311477619324651913410447032498610144
178288423040731843142709628991724593994292047001450700500
230070092430655868783994081402316757507095974763167273920
293832763688514498423523837137233108491022744464231872118
371378765246439723061374830525938318477097663473841468912
464499515806814680009909203580558800335977624494282198648
574883969876887135311619618663434288966173977015903073200
704008863267604624113058047322991255431325740880471423416
853014125715073431735781067301412932936013188702300479952
1022568986930501257826964617789260580770257307444457725432
1212736460446816624468691412576795422663215665703950103472
1422845804794073486291297635188945867841503227266909222360
1651383963215775517845380128773422583902689637904278374224
1895917602197414592229071109576339156789696957908841356168
2153056974903027960185442342937546857364565441925821910992
2418471275591832673082979424529542451092015119937088977002
2686962386613050479747095101415429376254713076516204245952
2952600052117205915128404508489070662555278378463654306700
3208916793776003454720119711350366277294321395856247959776
3449155705031828000609094214260318927049531847515983091542
3666559120824968089003201116792374832838855578643680942800
3854681613954106678780943739082219979227535577082671763480
4007707360648243785681078197669943789604159482859015501424
4120750106577817089687023981527783738332740819179871822476
4190114059715286014719411650323706269976450714055959027760
4213496145344266981505617037714543685507136871604991142624
4190114059715286014719411650323706269976450714055959027760
4120750106577817089687023981527783738332740819179871822476
4007707360648243785681078197669943789604159482859015501424
3854681613954106678780943739082219979227535577082671763480
3666559120824968089003201116792374832838855578643680942800
3449155705031828000609094214260318927049531847515983091542
3208916793776003454720119711350366277294321395856247959776
2952600052117205915128404508489070662555278378463654306700
2686962386613050479747095101415429376254713076516204245952
2418471275591832673082979424529542451092015119937088977002
2153056974903027960185442342937546857364565441925821910992
1895917602197414592229071109576339156789696957908841356168
1651383963215775517845380128773422583902689637904278374224
1422845804794073486291297635188945867841503227266909222360
1212736460446816624468691412576795422663215665703950103472
1022568986930501257826964617789260580770257307444457725432
853014125715073431735781067301412932936013188702300479952
704008863267604624113058047322991255431325740880471423416
574883969876887135311619618663434288966173977015903073200
464499515806814680009909203580558800335977624494282198648
371378765246439723061374830525938318477097663473841468912
293832763688514498423523837137233108491022744464231872118
230070092430655868783994081402316757507095974763167273920
178288423040731843142709628991724593994292047001450700500
136746472563771792711311477619324651913410447032498610144
103816604700837058297440148017524162163548392118514909694
78019572024004899584661774710058680199760721404433966320
58043733163342035009818938543390959399573617349872501576
42751534008131642304004174709045756817176983823343397744
31176170473203482518232540222624316254275230456880744612
22511225823755737324178672983542736022845068968414149328
16095775880519091202620026278074322999641454207712910000
11397053764312795805686111484700112226950042347980295216
7992324319510542879671974081825821672696129478943433956
5551184936371180373938652270777030739166425993045735888
3819117258379173827362288989021655255269455398580537880
2602782574221077714675978234727886826484429242008609296
1757290483950975646058253027405230634578749578506575666
1175475003436825222020455223619918410760947554433985440
779078155068385221562199153317489074979896714582814364
511658553834296225239213225643913922494734257842625792
333000575732197603809312439686520389122886296476126478
214787668823763582683579879486857402917485029853689424
137311688485080526146585402414033930171102729965429416
87010917217446642358513246785494846815685558011101616
54656573096243658293788290730233484998464343054089760
34036731010440061859832761842527496756593745546887856
21014762343829562693677038082143153995128961432581240
12864909345916725934409655883884555329877522608970160
7809603487743200962208365806651954230816164373672064
4701382844734902222845097317889468884614153407672944
2806926004143810360773781871178677748249833971874520
1662184765569567039541100163875745344070575281384080
976348416903134512499771690579487737401280501965230
568907523166769734592860579109893959210691511308800
328869715514252354493711182004670495591513138508092
188618972240084053265911615981233872624189281783968
107339598964492115113118560398781279860395546082810
60615174514360896200211021809007106654795355589264
33969027354358400655601425325004193804123795111080
18892900963212873760164398129124879299220454151440
10429446144016478782726787592206945562583606839332
5714839382697222133096710183889654321952863422448
3108565059142243957933595149333958844288978884960
1678656516072822010541135038287268372247647157456
899999554227885695028116014529017679126547283756
479108386831519339086167588714817709027808986800
253261134394868792969256095699803627559756021176
132947049495767147811458244301985272222913449136
69310038010793506877164019025199638768120045726
35888272442255393807820180050113061183280791008
18457779814984760290042961287473578635379698932
9429923529236975074609539427311943808682827264
4785968019106036316249905041048179634709121896
2413210632757758539004385371647381811725915312
1208969051722621926139284060368692622506070784
601811028912920664346023336429492869313311456
297687354181700158752351631547718435150071036
146334248241194406739955109466515913986309488
71490243742451991720573829013905558939305104
34713021015558754166844367670384952582940800
16753760255428246334852367206897347831424224
8037770979725439083465875385538208826353904
3833463885357269912800888210824980379093552
1817641743374627871742292126877034201935488
856869889430981134248171702822590465614694
401642301328322466311376635602898380606368
187201808272059605106877984543995573640040
86766979968423517660259901725066128195040
39994507834549129569396326495847381495436
18334750638581840368310024072356398656800
8359985651664741704636009474402513224120
3791567384865553027647630327090786185248
1710571941262177354190106502491730976300
767714185888877014053861402485347366464
342783192134514369084901881180703114256
152274439395149612576466526727831653056
67305037050188782266397113976700850432
29601003969893301170724293025041658112
12954736589539816531426698500083571832
5642072482796757459219581908823128288
2445462525940636251788469744265175724
1054920338675930664228493526440004384
452937539665614664928565631323411920
193571008057119960813382352308449280
82347162652947458531837479753491604
34872726734343464531284735731556768
14701929294841668114193971251557472
6170718006647644287541296359255040
2578643967700284300630160366786116
1072907455572517766683939759051584
444496919219689333700854157922392
183371028862038710104716798976512
75329920490964129004449433368456
30817529163771277232483924238720
12555666539648854540104418949104
5094607597796940318250246797632
2058863020737764145076751697748
828715979311803622023979001632
332246681972748996727773747712
132680235039725662024706259488
52778339927544909394826413562
20913220365101819972521613248
8254920717885237282361459496
3245942888520478064891072656
1271491367410966717357723172
496176918205241084212890752
192892787484067980894404656
74705732275025396300724880
28823899488081660466225152
11079240633660628892678464
4242523900742882955763808
1618406348647309522897456
615027171083500130509720
232824918793312816490112
87797684738580562137924
32978555589592002538784
12338460235559396288426
4597658110423178247088
1706241215491947203752
630558325699354973552
232044158028603369088
85017870548456729744
31011558443029218000
11259703210454508080
4069137835498069956
1463267945377762448
523595811569436296
186368689349710384
65986169982693758
23226667967589184
8130409673075692
2828396373734016
977838585223470
335606731378928
114520838280352
38778455237712
13025569150636
4335619676080
1437336695360
470828577872
152338953376
48892082512
15735230928
4914376208
1508447466
468211968
146548332
41611360
11988612
3747184
1104840
247072
74304
24976
5592
672
420
112
8
0
2
