2
0
0
64
512
128
2048
16704
71936
77440
544768
2387392
8175616
16447104
77774848
260493120
834102430
2149891712
8118256128
24321458944
75868745472
211088364416
699891686912
2007502324480
6096065184384
17158613434112
52690487835136
148055319828608
436182966552832
1216833925570304
3560579813684736
9855145382326656
28199552549821378
77570826777628736
219512583739574144
598972222818202368
1670504287167882496
4528392496091328448
12493438232011873920
33617257129336743680
91733809939087529216
245209654884417164352
662785954217934281088
1759723549381733559040
4713843678306861012224
12436445832915066855744
33041911656435223113856
86634682393939292508544
228421166899299562301214
595384312478313634687488
1558662777902100621202432
4039598074369183395717632
10505116754074731265675264
27078117613105575993281024
69979038301153145750815744
179436565397710618096259584
461004994787156845414605056
1176163223624756526099067392
3005031886648791563975644160
7629859697989643220302970368
19391511612927732049843812352
49007953315048373411328049664
123933507577113655598929945600
311822031477708387205842617856
784797314088028387013282775762
1966112918540290073556139935104
4925813423419467403441674876544
12289236881344608901391056578496
30654400246329318777268610623744
76171387470859456231671603215360
189202689962070436052365835463552
468302831679936678919308176088256
1158479344532419248928685157654272
2856459511619114466774765146638336
7038226631009816095670328103820416
17289158102820580656336121427505472
42434474460603022501180891476444416
103853359180743521832368663127120896
253921495957090735797216511639765376
619158133197546244622399608640542912
1508085766309614777333613136240045134
3663752633964094005146179032527842944
8889858746373942924601438692734536192
21516839144504793228172725002280348928
52008841304349213817880341998766966528
125405814835658879883049213767169359744
301939077047204216375727291072958359040
725234100369187712498725174254799916288
1739176067112165654294119058154972111744
4160745516450013949775341687922596751616
9936869932134179551284318118382848639488
23674784227806830168200199109108935042176
56301105665368192460230008066838938198272
133565210279724743820001041655638374590720
316233111087140718337279205905578571136512
746874266850694418893719338971603187229056
1760224764808109574935530320643477287591122
4137993815857091861231063893275068812892608
9705885658986418925495977940422045625428224
22706590863254769586633678284458212315096192
52995148962863090275675205514853421610963456
123355520593451548822387659833916199664167744
286413383017676353074275986377096345031568128
663178810037286397499173658007878019703716992
1531533129483214960138825752800400885945047808
3526853215819665501477479702419073800287389632
8099432164671202691838863682402477771269455104
18545928704022594294221082424162416484363582080
42344629877946779825240842128234569106379265024
96390899393143545558481404605559677847059112128
218766522012080133248612797877953919720983054080
494965205792982340251699176110129210051815215872
1116423269746737055573920002480343839872886759054
2510113387133149165535786553411577027622166325248
5625657394129926961040609694186010923582696380416
12566813476243375580896116960225938581192617284608
27980104687978265394322597485904206213129587750912
62088002661512411517099062036946037966629020323840
137308271010817799073423149593079401675365592430592
302609614566574820509868495392454412967234316284928
664598263350792844312932207943552080957731987069440
1454440997663872449858006775750665442497885050156032
3171644606469486967925540473010615646087627335809024
6891238983375992195256586888347230513779096159420416
14918450739216278236017795514002478360202972759906304
32176512118109943466541920311134212663773574225155072
69140232147309388840287142322728590928316496832927744
148004997100583280799189277568510705039448941917206528
315618376784733861848795319524736937340624811676244394
670450988798357752197741743454377467771620526940177152
1418653861631358642908773674713919469356458234580348672
2989992612616672072418813732079854271062593966525203520
6276725889746993868288472530215948246918672790178312192
13123390152560541831437326346292500660081569916921508224
27327085411285388337198358798862321654604830977192862976
56670372362154805795416323073678191036425616201304906048
117035717363699335513622175680350497663783884861195155712
240692144496787503905453879574282300129038411323674814336
492913047029389802776263460366020852147572380298296152832
1005137475900137534865395471686476474987980674148594523072
2040848808723783468052650470124077401021707990563466891776
4125802846066332592563285333056342801054005506457153380224
8304272346072699979778630915439902510762607873707584798976
16640728973665270922251699829797400676736738869580593045312
33197374477399790203267129083828556320609034558745302835830
65929227009965677064442007122412971278103504784473308626048
130340043258341635040541448805958840529044551224272170654208
256498954752603478244551762669034782019885433517573458514688
502439519157172126720714819075148144070107969440213475349248
979613204858920583320472355135959267823426509079694598325632
1900993091849452359955926297679181879034344096801527598622208
3671500956097258938098616727227345213469891080267480349692672
7057099055106918763727627236660102907699995383033018032014976
13499270105569652176039711618325461311219976046261183957761792
25696736908685464242456361951008899043434679837387220863980032
48675590951036147085026673521459838359461366513282577432381056
91747030875259669228813170184257996785503603687038095472862464
172068817546703846644800693513997909947467300482949130492665600
321087596838252922395926353431198621367011001551799771375402496
596125653459189891476439007753170795821403270579194857129554816
1101099885598001869696038044283639139216679162622761416680296426
2023353942996092303643355505568264631943878018605560492677925952
3698748577254399727242556228306030788034578053204455119442432640
6726003196081470758792340895286190522001966881681028710749251072
12166343862184587747740772398415673361224072616189292369589586688
21889974296645256629665549149476163690474432927031766535158177216
39173637688852691697951484266722828911911283244698180756522909568
69724806913892757307709729982317061288844243544005700822073592320
123426023806574427578096362555652170339997206634857511334710789376
217286796709992587390125603014959714344281848140698089723714680896
380406783148169999510433460929916615545947060925894862016835491968
662266170362742015946805583413546141355354521746466924839838590464
1146482260199949961217615485207109474242617871822568862225326575360
1973483777574698828151456762949207453752672312233789979296066279744
3377631000353204260948272662149801493990792099489239306562312107392
5747568997837592995896806169749820826506861008890746231618023885440
9723674970767306220917739742033282054544752754767510410616132159350
16354293608552047594931826131502152723072331789692085484048929620480
27344444604652678658543918058311419333833895541478284048339027295232
45448881810843533484455775961702735226874431531525480602133626199552
75088750686423052875905686056576181168356623109202680512871232206848
123311880462147349949073791728351607125143940828961369967113646938624
201276977947202874039432266946204880088651486539027524641732373629952
326530079478703136455970058074659098779238243539840440907916771388928
526469187928296413225589540025588503124069745680028482309126253653760
843575902709671410044419937615232259091071933515794058249373347220992
1343252287616130148259381911943658708544232841244020780392895965486080
2125465289745496750526063671407659737161919825528178614297971358277120
3341906195427214206842441851282955844595689145144808733304698112327680
5221065397631849797702858844713246778429715806886526867294284197182976
8104561244444888828641485949137059691650169785158515861103678768466944
12499316799658371047713009520636252774434105260167759309362165293239808
19151834061784006194547346935933767038776619237538987741999884296691226
29152968064313383493364752416814803953273277595915974988669178447859328
44084359518401139084422012595795869457146277568220108562266037848232832
66221154604860059740245159551274270183551387773536776279440004260150720
98809929405214519169288141739360066430464166658653670799452968161284864
146445930233601894721467527633795016508684827791733353002210687703483136
215579886546223841321319451387366791319474626484132152138938095475880576
315191731003729234724986933192605348512234174573248451680975223425857216
457676452906720080031755934159787984400231796566969190399199840914573056
659995757797235023014357939590764047989523383801204760749536556548101888
945157762940117849835802041017444357878259336345076476324338767506896256
1344094947292192586471488077163649693962375264074409224432942905303744832
1898017037667327993631732377865961746066809502287723873811056096719629056
2661319176974499269007485581877673067487698156051506492029875296863410944
3705124979458440009382448130568718629903075440743739777283497645123630208
5121537005232485641963181229349040865430704265798725841419096019534326464
7028651589513187627077367308087641840955752955967880867434204119372406918
9576368492874918880003465640013310564915936910761292836364914461035793536
12952986170436132867694153553306490564065332468762416033311398095763620352
17392518535386746741675855521974075654252670428227379694760183040662050048
23182597459140086222708198319557608087210424406926847584552804693693205248
30672736441360753867002630141640174715004454883719068086977764472101945728
40282625862803733295144994554647351498980283478955522443887779757696192000
52510011844545143424981814320505524883663622509034934846176815357154292992
67937584106831452656142168803270158011431327108875808375888031011702969216
87238171062174989816024746764716969536151302252571907613660858409723101440
111177423107964588278057153963791756204483941769697990573837478258122144256
140613070680039640619719736037890454088016154215657450820628255292141658752
176489787149221423513823668786754676236728185132869173212606950805929958656
219828684359819792870142778515822340013015600175731652197739629073911546112
271710536731665480821542669814539803432183210258543084045290450945568450048
333251982859011189333611040753673647090711238547178805756707776118042706816
405574202234333409234667130658380138515868979897500284589379679442441380762
489763914092163208343172685048186285479571827830891006745670356233881655232
586826992527696744733288665458842596025153672996776585146375118910228317696
697635524511416791212306264330093942245946004572713333827165323009804531072
822869731962359569499130498203155844165179510403719621222855793023147195392
962956801450658297220179726299758801976140882030685995023848381548169251648
1118009271087658863831645895996112580232378759864879251385259653473989706240
1287766161568088625729155862004983739527236101851769112565019684396454649216
1471540450641812115411804735373022182640073603812970548071971587580119405312
1668176721359555491383493430096197610761376811677256681899019170743392484800
1876022814056893707813762997923970250229775487321106933845668838697147680256
2092919041928645700417403158277582267518648989818787321066197375238436242304
2316207969583514727487056639446800000499299746180144788946189877913384425984
2542766904984641699651479024736196891285448347912497766157861841680396090048
2769064145112271002610969544119171871060402761424178129148032037233040169472
2991238698453208566770319742589649284057403121592805952973708323487776160256
3205201761659279837678373322317321710474957193342174453496967616184442861638
3406756752156644016266946856501227945517570833627593859402230655776950951936
3591733304715951744527740479759456427321825028050773682261715819658920857600
3756129443116837774018069386392451793310408537713456897517314128126282536960
3896255246057240601108565909502753378427718824558733653198052817167408508928
4008870829490537330202271297154786304840065257013474109490303806363275603968
4091311428066505639192005994985149266385260024979286857234304069482323365888
4141592803499904910601524926566713654938515098632592375541746010575203391488
4158491124992305777042787073189665716534652230426521834213678132360700668928
4141592803499904910601524926566713654938515098632592375541746010575203391488
4091311428066505639192005994985149266385260024979286857234304069482323365888
4008870829490537330202271297154786304840065257013474109490303806363275603968
3896255246057240601108565909502753378427718824558733653198052817167408508928
3756129443116837774018069386392451793310408537713456897517314128126282536960
3591733304715951744527740479759456427321825028050773682261715819658920857600
3406756752156644016266946856501227945517570833627593859402230655776950951936
3205201761659279837678373322317321710474957193342174453496967616184442861638
2991238698453208566770319742589649284057403121592805952973708323487776160256
2769064145112271002610969544119171871060402761424178129148032037233040169472
2542766904984641699651479024736196891285448347912497766157861841680396090048
2316207969583514727487056639446800000499299746180144788946189877913384425984
2092919041928645700417403158277582267518648989818787321066197375238436242304
1876022814056893707813762997923970250229775487321106933845668838697147680256
1668176721359555491383493430096197610761376811677256681899019170743392484800
1471540450641812115411804735373022182640073603812970548071971587580119405312
1287766161568088625729155862004983739527236101851769112565019684396454649216
1118009271087658863831645895996112580232378759864879251385259653473989706240
962956801450658297220179726299758801976140882030685995023848381548169251648
822869731962359569499130498203155844165179510403719621222855793023147195392
697635524511416791212306264330093942245946004572713333827165323009804531072
586826992527696744733288665458842596025153672996776585146375118910228317696
489763914092163208343172685048186285479571827830891006745670356233881655232
405574202234333409234667130658380138515868979897500284589379679442441380762
333251982859011189333611040753673647090711238547178805756707776118042706816
271710536731665480821542669814539803432183210258543084045290450945568450048
219828684359819792870142778515822340013015600175731652197739629073911546112
176489787149221423513823668786754676236728185132869173212606950805929958656
140613070680039640619719736037890454088016154215657450820628255292141658752
111177423107964588278057153963791756204483941769697990573837478258122144256
87238171062174989816024746764716969536151302252571907613660858409723101440
67937584106831452656142168803270158011431327108875808375888031011702969216
52510011844545143424981814320505524883663622509034934846176815357154292992
40282625862803733295144994554647351498980283478955522443887779757696192000
30672736441360753867002630141640174715004454883719068086977764472101945728
23182597459140086222708198319557608087210424406926847584552804693693205248
17392518535386746741675855521974075654252670428227379694760183040662050048
12952986170436132867694153553306490564065332468762416033311398095763620352
9576368492874918880003465640013310564915936910761292836364914461035793536
7028651589513187627077367308087641840955752955967880867434204119372406918
5121537005232485641963181229349040865430704265798725841419096019534326464
3705124979458440009382448130568718629903075440743739777283497645123630208
2661319176974499269007485581877673067487698156051506492029875296863410944
1898017037667327993631732377865961746066809502287723873811056096719629056
1344094947292192586471488077163649693962375264074409224432942905303744832
945157762940117849835802041017444357878259336345076476324338767506896256
659995757797235023014357939590764047989523383801204760749536556548101888
457676452906720080031755934159787984400231796566969190399199840914573056
315191731003729234724986933192605348512234174573248451680975223425857216
215579886546223841321319451387366791319474626484132152138938095475880576
146445930233601894721467527633795016508684827791733353002210687703483136
98809929405214519169288141739360066430464166658653670799452968161284864
66221154604860059740245159551274270183551387773536776279440004260150720
44084359518401139084422012595795869457146277568220108562266037848232832
29152968064313383493364752416814803953273277595915974988669178447859328
19151834061784006194547346935933767038776619237538987741999884296691226
12499316799658371047713009520636252774434105260167759309362165293239808
8104561244444888828641485949137059691650169785158515861103678768466944
5221065397631849797702858844713246778429715806886526867294284197182976
3341906195427214206842441851282955844595689145144808733304698112327680
2125465289745496750526063671407659737161919825528178614297971358277120
1343252287616130148259381911943658708544232841244020780392895965486080
843575902709671410044419937615232259091071933515794058249373347220992
526469187928296413225589540025588503124069745680028482309126253653760
326530079478703136455970058074659098779238243539840440907916771388928
201276977947202874039432266946204880088651486539027524641732373629952
123311880462147349949073791728351607125143940828961369967113646938624
75088750686423052875905686056576181168356623109202680512871232206848
45448881810843533484455775961702735226874431531525480602133626199552
27344444604652678658543918058311419333833895541478284048339027295232
16354293608552047594931826131502152723072331789692085484048929620480
9723674970767306220917739742033282054544752754767510410616132159350
5747568997837592995896806169749820826506861008890746231618023885440
3377631000353204260948272662149801493990792099489239306562312107392
1973483777574698828151456762949207453752672312233789979296066279744
1146482260199949961217615485207109474242617871822568862225326575360
662266170362742015946805583413546141355354521746466924839838590464
380406783148169999510433460929916615545947060925894862016835491968
217286796709992587390125603014959714344281848140698089723714680896
123426023806574427578096362555652170339997206634857511334710789376
69724806913892757307709729982317061288844243544005700822073592320
39173637688852691697951484266722828911911283244698180756522909568
21889974296645256629665549149476163690474432927031766535158177216
12166343862184587747740772398415673361224072616189292369589586688
6726003196081470758792340895286190522001966881681028710749251072
3698748577254399727242556228306030788034578053204455119442432640
2023353942996092303643355505568264631943878018605560492677925952
1101099885598001869696038044283639139216679162622761416680296426
596125653459189891476439007753170795821403270579194857129554816
321087596838252922395926353431198621367011001551799771375402496
172068817546703846644800693513997909947467300482949130492665600
91747030875259669228813170184257996785503603687038095472862464
48675590951036147085026673521459838359461366513282577432381056
25696736908685464242456361951008899043434679837387220863980032
13499270105569652176039711618325461311219976046261183957761792
7057099055106918763727627236660102907699995383033018032014976
3671500956097258938098616727227345213469891080267480349692672
1900993091849452359955926297679181879034344096801527598622208
979613204858920583320472355135959267823426509079694598325632
502439519157172126720714819075148144070107969440213475349248
256498954752603478244551762669034782019885433517573458514688
130340043258341635040541448805958840529044551224272170654208
65929227009965677064442007122412971278103504784473308626048
33197374477399790203267129083828556320609034558745302835830
16640728973665270922251699829797400676736738869580593045312
8304272346072699979778630915439902510762607873707584798976
4125802846066332592563285333056342801054005506457153380224
2040848808723783468052650470124077401021707990563466891776
1005137475900137534865395471686476474987980674148594523072
492913047029389802776263460366020852147572380298296152832
240692144496787503905453879574282300129038411323674814336
117035717363699335513622175680350497663783884861195155712
56670372362154805795416323073678191036425616201304906048
27327085411285388337198358798862321654604830977192862976
13123390152560541831437326346292500660081569916921508224
6276725889746993868288472530215948246918672790178312192
2989992612616672072418813732079854271062593966525203520
1418653861631358642908773674713919469356458234580348672
670450988798357752197741743454377467771620526940177152
315618376784733861848795319524736937340624811676244394
148004997100583280799189277568510705039448941917206528
69140232147309388840287142322728590928316496832927744
32176512118109943466541920311134212663773574225155072
14918450739216278236017795514002478360202972759906304
6891238983375992195256586888347230513779096159420416
3171644606469486967925540473010615646087627335809024
1454440997663872449858006775750665442497885050156032
664598263350792844312932207943552080957731987069440
302609614566574820509868495392454412967234316284928
137308271010817799073423149593079401675365592430592
62088002661512411517099062036946037966629020323840
27980104687978265394322597485904206213129587750912
12566813476243375580896116960225938581192617284608
5625657394129926961040609694186010923582696380416
2510113387133149165535786553411577027622166325248
1116423269746737055573920002480343839872886759054
494965205792982340251699176110129210051815215872
218766522012080133248612797877953919720983054080
96390899393143545558481404605559677847059112128
42344629877946779825240842128234569106379265024
18545928704022594294221082424162416484363582080
8099432164671202691838863682402477771269455104
3526853215819665501477479702419073800287389632
1531533129483214960138825752800400885945047808
663178810037286397499173658007878019703716992
286413383017676353074275986377096345031568128
123355520593451548822387659833916199664167744
52995148962863090275675205514853421610963456
22706590863254769586633678284458212315096192
9705885658986418925495977940422045625428224
4137993815857091861231063893275068812892608
1760224764808109574935530320643477287591122
746874266850694418893719338971603187229056
316233111087140718337279205905578571136512
133565210279724743820001041655638374590720
56301105665368192460230008066838938198272
23674784227806830168200199109108935042176
9936869932134179551284318118382848639488
4160745516450013949775341687922596751616
1739176067112165654294119058154972111744
725234100369187712498725174254799916288
301939077047204216375727291072958359040
125405814835658879883049213767169359744
52008841304349213817880341998766966528
21516839144504793228172725002280348928
8889858746373942924601438692734536192
3663752633964094005146179032527842944
1508085766309614777333613136240045134
619158133197546244622399608640542912
253921495957090735797216511639765376
103853359180743521832368663127120896
42434474460603022501180891476444416
17289158102820580656336121427505472
7038226631009816095670328103820416
2856459511619114466774765146638336
1158479344532419248928685157654272
468302831679936678919308176088256
189202689962070436052365835463552
76171387470859456231671603215360
30654400246329318777268610623744
12289236881344608901391056578496
4925813423419467403441674876544
1966112918540290073556139935104
784797314088028387013282775762
311822031477708387205842617856
123933507577113655598929945600
49007953315048373411328049664
19391511612927732049843812352
7629859697989643220302970368
3005031886648791563975644160
1176163223624756526099067392
461004994787156845414605056
179436565397710618096259584
69979038301153145750815744
27078117613105575993281024
10505116754074731265675264
4039598074369183395717632
1558662777902100621202432
595384312478313634687488
228421166899299562301214
86634682393939292508544
33041911656435223113856
12436445832915066855744
4713843678306861012224
1759723549381733559040
662785954217934281088
245209654884417164352
91733809939087529216
33617257129336743680
12493438232011873920
4528392496091328448
1670504287167882496
598972222818202368
219512583739574144
77570826777628736
28199552549821378
9855145382326656
3560579813684736
1216833925570304
436182966552832
148055319828608
52690487835136
17158613434112
6096065184384
2007502324480
699891686912
211088364416
75868745472
24321458944
8118256128
2149891712
834102430
260493120
77774848
16447104
8175616
2387392
544768
77440
71936
16704
2048
128
512
64
0
0
2
