0
0
0
0
0
0
0
0
0
0
0
0
0
0
0
30
840
11760
110820
804510
4901880
26581800
132971640
624851430
2784306120
11851213800
48514680420
192041556420
737855511840
2759698234200
10073700653160
35970226972080
125874115909080
432355043256360
1459643269682100
4849369143556380
15871610553462240
51222415621369800
163141720028106300
513173485253509230
1595341568226963900
4904561720370150480
14919216880886037900
44927549875920599400
133999527062127059160
396007689534828614200
1160071801754400043920
3369806320351740756810
9709790605790629336960
27760983621893767805160
78778065873263422946100
221941140044619487197170
620927373611704524454920
1725501415979021290048080
4763822267361889075624700
13069212199637287979751150
35635184026368403815711480
96587531076624759234871360
260283905415663124797830580
697468876051953936040953090
1858730219916025928918422500
4926977559751425312238402800
12991891834409968067672792580
34083416780154137360766399220
88969419067682467843729623060
231105413084879282578801438440
597438323244122091272371141340
1537194038562327275264941167300
3936890775752678528361940219440
10036932272369276340954473886040
25474348356918227683304364016440
64370795933096210908469273598450
161951684121279013151843849833360
405712028790279168571677145881840
1012066839747496158367376136116820
2514088692785050354457457299863216
6219442756280830098831038173399860
15322848282254443607980318617508320
37597648104715075342554129434257420
91881782229038841587919160952561730
223644671803345759972003677603350268
542199958082437913930881864237760080
1309308842086987361629568093774778900
3149306538511598855070714363655085940
7545449813860326872727532444870921420
18007711689544585009177706357368829472
42809450652875354647487820405150758940
101375216477043450185396490661786673660
239131619555635685316898763058872683440
561896270527270069397348033658381496200
1315191297605487604263809239449641339456
3066435965995417182364402257017391816660
7121779583645847396710324560748907871680
16475901720427506805707966864546559695760
37967432328199589270911297921455247213020
87150312678831426035489434743931162076868
199257964065918157232119618761092402293120
453778398351898317652885493444106596724240
1029306668964942030873087663835675602230760
2325461487672233243506741113736402597688910
5232709319793312601348727773145589000179580
11726975944627093084296290796940727305054440
26174325827182262999147529816955111455049360
58181155644501733782380437189661999041215990
128793264600614232873116695448281853737181520
283918598121112694864872096166479742762856600
623260600288044077137015864100380982110530000
1362402046021748377817596881905949522188392350
2965409934526814323334269691130617626293183940
6426751840855955274704582921784874997167163880
13867834478754927235869000118314303420444847764
29793298794744634120727416931544552338253178030
63724054353610966754190106245131323348720684620
135689013307778859481065054226386681328821174960
287623032661477868876837379057429281143094021300
606905636373829569219993257101233094528744717632
1274728534813413229395559835393090548682485321860
2664976857793540580878783377326590234573004094520
5545340823665648266323694624938859859468898439260
11484225230727861731119639672795055686440208150170
23669721247564625763641712847724681987246166702700
48549152643157803107924156028647430725136723562560
99093710786976461515495803856708971780811988459160
201263537397317499928685345167476529917537874838680
406740230534095183472595972112304550795333995009280
817862770249582108786399136184193502776638487577088
1636187661579154463409543226107034808471116856665720
3256514925203633389328099843295632686217983942711710
6447896858419583660134426446745905931903939621935300
12700059483966593447323611477511105513930438786123000
24882474437794013423593543293830553625256947647290700
48490744814958830610605838780459354522440075329118910
93989389586798989121915269204547259656650320534205780
181188476613714425734390024450907955422043529925330520
347368995371230380840636153237127578075942848485394820
662273098461315686180175091152209188592126259002166184
1255583194872855490208757258227655886970598448081252860
2366970356003602571623463751682161979192074747308927040
4436654482111260703254570588177311265185503414267451760
8268186777116299331157016082542476447262449962151762900
15319096330658250757197712173802412304891140337881498148
28216323877517019547649937562738666019034639893921100680
51664027099724228874512908862801644904256960637013787360
94031345189867404304089924970984100367323958429469793420
170109885836298298551850083532490810915912305446211003060
305868547841821074961305306152461377056099197356646523784
546593197876437036655872120469886243033081305747362910680
970718812097773518790414145462494388150882464762911950060
1713160694763384232686889991378353035751397680905559251600
3004372137906262207007695515842996317126029452858521721280
5235230205466013273999034718791708036155988961078781236392
9063995332602308174180204154355691518365110715673547580750
15591242667366677020073117131889338703348084246661934155660
26643681578709022239315810022224178156738594501004404550000
45230918638333642929217959348141562637717909322555229366980
76274510271189113798412577267864904919841946375318237624220
127761919003682168488918628810185295575305328754437303251420
212557532334061199639947590577859817820334719393403711793360
351220383022998176604672335974354934391258480405107066564880
576349743838614533988318669849225110222119253785336790979190
939227281407085236087699347088669817412143243386741102670932
1519877225902406654902140669097824227829912458534121682196520
2442162395649904566925573946442760093809195875124647206791840
3896223040805317351703604047546163934712451823275118500853410
6171508734960835556165679358438994145465216064665109889023200
9704925474698295764090346491198406845812691899776985971316672
15150308097451178400748010255333742455284437285888188907050880
23477630048575291801316793646916688625803291300299550657602250
36113181854190954623561210256515971815558161856935364229364820
55135486150708008773616517503865076902364308560760511422811160
83546052404800825595061824531295325943840221782404298158293848
125639250952052983668967432111216053438165042492590664038535060
187501578251423799653049842951943640261922146544531212123564080
277677263248821936636002973788663408049770633883645435220237680
408044249471802398941444317854783626575002418250871137040698560
594951601052259057611654289451317431716005311126646917117137416
860675594968849688544020359321793681536149099720023546260780500
1235256151029142476429445287588646876546376233276322193202935600
1758776460727095757119166747753487168525171327377442997435602880
2484145016310451747441032641097103368128740801639441110864449760
3480428722890102313752148232139683932425132092142383595802720656
4836766203204751542110139550995607831096704409277867763949123320
6666859539009344955797040723788681791180187855762023748941131960
9113998504317700375935174284874003620988609707133789349849075950
12356512346743117680430617218807706833531474290998560920610968320
16613469836935547844211906979820413426470063093794948665398930560
22150359539235873769602444941535574142550697104035957831064950760
29284381887416054824489110569711296012519229937198090135319632750
38388877867327294636160900883207074627271970448876743643817433200
49896313773959324924791205954369631673263574936094476747766432280
64299148239669663309789272370210969194328647132697780930025077408
82147839655002894838119003764968450676788052890453050840774915570
104045224221296666062976305519789094189408779115691570883906198240
130636522930753739060022926642037662540305632056964822509705373840
162594334665386934686158844395270425024660295667249618716120665600
200598154390718571599577143853004493889191683795496559737783940258
245308227017073461534207304224508096561564638291507902898890005360
297333908395830396981765578808651823698885574987171409963047180200
357197145112675580041377957645363945698819285685693622457337843440
425292183337920926930834363019270976807406775885293298299924134110
501843141775581460846169450377427187139183168347305259811262276160
586861592064407532608594013917746120220964605894896670292941272160
680106731147528572021824713921570397797407814575432653225408614520
781051049408358786169415387775764262051688285449769241491017500610
888854542321220949774395214009642217281221595124937941248327962480
1002350436120200172529120697690621054080368262239701751219659816472
1120045067862308982021355389529345516171305142420078179169306126560
1240133965816692052892455852100208775283758100369710135820910760710
1360535330814785320033935022222374382972199332193253382834277604960
1478941063772370190447896562810639680772464567429439481983404299520
1592884286434844426220361777306154975035734095697533456406013633664
1699821051655057317656331181340115740554491856682978999491921752450
1797222741956135375894718048453788208782802924687513441488474857080
1882674622284210167947614430865853478139934329878908000308388142040
1953975250410906021890029279532094787926103989942995071815047887080
2009231044271449129258593551116722387550960841960440412343108242538
2046940318777722036371978272226566005098686312140148874354490334480
2066061557473795605674407064693381454272185215113603744245517601360
2066061557473791550933629003665220782871366496014011159707204580400
2046940318777712272004352653865536141088407853177697561561015692730
2009231044271440165124304319090967625722830340923027366911410616648
1953975250410906582045687088207790364762227260164376699052114103480
1882674622284228566763131617176965768239357034587937982728881526480
1797222741956176833504950995637753834809655854338555858404422495650
1699821051655121909684024096833736592549822160262223444185184571080
1592884286434926220725941774932922042174901192835412124245389742240
1478941063772457846367840714729269026443760013304679316214533641640
1360535330814864071880872826758854171529047988006125029897651751710
1240133965816746669982965093132690838313498883130050972269739406440
1120045067862327047669849130328799226316994755139055640778963082120
1002350436120174938748405973373810678452790825532657699546490246464
888854542321153107796206840898984657420930641992664322602021569350
781051049408256732629327113829908092182334786110850919560429421680
680106731147407087562491192768039945013646402016691155401561793200
586861592064285143341927939953002210404554906119097291257978920560
501843141775477040811389154588841240150789437856754224052951822262
425292183337850255258335038603089033960656033920614426034820750080
357197145112648558200258016742237820758002362261404305537538382280
297333908395849466947234760465525208581384566602671354966831040240
245308227017133489563597534794335339538456367131939091857725891870
200598154390808143476373824450181362265112737708447807832249464320
162594334665490720907921884592148069005726980572642898312694066880
130636522930855395120091071249245482362094616660882923167643059840
104045224221381668827827073985453039895513817625636542037359423610
82147839655060783927067100916334257370513208142778256029332838760
64299148239695328552460582105841130772035945212701995630298938984
49896313773953208547761233546698220212530833451388133267620738520
38388877867294604559872125643390846478107343069267385256711502270
29284381887365264178763461200742593607574888678410493857389983560
22150359539176880322301821447276039136587503189191210794902500480
16613469836877876109552980991833141879657453781777944370340448240
12356512346694477815242260086321443034418241480057005001796448450
9113998504283098618134356256892962627066846108468431543487350920
6666859538990803408772564467748157871011208295780677486436668440
4836766203201571977464422532549107786165771451820974128995212520
3480428722899521630264614686261659527837496193393610763826883006
2484145016328496291374150094681349065267907935754944816042626240
1758776460749446407981363652398787374480233005198349572299485040
1235256151051861567913270658153739197723666860765356723254063200
860675594988879187571932769052228499474358346965779813521336750
594951601067661026749926743531136091700357368051234269856258392
408044249481764946139564921505152218707639410550445549291265480
277677263253488833181662943368512611326712442472389892383045480
187501578251621386273299691528344519553076265420778811982105810
125639250948986083135034636586445183150822700676266652458325880
83546052399775112052580926995228477980345825288152303651568896
55135486144915770115457663319799446698230998246128795389206960
36113181848575973104906149239838720185629977869659995264865010
23477630043774789036729319755215279856920731437685599402291600
15150308093800657303460697025511104472631691685325259073565960
9704925472279137309998225889554113196617225618729499890051560
6171508733669858327125984889577291746026350356298483197200320
3896223040428599312795775294567636649108762129985352132898200
2442162395928251801885812410609944985918738020314557029472800
1519877226581372479739541221740040611569408015411905706234060
939227282269285772917291533738280035553920751153041212646072
576349744719643421807548982255033592327360199170449691030200
351220383814344003928342237885254132998560900874468702305440
212557532977234361189726305176140163079865312059871746005240
127761919479589472972770912194303855476407865980594720596780
76274510588039562608723046927252298422157306353662251631472
45230918820359815793148102843915528523134938269281174036360
26643681657003698644871871061308548936016624434989568662140
15591242673321304029882282181295247153105747680861449947990
9063995293859119678331621488790719617823191650553827910240
5235230143960118042241272779632544982749404748140217588208
3004372069436682190622531640409456342096747804146280031040
1713160629535800777217391286786899706281812182545426642190
970718755768506495162346745863838010715282163670230803720
546593152749176716217642223743986563607216594805238655800
305868513992078822005214697501799340158876617796559209260
170109862043470351859446601595925815782776339309643884570
94031329634916902108775909565570327545842254550406276240
51664017837171297615832320712024403614886729575264754400
28216319117888457526963136734298776035405363746237953820
15319094579742169818930403075269778103019583437784633620
8268186877402654270975638841416810676248680555515623060
4436655594795594132844630424460686769396661618232473280
2366971912640270044891539493316343533434173030621075660
1255584838607049115471744237711297254492896737518041010
662274627017409425951037280691245612722512876590993040
347370312117592429136027623747542018360119590613287920
181189552020862705966719016618797451642752090717188280
93990232955492785761191719968850209855179215310218980
48491384881254960004346090862796915755452537501562000
24882946985678989075722678582052206385292951392620456
12700400099779265623153810143444052387589865235907180
6448137211513675579878714647350999771587453789492180
3256681302074672018206451551847116593601536298848840
1636300822614512590065863238942988244913358457292120
817938493326519095023518883078196484984516911405772
406790136642853295339944980301887091428921001478220
201295961247577677600453725754346827923581479359720
99114493107071615577957793212337810666027318689600
48562302754812251603599915172747349621386537545860
23677940299219128263041791863359468741254067879016
11489302054270610369163449879757054498173214322860
5548441364458749064194867166646297461365906102360
2666849843761977087700700980051353128827190370780
1275848083553686161873088173539784306302734330770
607568017864277537307272911813666094287021461228
288011060644472558985983445986727558816263725320
135914141537812978616608575878967861807415535940
63853450703034679827310389242644448147560701330
29866994871913569541946931349241653203085814720
13909434629947237085496666717410487609880399584
6450030900306153638907566780372054364399898680
2978326348227938096656606964580821489733278600
1369509363371228717647726166980180768526850960
627139720410063444982008452865179852340102960
286018974996832357719402562597834671742984404
129921673570327345105333576783819608380511030
58782754210215975348045124649646807708467580
26492658018053757852599844506611482214425000
11894180258982536243688932060223422513750100
5319898979953102149289102065203699646918624
2370604177478180412733683011265821541561540
1052516296364185110121307640955610996626800
465629444010550252323789376025250337873740
205268361450266579446377312189876759989890
90178288766019776288805841752486302401308
39482920678017474910516574480231230008360
17229506184996318577922081710136476212060
7494147504501461093195622196955251134210
3249276857028475414448169382904858028960
1404417896318851606212818557799168174888
605173877320880726080341871631544787920
259997167946851909819157514659717060250
111375543095162773261443689983685427960
47574532753923435750416703841598631000
20265112825028468470123543077562861716
8608833941836733437295756047009364690
3647401832790235559213922677866227000
1541340288749318778925681814615774160
649691648224973298291061271268032240
273176307635327174263043893958198364
114582030449152316680813189467723900
47947287122390732866926579021947120
20016378139893351426946023982192080
8337256659262277477127836364887580
3464666567080856353127960532401984
1436656967385383382761782015746360
594375089358368207061233188660320
245388385822394791611093470431940
101080007574139499303121557800380
41551949483556497624764386418608
17042059590135451837096354370300
6975814955174992575155015986620
2848666083153007585595258830740
1161070808158889203894028211920
472061674772044497498310805868
191576562191901312790303599390
77541630914114005522434728500
31330932260686875396243637440
12622916732218434377303938380
5077487568162887095144261120
2035885166818765115370047340
815152148545165092471416640
325213458407741304432347480
129594464125634642414729550
51431851591357618913723256
20394426865691647649342600
8049077489540599633404960
3175471437109241645401260
1245907391344936349180060
488931365781637256067864
190634536845239397214260
74399794164130331873820
28814563735479056212980
11181569094041748625920
4299420310676921444532
1658483357172075392430
632768248240820375340
242596010188074605120
91777708105805609280
34959297818876727570
13105763537025555500
4959943265937481680
1840406757404960760
691589892538450670
253906798130220108
94789900131263400
34341384112022680
12720532357758150
4555352804926560
1676930355628632
588883646392200
215004346286520
74802221291740
27138871479840
9115896734748
3291552379810
1110368360100
395501968200
123792412680
44924020500
14740208460
5057714680
1401676800
540991200
173368400
53830200
12019080
5799900
1758300
423000
63920
56250
13800
1800
120
450
60
0
0
2
