0
0
0
0
0
0
0
0
0
0
0
0
0
0
0
0
0
0
0
0
0
0
0
0
2
0
48
0
1082
0
17856
0
266352
0
3497088
0
42405184
0
476530320
0
5042983440
0
50564978336
0
484039728040
0
4445534989536
0
39355321108828
0
337067452865760
0
2801961527995292
0
22667257607681360
0
178855846689864288
0
1379020631176462480
0
10404914638186132048
0
76912324940108701120
0
557444513719216716304
0
3963684634144224002336
0
27658781708004527656472
0
189437240337518726332240
0
1273472666124162519547414
0
8401254473348495867021680
0
54377955855380333340732318
0
345210956718888381455986112
0
2148621523287280679620829084
0
13105609894201416923204515280
0
78300897270891594456676552804
0
457998251543043575626186902112
0
2621268276914294067980931533804
0
14671080550821884209407050290672
0
80252560808236620070707651605588
0
428782326623566106284591099630176
0
2236267122364566926027150338217440
0
11377327014896874248150229892920656
0
56428867322817764456971819531352592
0
272656611836013957708381654526510336
0
1282590915528198523729434055231925088
0
5869710249770987274030268073205036272
0
26115360247762431231767941275029391536
0
112879899961892696451641155679574219264
0
473658279103349968208275740446246164416
0
1928079653156944299451803738106728158560
0
7608108344833815327039384151565681886384
0
29080272817990392635744365872221091536480
0
107588707792562419557562331964435309784290
0
384996193916187330806308582172153971082112
0
1331503184711575648491947335979631094001082
0
4447322565957816365133122453355957732766784
0
14335117008824986871915355839509437412093428
0
44558176876985009661775207879072012791813376
0
133461907809854894386533827307949275371922620
0
384924089878720431097368569350633856373302896
0
1068242684714051225555847714737981603277130646
0
2850608003133893723145269159280454414454146928
0
7309393353311511496808096876680402497454180342
0
17997589401135307140419859582135955513238531584
0
42526577441024707045890283957587083260508266352
0
96373188689655766266692253861197530669407770880
0
209340283735436228375659903316324325577911679008
0
435629723524313022540488264739834987728987615552
0
868031936560350592375962552903960283159598879966
0
1655436846718442894259957079356416423797917884192
0
3020473148596766566429499356047011740635064532102
0
5270752652343176990480403290909039788086264092032
0
8793868754998249823175794154536257972765842012340
0
14024816338780799840445910716359324491946012634208
0
21377218386575669521370615486620728225113465502524
0
31138412128160911599263878730373981040592117653616
0
43342640021657261934242003582608104084825137676958
0
57652519793810910488120874204662922312597354062832
0
73289790505778637895625168531183567622854943889198
0
89054613566189210627743662119719627274695564276416
0
103454425562918337583657725929777223352523251239640
0
114931406140195352758016174553019611175757117275872
0
122142454200991786882710789633452428016172103803528
0
124221439829070847531952898500797899060717947049280
0
120951964695705722936784121922192606209479865981898
0
112802604885417260213164142750925283504667133332128
0
100817422787463399017831112730851209973509775274082
0
86396846393843417232783296946324375713252982724416
0
71032134069550678842536008450530256201881374399300
0
56061765106278987531554956839724376915370024816896
0
42501427860731498650923842557326865478720523328316
0
30970129638698308265187441465639711971985220458256
0
21705490141265614024933685029819002673442344079818
0
14641060693650116167198180598839827512224868730000
0
9511407921678682255010776496953172416286196231866
0
5955000625487083670930539416973229802173179139968
0
3595674358863043818440244951590593979744481526280
0
2095258791612936734573966367316861537553300172128
0
1179099909608284756081586904195336987726372182088
0
641231527057810200379564816734653450174257458752
0
337228605594458115985697172562025457107045616058
0
171621179825176158349646026506981215734287608736
0
84575233439400942164625335387842965454044042722
0
40385657198203444358880468464762914792055072832
0
18698427128703833381285611094997719144252609220
0
8399542409207749921459604302625957255919456192
0
3663140535065481108768664223831657570520485356
0
1551921231194607127574073452091922168771600720
0
639102481401215247868607637665877676462614038
0
255987314675613999183416999277717128126625744
0
99786459096543802882642610582907400337006166
0
37877721113990256317652892588436897159521536
0
14008921351906816351911157243884967245085472
0
5051024684060782617503141288156575146149536
0
1776435044298026020076950833921451672201712
0
609749123043852693570621156603808449408800
0
204370376343846242044543225927583079040230
0
66923483587932675120516160747054601526272
0
21421902666033660673851105150527756196846
0
6706220259758403367123843485785155340736
0
2054261243681375652835422986983092186908
0
616036002344161650874013357779603434624
0
180942438314809130958827136640363916340
0
52079549538948038274685567975103277136
0
14695771651380025350347683506780595762
0
4067426265698611308869062203816286160
0
1104716687682411623894431594087472658
0
294568496514155807659986850817876992
0
77148016197987528479751629942433200
0
19854737348331749385602150145252608
0
5023440995768634430599462066757120
0
1250063475433612283086722650891840
0
306091280442452976062522632869336
0
73782044988009348626613039471792
0
17515449893793951805861662346840
0
4096839599396514631416163944640
0
944527082400106293773990705004
0
214729144320302569501293445024
0
48155102591898398754848023092
0
10656624133639787659941023808
0
2327872071643267050482443786
0
502086658111341353884216496
0
106948659268830269520476066
0
22502056526044715119042912
0
4676988004393558018093292
0
960341313160675085411392
0
194800046256160429038396
0
39031192654165601604592
0
7723617224639816937358
0
1509036846476736283984
0
291017294017609451814
0
55369412323330372864
0
10389561029918530716
0
1920994380785547360
0
349950900035624636
0
62693373224631008
0
11059185601212632
0
1911110070058688
0
325664083291680
0
53880656619712
0
8867108815164
0
1384621738704
0
221527271732
0
31691998176
0
5046503458
0
621564528
0
104214834
0
9763168
0
1918924
0
108144
0
29780
0
624
0
338
0
0
0
2
