2
0
0
0
0
32
144
0
130
96
496
2336
6152
2112
11232
12864
47480
104832
227040
189568
627040
893888
2405136
3929184
8409480
10566784
27008704
40786624
92820584
141397792
298333872
437177056
964888460
1488058208
3074582208
4737668960
9583757616
14839831552
29762850032
46656380448
90649623736
142682605248
273105721360
432027432896
812790549256
1291507622208
2384498157472
3800188740512
6914236478612
11043216955232
19779334447024
31639713000576
55857062696240
89400772076000
155670425741600
249116984966848
427992851582408
684288071762592
1160661555878816
1852501642108992
3103094857847320
4940564368231136
8175829167113904
12974264210267456
21216028059127666
33529282411475328
54187953733836656
85209866206156928
136115490639791072
212771838828531712
335945980133928560
521511416661974144
813794014411022330
1253241686693346304
1932371031400629360
2948824019823364992
4491252541734563552
6783470640974424768
10200863313244303328
15230645433641276896
22600441988880405148
33316268379553776064
48748494034384757360
70862867186327834560
102157799388090540560
146256351811995039936
207545409803984047424
292297090292924307552
407878967471575224468
564434760087987719584
773692718695598157376
1050869473180760760128
1413450760798958707776
1882394556260129926208
2481716882030954630256
3237492913285636531200
4179352247305184462448
5335725972346059911328
6737966591287768739104
8411374214310905850048
10381268431433917525936
12661728671668926719808
15260869666612132853952
18172099000856434459104
21374349003481676333660
24832037431780350808256
28486834349336755925184
32270374286499581119328
36088137285712579255120
39843019550760205775744
43417609180903580211968
46699686506539956316032
49572846736606238102132
51931584332502400838624
53688211276213722338704
54768810613168172659936
55136439609587204883776
54768810613168172659936
53688211276213722338704
51931584332502400838624
49572846736606238102132
46699686506539956316032
43417609180903580211968
39843019550760205775744
36088137285712579255120
32270374286499581119328
28486834349336755925184
24832037431780350808256
21374349003481676333660
18172099000856434459104
15260869666612132853952
12661728671668926719808
10381268431433917525936
8411374214310905850048
6737966591287768739104
5335725972346059911328
4179352247305184462448
3237492913285636531200
2481716882030954630256
1882394556260129926208
1413450760798958707776
1050869473180760760128
773692718695598157376
564434760087987719584
407878967471575224468
292297090292924307552
207545409803984047424
146256351811995039936
102157799388090540560
70862867186327834560
48748494034384757360
33316268379553776064
22600441988880405148
15230645433641276896
10200863313244303328
6783470640974424768
4491252541734563552
2948824019823364992
1932371031400629360
1253241686693346304
813794014411022330
521511416661974144
335945980133928560
212771838828531712
136115490639791072
85209866206156928
54187953733836656
33529282411475328
21216028059127666
12974264210267456
8175829167113904
4940564368231136
3103094857847320
1852501642108992
1160661555878816
684288071762592
427992851582408
249116984966848
155670425741600
89400772076000
55857062696240
31639713000576
19779334447024
11043216955232
6914236478612
3800188740512
2384498157472
1291507622208
812790549256
432027432896
273105721360
142682605248
90649623736
46656380448
29762850032
14839831552
9583757616
4737668960
3074582208
1488058208
964888460
437177056
298333872
141397792
92820584
40786624
27008704
10566784
8409480
3929184
2405136
893888
627040
189568
227040
104832
47480
12864
11232
2112
6152
2336
496
96
130
0
144
32
0
0
0
0
2
