2
0
0
0
18
16
80
16
328
144
784
816
4344
3056
12560
8624
40364
38960
127184
124688
389788
369456
1067824
1168688
3023080
3437040
8001328
9232464
20274488
24839504
50264688
63606928
118511810
152727504
268508400
356269040
586538562
789446656
1218137344
1651281920
2419152204
3293768208
4575120176
6177481840
8162962908
10845207776
13753649152
17788172064
21683999040
26966994528
31752422208
37743968672
43078972192
48669540192
53696637952
57605603488
61364035768
62734614656
64232104736
62734614656
61364035768
57605603488
53696637952
48669540192
43078972192
37743968672
31752422208
26966994528
21683999040
17788172064
13753649152
10845207776
8162962908
6177481840
4575120176
3293768208
2419152204
1651281920
1218137344
789446656
586538562
356269040
268508400
152727504
118511810
63606928
50264688
24839504
20274488
9232464
8001328
3437040
3023080
1168688
1067824
369456
389788
124688
127184
38960
40364
8624
12560
3056
4344
816
784
144
328
16
80
16
18
0
0
0
2
