0
0
0
0
0
0
0
0
0
0
0
0
0
0
0
0
0
0
0
0
10
0
180
80
2260
1560
21400
20000
170200
192920
1182030
1539360
7404340
10642720
42648040
65794280
229168810
371800480
1160079800
1950960400
5574265560
9615795160
25570801240
44901016960
112507057400
199947925640
476552146410
853511017400
1949248288800
3506772629680
7718813188900
13913419775840
29654117798210
53449914418520
110724517002800
199250016028120
402420234841820
722061782663080
1425426744287000
2547587368893680
4926128596364780
8762095394682200
16624779414960870
29408025932146280
54831005579861420
96400919595295800
176844834101618880
308863539611777840
558060507429391280
967783024006723240
1723756794789953320
2967020994112058320
5213383589216368880
8903377566205727640
15442543395625893160
26157717223710267360
44806977855935503720
75255341403704192480
127362021066280092380
212037899113696169880
354658573688019405480
585114747951202319640
967466395331010364140
1581249778764401136400
2585028794070865968020
4184474339846702123640
6764238098353618439120
10841280124043696711800
17329543177298886155120
27492040350894324353320
43454163577910276243800
68214531712430387090160
106606412799843334539160
165545039703449612652200
255766937476815345727560
392752867352939934518000
599771186726407886744620
910436289104686272163200
1373874718387326242466900
2060811227545040819615840
3072121721261088221633032
4551822013969517471834640
6700981088502832970698360
9803016116541338967250880
14246110528242064764020740
20568404738796876513480160
29493965827168857387597240
42006726184531371773512400
59407854341279789258274220
83425653918571045663006520
116305457874151570842497168
160955528452283999092043480
221082385735258053046414140
301357897026594435149589760
407608702369195566580083380
546967610382149744210020928
728108167458397243199981380
961319611369095270961273120
1258739134414105390801306140
1634274973270485361258223360
2103728891870711801488096206
2684499544251545445797687800
3395422768374153537971181280
4256224261518516893805443920
5286876358610976951066848520
6506828273389368224780374952
7933742319851343198763814780
9582589989057341217659963280
11463829527868421139238794460
13582494081919656991949464400
15936183720404220414694387870
18514283946151592797106424400
21296449859629477672999227300
24252102852753399668813970200
27340193454402604439310485920
30509159479055988377972382800
33698507931331928579977418390
36839468440864491832385915080
39858333899804407187695851300
42678032725060175906782054720
45222436037470786212816041320
47418898037505863746694224440
49202238231318385137500335420
50517929262604928991270631480
51324491328152279768940137400
51596566160007854901079875592
51325042319373751942777581630
50519001036099835445690785720
49203740490879899719864506750
47420750339222343863715157240
45224495039831327221208311920
42680193827528918634848244920
39860455233025981397309482530
36841452247342627751803734400
33700258757444641357041690820
30510610602063842632988158608
27341313663638946598146488840
24252866841589222821976281120
21296880935110264094217306570
18514394657655997340661392200
15936027173104977686082334204
13582108173419399270521431080
11463272493850717010180902530
9581910050294228465853980040
7932987285851621060693750990
6506043987017826723609401064
5286094850466882507316973060
4255480840262841875902016440
3394734849909038651219172640
2683888455788346536291901800
2103200909141231661913521288
1633837813472370881840890000
1258391330231889305855347340
961058190885083214014187480
727926687665025345940838830
546856535525776157180961936
407558974072720074513010040
301357518061544939041260520
221121771911741294869736300
161023402887359668994666400
116393373007340553877282470
83524900088242939811442960
59512123225886193310917700
42110447585042921277112480
29593244180964302299767600
20660477691128222629263992
14329191817150289208865880
9876376779520091695389600
6764338691817894566179400
4605643564602449266685240
3116983671481259862807786
2097699597774322076685680
1403707158060068162259860
934276733767482786626720
618546485217984370261780
407377948447599161829424
267013921407072166461740
174103813602026331389760
113047400575061575069780
73011640725093479699000
46993248578104710152236
30075636626889376469720
19200888581831284525200
12182039934628228536400
7718918749120745731460
4856520074107705902352
3055982432454952153240
1907296947122215512400
1192566847406144898680
738507564756981760160
459088179715384243320
282134496989217195200
174461333366928764580
106416185802322481440
65488354271324929900
39651491962589150096
24295595912647051180
14602511721706580680
8912356635043210400
5317346345565533600
3233934742712221508
1915203113156249400
1161147903944015920
682515932738525320
412647291832107300
240708045889197784
145178898004894560
84028674126092400
50575096237763200
29038818273004360
17447604378875964
9935653234549400
5961361750208980
3365829819532320
2017428564407240
1128924703631328
676227229852640
374936893871720
224502829457720
123275602462080
73836766281420
40118608430600
24041590075980
12928586748800
7753339605540
4122695169112
2478002547200
1298768051560
781973350470
406088748520
245034281680
125366780640
75975350100
37893998600
23113512740
11595849400
7067516260
3432282680
2103554670
970301200
617056640
304484640
184755060
82102920
51061630
20626312
15107780
7607760
4218780
1580760
1027056
326720
360840
181920
74190
20408
15600
2960
8720
3600
718
120
140
0
180
40
0
0
0
0
2
