2
0
0
0
0
36
144
0
72
78
648
2700
5178
1584
8064
14568
47268
106740
163716
173088
484038
895662
1960452
3563316
5827290
9489636
20039724
35860296
67216122
117955206
204888192
362627928
674796348
1184603694
2104852356
3688889328
6449752884
11340576558
20015779788
34750936512
60361617150
104646996828
180793333728
312214723596
537444369414
921084915804
1574952814584
2688372484092
4574772328326
7769798553402
13155131571624
22216436582316
37429158687678
62912300330646
105466953852948
176389940701008
294247875578688
489632881589946
812820748080528
1345997291469516
2223409998120534
3663697801454946
6022120863159324
9873978524883672
16149676399771374
26347716713222172
42877400614153080
69600329664644520
112689831732609114
181986555319492038
293132996819065368
470922652011457944
754535196980791464
1205709851168331966
1921420526897351376
3053536095954842016
4839115103806908168
7647012007786848510
12049226749335724404
18929770852245807312
29650062810491168562
46299129631243286672
72070615401002948988
111827877969456862524
172947575381076576240
266571914199794040852
409458409880286760020
626696391179448386148
955672923263951000664
1451826305918399852730
2196935031359469453120
3310974263937836150676
4968938066158801274490
7424505720675227613528
11043021746754399947976
16346985389584863228432
24078087588383025578088
35280757771253503482420
51413129839033522296408
74492144446049609525544
107280010570029735512466
153519100301328523262982
218221193965362936452208
308014296818039489715192
431545446875932746816672
599930503274566918724028
827231311804949526745296
1130926819975852946582160
1532327845197035161208856
2056866385878619406058870
2734171484087497529989404
3597827638972649584459920
4684702716361283168551302
6033734776758852280337832
7684086374943168172570428
9672614747871100867139796
12030669422294030175962592
14780314432525121167521108
17930175469099210551683772
21471223081879606499597196
25372906387191155482430088
29580129066770854759352502
34011590483856693192905304
38559981403344841851861708
43094414211326929960909002
47465279838287341487170848
51511469620796520004910376
55069605772009947347373432
57984627477569284998433710
60120826825085155553436996
61372265916892449007297512
61671471114476042329524408
60995412407252541571343214
59368032277607756333068794
56858960478208861093189104
53578488196386830292388824
49669312523124253896845640
45295932967428238202839662
40632829502012080705077960
35852641007377014733918644
31115486596768508004397614
26560351037599979888108970
22299133246971479192121804
18413590769833323652265880
14955061805424537075136194
11946558872554070610537828
9386636537978859814345440
7254351357669384077826996
5514647803844581291147146
4123597720433921047909422
3033063372990796717728744
2194515057486345014248344
1561887510481412541146646
1093486642320909158401050
753049672368987469908852
510115718904985001001204
339884340008133515440212
222734007664188685536546
143549856455609405611368
90978622951147493316456
56695240880045843548428
34734792567132246550806
20918132599416270783732
12380509372250329107048
7199723802788205881490
4112870906218126929876
2307283973424647718804
1270696312680619518504
686763020024702433978
364096068702593783688
189263325732015729456
96412069846200551556
48101315423005160946
23488721991343183446
11218164223403757228
5235886638360708516
2385993971441442780
1060516158694081782
459240323619552444
193501492804636272
79219101662725410
31461544380507174
12099003667888752
4496254844172276
1610929629093168
554978624591448
183285085667640
57822773702040
17354154149784
4930892262270
1318695930252
329621392224
76345805106
16211273832
3113832528
531701280
78923232
9885204
998424
76464
3888
102
0
0
0
0
0
0
0
0
0
0
0
0
0
0
0
0
0
0
0
0
0
0
0
0
0
0
0
0
0
0
0
0
0
0
0
0
0
0
0
0
0
0
0
0
0
0
0
0
0
0
0
0
0
0
0
0
0
0
0
0
