0
0
0
0
0
0
0
0
0
0
0
0
0
0
0
0
0
0
0
0
0
0
0
0
0
0
0
0
0
0
0
0
0
0
0
0
0
0
0
0
0
0
0
0
0
0
0
0
0
0
0
0
0
0
0
0
0
0
0
0
102
3888
76464
998424
9885204
78923232
531701280
3113832528
16211273832
76345805106
329621392224
1318695930252
4930892262270
17354154149784
57822773702040
183285085667640
554978624591448
1610929629093168
4496254844172276
12099003667888752
31461544380507174
79219101662725410
193501492804636272
459240323619552444
1060516158694081782
2385993971441442780
5235886638360708516
11218164223403757228
23488721991343183446
48101315423005160946
96412069846200551556
189263325732015729456
364096068702593783688
686763020024702433978
1270696312680619518504
2307283973424647718804
4112870906218126929876
7199723802788205881490
12380509372250329107048
20918132599416270783732
34734792567132246550806
56695240880045843548428
90978622951147493316456
143549856455609405611368
222734007664188685536546
339884340008133515440212
510115718904985001001204
753049672368987469908852
1093486642320909158401050
1561887510481412541146646
2194515057486345014248344
3033063372990796717728744
4123597720433921047909422
5514647803844581291147146
7254351357669384077826996
9386636537978859814345440
11946558872554070610537828
14955061805424537075136194
18413590769833323652265880
22299133246971479192121804
26560351037599979888108970
31115486596768508004397614
35852641007377014733918644
40632829502012080705077960
45295932967428238202839662
49669312523124253896845640
53578488196386830292388824
56858960478208861093189104
59368032277607756333068794
60995412407252541571343214
61671471114476042329524408
61372265916892449007297512
60120826825085155553436996
57984627477569284998433710
55069605772009947347373432
51511469620796520004910376
47465279838287341487170848
43094414211326929960909002
38559981403344841851861708
34011590483856693192905304
29580129066770854759352502
25372906387191155482430088
21471223081879606499597196
17930175469099210551683772
14780314432525121167521108
12030669422294030175962592
9672614747871100867139796
7684086374943168172570428
6033734776758852280337832
4684702716361283168551302
3597827638972649584459920
2734171484087497529989404
2056866385878619406058870
1532327845197035161208856
1130926819975852946582160
827231311804949526745296
599930503274566918724028
431545446875932746816672
308014296818039489715192
218221193965362936452208
153519100301328523262982
107280010570029735512466
74492144446049609525544
51413129839033522296408
35280757771253503482420
24078087588383025578088
16346985389584863228432
11043021746754399947976
7424505720675227613528
4968938066158801274490
3310974263937836150676
2196935031359469453120
1451826305918399852730
955672923263951000664
626696391179448386148
409458409880286760020
266571914199794040852
172947575381076576240
111827877969456862524
72070615401002948988
46299129631243286672
29650062810491168562
18929770852245807312
12049226749335724404
7647012007786848510
4839115103806908168
3053536095954842016
1921420526897351376
1205709851168331966
754535196980791464
470922652011457944
293132996819065368
181986555319492038
112689831732609114
69600329664644520
42877400614153080
26347716713222172
16149676399771374
9873978524883672
6022120863159324
3663697801454946
2223409998120534
1345997291469516
812820748080528
489632881589946
294247875578688
176389940701008
105466953852948
62912300330646
37429158687678
22216436582316
13155131571624
7769798553402
4574772328326
2688372484092
1574952814584
921084915804
537444369414
312214723596
180793333728
104646996828
60361617150
34750936512
20015779788
11340576558
6449752884
3688889328
2104852356
1184603694
674796348
362627928
204888192
117955206
67216122
35860296
20039724
9489636
5827290
3563316
1960452
895662
484038
173088
163716
106740
47268
14568
8064
1584
5178
2700
648
78
72
0
144
36
0
0
0
0
2
