0
0
0
0
0
0
0
0
0
0
0
0
0
0
0
0
0
0
0
0
0
0
0
0
0
0
0
0
0
0
0
0
0
0
0
0
0
0
0
0
0
0
0
0
0
0
0
0
0
0
0
0
0
0
102
3456
60480
703056
6207624
44306892
267616914
1410061536
6628263408
28284970092
111029406030
405073692936
1385023875498
4468039413444
13674319535286
39887181414420
111326139774252
298294815851928
769540089496836
1916199986848452
4615540237888704
10774776558499416
24419087214726744
53805887081961624
115419004378385628
241308891744257232
492221133016991784
980457530702747568
1908638891397002700
3633701876978727996
6769758564927708708
12348972549793066104
22066246691387801874
38640797457804653736
66334562924979528414
111672051778484465544
184405983965284173246
298764259428942028980
474992093447479530126
741164188542345454788
1135182152772750728178
1706791143552431792796
2519350496051344483662
3650985766569133217520
5194651717168004064492
7256572500058238663820
9952527415211045366760
13401549491728100932116
17716824305528835639222
22993925919015431119860
29296987629149351583738
36643926854940226142616
44992342802673971793648
54228075585014930489496
64158543714514836817314
74512772455163658614856
84949447061913709898340
95073403727687883993024
104459819667042324237552
112684163532960357458640
119354937355863299266968
124145589527906021266176
126821855841458738620986
127261244348464574652408
125462357647710712190766
121543079643535001189112
115728109631933929050774
108327659138148816562500
99710121845655805965354
90272048479111535383176
80408767362959411724906
70488539019162729516132
60832350034551208436232
51700498463457111535380
43286170205760723479340
35715391478986408340652
29052156620173685680080
23307213515814714519576
18448923730904658962076
14414757247856429318520
11122261002295126414830
8478685635978499425504
6388805019394004987142
4760768469948981082452
3510063789160979734434
2561826666710943815760
1851816384811562853096
1326400906630478244228
941872944852776463048
663371997006299743008
463627109905637554692
321675647944254254784
221659245990141566400
151754340727123045836
103262189433064195284
69860442373531377696
47004953891749640142
31462890514323810804
20955839626819694718
13891884694852573176
9167586319928234610
6023737551649663080
3941535940830445068
2568725951166279720
1667558276310993336
1078468933195349436
694938210908361480
446210163350130276
285514385312303516
182073850351937676
115726155138396126
73317886133502216
46303160172232914
29151432145845972
18296892330157638
11449543292079984
7143417234494910
4443785453678968
2756414191910418
1704877488456336
1051500624631332
646706007114624
396638572514040
242589159037584
147974917925448
90009952333704
54601291619810
33032422045368
19929624914484
11991056313024
7196741075610
4307124983076
2569843272558
1529725229100
907862168160
537497039044
317422783152
186829676064
109519354782
64167969132
37435100022
21807462156
12683392650
7306164468
4196473886
2428867008
1395046134
796004832
457216110
252780552
142487340
82890252
47273940
25792912
14572332
7280496
4265172
2637936
1464012
700152
384408
149292
121844
84168
38448
12708
7146
1548
4014
2376
594
76
72
0
126
36
0
0
0
0
2
