0
0
0
0
0
0
0
0
0
0
0
0
0
0
0
0
0
0
0
0
0
0
0
0
0
0
0
0
0
0
0
0
0
0
0
0
0
0
0
0
10
0
0
160
980
560
5680
16160
64100
130480
572320
1231760
4552920
10837360
36126320
84039120
267485160
635623440
1889402080
4520480560
12815943030
30575869680
83376976440
198411317120
521710973060
1234235334160
3148973078520
7388632165600
18357162866720
42676675179760
103532622509880
238258691677600
565905277850130
1288323095219440
3001921855059720
6759056614743040
15476277694799600
34460108343383200
77649357771589200
170989496893076160
379629725144181360
826887358362122880
1810768266949164240
3902151889006690320
8436180851902582640
17991374543700323600
38430880312297019720
81135847545212148560
171361191736836493720
358263525066053526560
748622130127932678440
1550449311625182316640
3207204094591865807210
6582241517852921906560
13485804492892330449960
27436063491282437935360
55701102674853829262640
112369490166593086050800
226160511517123631758320
452562455982356269324960
903327984026467164549900
1793562758510764447281600
3551737626522158826259360
6999193843009984189128080
13755504506970145891286930
26911665088335355722398800
52506060988764046195637080
102010618232718742973650000
197642860426962518929866320
381415299152180449006719840
734037893239661085554197720
1407407516199439286179888560
2691129266789091971732894700
5127646445453313327512480720
9743823013286512948697604880
18453861136742087537129806240
34857049295071211746225325600
65631105133942662659179026800
123252062349246824714645234400
230757728386983105283808694320
430928191732517741837540581220
802392163684314561498917430320
1490311175885888649157945643840
2760262519526495097560986956800
5099815412906089708824502811910
9396948978813935495175645003840
17273163607290589171481220856000
31668402318713725506083398971040
57923466032030831378331739586820
105679137154605374408719490948080
192361847201226675302461757355600
349291959567251492359747877724480
632809813853327586992207126103960
1143742655046192850100415666209520
2062611538205238637445251216128080
3711117896308758109378734866131280
6662605050222540341625771640657800
11934566835204291393255592051173280
21332322935425316820960882473729680
38046578383913185743947279014400400
67713879429634844993881663735376380
120255855147701042941791793125522480
213124785598823353513525332823897480
376917712804951298256082863224882960
665229800777428928645832935845584600
1171650791286723339657519122344711280
2059441295519867098661991633974178720
3612573246891865962091394836319268480
6324404127073313285417891778516571520
11049726948414072569612649074899567760
19267659742238927821882976571346929880
33531015928067210757954432926568571520
58239620960219377834136227561284587400
100957940746825234077277449230386933360
174672254753246377979534550962594738960
301623932200567071867577562606854091120
519846839459909567299334159613397667700
894232255719232685807603529611782896480
1535317020039761127815251653106744164560
2630974333055193382078498992426425011920
4499993335934392580206501532703053947580
7682137849388548628771271070955493200000
13089762509130943170949081265830061129800
22261746561055545404520011925032176074960
37789200737908607944524848180237188231020
64025871703418060583230792599879175143440
108274123026598636988786785103906241885920
182756739462033813185758657089678693657600
307895036583082460232366811829810696313940
517738501989441206310451062259399663005040
868953948361600896438931111290157119943680
1455657436256356352948871941596450647838800
2433867051528714241673715258047630533388780
4061691786877016683703520848347465995960080
6765311147966508274007740886669887297992760
11246982353656120702500786370796157266768400
18661609311800076303864512335691492438153880
30904606181996583546325792612767264522997280
51080479747318076816498413010950219696413240
84263591807999550908575652970535127416448960
138731151236091142922851720759631330175087880
227956514058387176996886063375830070116329840
373825545906805297749637361178325999113198080
611813666034682864268126470613127076832830640
999301928768429367753564468795709793640003080
1628902765873034497604479251423577775791044400
2649767394452767314657188856268326383294321200
4301572294666142260568778867524541269034780480
6968607020213495895377179961465031957268911280
11265639969492295074633512447515978636787590720
18173910174931220638723702670232519923092150400
29255967460766358660052321981925230974288115760
46994240539413286340791752975238169172605483960
75323221234432927927778959288814012188321268080
120463840732432757580234800971361748494880100000
192228184708561828047339910130558520203421550000
306054232663376642408551666413602703629062494380
486170450753296270886083549994638134676602733520
770503962869233740996966418851962090183269530720
1218271459357016417671819121468653268106034870400
1921685272325967069864798547217555031577449753552
3023952512169379949787688210376883104242979474800
4746867027759961427934533647667871316360024948040
7432977240300357984988118279555758242606636923520
11609827289850468197374319505018871906993381877900
18087512730755653528652136003671208757239164735280
28106340578354474345751106524881075901975119891160
43559577715423161150538931811807414439808649473040
67328315703849735217273375992335329325440842929540
103783112616421567280263720606069876754224562004240
159532761584421545012667417086728686815111220958760
244537797529310153960364346620280820458226111905280
373760131379670698188368697541346156517818918515200
569597437291026747099739136752835150833275480376480
865461268599480124942785305493752237662524216571320
1311014696278485804914656362638681645145260460613296
1979806894277210911179378984981247608540354883243980
2980353499935367048458025940370757677539749666203280
4472146555292633820567860722923738335752917268882520
6688681580004142990084378697225317767593365466312080
9970422018118692032886201840389523015099326010101088
14811761884469455842679454593111937291249925974049760
21927598974529989057802578138726325695671920076506160
32347225848709287809912474484751780925552037650370960
47546052716350955599563691607086551048270221685138960
69629406776744929351532983790017875691586898413205712
101587568493603925831846062668452895827275074754891840
147647625256703281427644323891536486422540860884204480
213756027487437865035684877202516392855819060834523700
308236366591025318831534820978851271855756636408934240
442680364306935166809084333010997488795939169539523200
633146928343523231920239005055584135490295590061502240
901764978711274403855783632861814786081958777039274140
1278861172462205980228835797588449071702175523148689920
1805764182583432300456086671882233171013495387409008320
2538473225276790733949812864432550585097622592558427472
3552420248281481196167018442868001315051977960419869980
4948602401827618388981075029025080118810454796128556640
6861413393340851750144747451420544996935660570611601800
9468557636010729935566698849822065918182401368965021840
13003487358337189881714240861521002266010714058710623894
17770856477906020813256497559620185445444325704070669120
24165531088845030632209349781405636740273413194015955800
32695728257139281561609748179321476132108912940610552960
44010864111567965912560095880831829916230331593448917400
58934668772855493017857826872177492981839331978513161008
78504057644025521424385512905028189976061005726530665920
104014122772819533096278777338033329931989433072479648400
137069410461397752314425083915032111169211696862765843440
179641368295493195783670672588000998533348518554582489840
234131464028341856961953041189936312410103603745790402312
303438991225264579884758240924054299928729369478201358960
391031978277117384777737884636212518207926987442267891780
501018911911275743475432657572799483842090710737393634240
638218186923627902349510330758884653039080142884745527600
808221326084656051208783204625953366265664584957262179680
1017445117481205362826416091057791197075403689860146628940
1273166945828214288462980417868820736655419982469937855280
1583536819781221979716479387233583232367682781175879842120
1957559003418429241362254856742921204805325883610365984880
2405035842511543748040512644043873316761786754419169026542
2936466436368289718664791877041658975312730598995544370720
3562893344572060395378419626365202646163448363251778355840
4295691624632195993559517854554715816960259516156889931760
5146296240683800317204200182953194158927521151863038882340
6125866300879496289661091818970045921432272478964627662816
7244887664113837045559849279625371264374352728980307441200
8512719142505109523705976006119477310124656434902623280880
9937091689762502679553434572081857347147482450172988039560
11523574417320763269473812925628238711814171635681298830080
13275025765851474490463939085121585484424435117265660034192
15191052371927023319432832725219996929730725209322158144720
17267501760116952925326925143173335482402206794945526201150
19496017596541772451117988150175814136373306541558193726240
21863687508151579801474554930071345294595794311953405152000
24352813095202917130387060186745872819525218099551893513328
26940829512726723076546672729512155714000235637928012971500
29600397750077389156963692051182585189961467384964078723760
32299686514019527966707962729907787544797200680163847023640
35002852590977918534947564841054031131523696876310496962800
37670719062188054877560436360203714997349823444772995828472
40261640255023389817777646448695006595613030497120505995680
42732531449986491667995279721870349956425398640268832621240
45040030829618513298098225638978816469840638490847915274880
47141751698567160586624042919828835806183164051898600260460
48997575350713212475585299846639067866190227578858187617008
50570929754981590896377043363260314076110863142288561082040
51829996984202914099052066429507937215899689344728413170400
52748793333838290105043436513552108392215291588539399659600
53308070458318248453307873853900536170006664915579906735360
53495993430296127294046826890858783612946501825778202036120
53308562000724316358684401563399215862507347754998647574640
52749753883629793023321593880542593655348335038327823426110
51831382815098654042965905887340766812811587384036515462160
50572678538089261671233307379418276913053594497980232648280
48999609798689718140083768808515695566288856090449419337760
47143984002499025043458236850212454599265747230283445084030
45042367574258968677428856906269766581894216472328584086240
42734878668752597032646566269610082041828067297185821092280
40263908288911188220484540657804377787355236336371197558000
37672826916524275665119048900763120211531953912642515924800
35004731535986383930126963541832727315818710615445046854160
32301282744261617915897256230508781412945690799500656540880
29601673997203433718526150503187296176389920458312978082400
26941765587551607408003031024820717989779443541201648045730
24353405412862001253307111538636183431783439480721608582688
21863947716571697225798035511562901783717514327325244527640
19495970480275036131414295727391117618791125114842414583120
17267182624783331241644608797271282295714839122990201153260
15190504128909648334730622289968053260938990830590460547520
13274295932979914530782485277880000983093446124762238990192
11522712231422475688263790989602306540744732829792022095360
9936145495067587900521960992808492562304365829633832404600
8511734178491394924055662942107096347680066340533351623760
7243904332595234615940346965606874411103935838622215146120
6124918948279814387141531209937562806195078991632407815328
5145412451651395228484846306443890555077908294504523897170
4294891989568193978649286212282183149983604960640368626880
3562191638211780368428050831520719014832735147629043727360
2935870127912784198238634207568531692679846273309887103120
2404546849655194069877623602030790504033925256277628278500
1957174602356743701924134773872960101317589385813670290480
1583250629190227891152157758850280793423784776505401405960
1272969913594581208437369214343083319269078951453751041920
1017326452566683977033575038663861721525179973182279938050
808169332950393407506908693564519274483497981698455412448
638220974832204966803783922767936675627581807985476081960
501064965128282517134515962380945589399700544270566024240
391110584938677073084388649551365271072062743863239250790
303540537907544746244332839691570190907722671502179517360
234247609811924467440098042808985957156153559367954326040
179765116328147077943549857000393328633327698468482010560
137195097081794387055500311223152933327892735661351153500
104137344441411547729257054585282145905194673652901579840
78621554747639624065956409599969427170675936989668606600
59044183212110069838882577311684994037448879023923055248
44110984864876448738453182444522655518548789167641640520
32785736183006088117677153271879838375104799838826888480
24245251326979204581538189710074850694555245191416214680
17840524159650221536784084354361718637768412868775207200
13063630027021332491030683291332822961471527565958550776
9519895899892731605905706548107027384983761667176991920
6904779873803205957804956805777069749546205572206211560
4984877994444289923148319247454069799823383557774375120
3582486024781528854213401312727547944907087469327519300
2563175918140197229860357667620596904133362767917421712
1825893046037057397520630681196833641112043730807078080
1295134040584078859437226014757729758378380662391679520
914821492389576321761412692182370127318289946327564910
643547125666546085715608790015253814564408458354028400
450907091761441379363104946810161970546232843967902928
314700237890246462746149767454727534289703281847512800
218801917180315895893782787931121949583819025955604800
151561919653831724841452748645247979595595681680450800
104605601846813892349505203917223754285382230716678160
71942682284310448640977954039507647204622279633754624
49308986584886000564413457938122296369891344199802860
33683260899541431219531197997967439124002651854180400
22934615311912379846238547522118255718305782878230800
15566770688963195221415296725406875412449709056987200
10533568152002419089644706282498846137276093344764758
7106605937908325570055619057636217192679336947933680
4780772972575708998637800452721497702543368815265160
3207170941395793956057577328951783357328815072954800
2145717759071925578931230008447260049892618905525180
1431816535076226370822464099788274864984454489219648
953023398465042860004185678976027983403129266631920
632787011047975286215258768640196138282528396180640
419164943147062794878713177461391031055169232441120
277025987669992880155180249167034896209190660491120
182682982773740777033425993192469936005102589127048
120212773218028417373780467727221941077139680742800
78942342682109099774806300060041795778683104040120
51737707626040744941792723647489570084662022295120
33843243785453398378458375342441150270881686974480
22096992888767814656246334321515237452502427841680
14401854671541022633510759116942036464658750339960
9370316687884357669417295004081751002795537759200
6086478912014340418614964382107028158612199893960
3947101236494981789877500050564092297773416433600
2555723397237376426028195932194302056481960777130
1652322848041969503480681338427019419372623636880
1066700163291636383416378707399325546419818414920
687663626672175754913646207730038618729121245760
442705323589593932040431796046280485557529357260
284627055400234868812216283400137575323510837328
182758283924188001660870052395981043450874262160
117201504416290081102799799238599002314034834720
75068774030987031794431767976731581465283477700
48025225663145400506432265200957849759675239040
30688559246510280572801451034861788807830903680
19588123397520278150462197900538242037953718720
12489063085940496541119394258962013688590621700
7954233061575552959189481308391141358995437120
5060672391576251963354876647994741319544622480
3216391840950360678826613720015883091414537648
2042157766465013131051350243171315963787377520
1295320881505448615659329822855410222634131760
820806726040639306130198328100631718588449040
519621284279351589462611883477870554825983200
328641396711814451016503130456528931182034420
207660040293036438143333542431478202200030320
131094664553588579660348366702599063677675160
82684406595122018829766410521091388469657840
52104379654613795474015429208288435958864480
32805079457558762866184507241067859470028560
20636178802669189203342466994593745392607480
12970065930731548275245470984227434484033600
8144878256195654160856950555550977397647260
5110449151364932400223135735805131491586240
3203836033015819025467263782727183912769128
2006873084214985720935084154719728923613840
1256066579912243159878190616229140799869200
785505619154189309258321488180017596939120
490834093879558876532112794742139029288040
306456396085835656250597447079201128424848
191186172845525726322521370662590055992140
119178174342742055517613810485408178318240
74232702844311248984755921454467915706360
46200800545819292799574830358953368334800
28732010022526990134104046428987327181488
17854215212378611412625577971132599996000
11086165347158082691856007640209178318720
6878315954994294659547696131375144397360
4264340565996268980777786353146974511220
2641697881640708123235015487338126148304
1635257761347902502281791472161235020480
1011466526708149854436606722240568498800
625159908919062021760563027458502376320
386094012800692705764702009569842766800
238271198486437576903116559920791443648
146930477800154377147851449485736572960
90537968441310511652936322175171783780
55745570427887662144435981881781975680
34298115149694327352926025638855484080
21085756622286789235839230674903511312
12953584512104718603555504384055101480
7951469923840176606160882591685126640
4877397109147596468791686498559967760
2989389271239569307722551147388910320
1830886089949119908330760178984977596
1120443911321922984437652373593682080
685179818630461940529178401292320440
418662927258170195628587777277173920
255629609753714852494793692797131960
155954570499985985851300050858384208
95076409445793765248425165329252840
57913755582578886625269803706566000
35251644703313158902075203336431680
21438997324085372947102198778409680
13029244961799427313211068756795360
7911406300485777904810762475372400
4800415910082096373803561672400240
2910147238800517201246894560024480
1762961932571617718411756822696000
1067018727192905780076466214740848
645348499425110530629470882152760
389948090566999605304068605013360
235458257041773801414884492271320
142036240797514642778559745672640
85621096654904610521457055173880
51561684858779603401881475098480
31029291518692251092096116022000
18653763987468525336811276903520
11206294551370403229343363441940
6724981085964887391281107101648
4032961234420515750259998215760
2415863780972988777351332612240
1446200227544148318438338854680
864728790354362764097657695520
516705877902694384636423834712
308375933805118339188008284080
183922498848116905644130084360
109556637386854620692717492480
65217816487964555467337401440
38771862865994282816351821168
23035546969206237833356798760
13667023918421542221261828080
8103825417001077978767169400
4798079660698649387025528080
2839204426457006922549099360
1677456954638303729933810000
990538207443986205229971200
583952106968827175175326880
344083690177699812288004100
202392046459456540754533360
118993353230999393118909520
69830582446302979478267600
40962935111830858737435660
23981523383959984521583680
14034954848824892258533600
8196445263499326356171440
4785432288128456161936680
2787586892957855011353600
1623508658146539652335760
943234425735113966657888
547955808570414830774590
317486567312353362343680
183959769133645424389040
106285135905386591742480
61419103545384582239632
35382605402841121450000
20390138879990600959120
11710623714578489502640
6729582904662044395940
3852677653980349483328
2207471700793586497680
1259735174572561796560
719609285041324948540
409225393507054028080
233061843697761446632
132051601199797612480
74966091312214486660
42331157435835917840
23950036654273036120
13466576668743474096
7595442935990485110
4252475433208749360
2390588256721772720
1334068127893849920
746707124995650512
414261276943779520
231277438950650480
127709114044018640
71097996211002940
39148673693867040
21623255814641720
11799120076947840
6526365451814310
3548493041717120
1958535761490152
1059883276872800
574108091210420
307307765330480
169487661297880
90606763429328
49568725179700
26039827489520
13684215346480
7237216445440
4049938069424
2111241512320
1133369613680
561190647360
284952951240
154985716192
89692277480
43912446960
22495282550
9983533120
5129307080
3136032240
1819353120
761841760
360908040
134021552
84726320
61551840
31198760
9549840
4267038
1196560
1455040
1069200
379660
65136
34000
5520
24940
13200
2320
80
160
0
320
80
0
0
0
0
2
