2
0
0
16
48
96
96
528
1464
2704
6096
13824
33876
72048
150576
333440
701346
1489344
3106688
6377184
13148616
26730400
54128712
108673296
216416132
430116288
848468976
1664892768
3253693284
6326771952
12255654288
23639890656
45414967128
86923733024
165688323120
314549304048
594619661888
1118886044256
2095166553096
3902550636944
7227315057096
13301211406800
24313152569224
44113596314400
79397240004648
141656367344880
250350158733840
437926509400224
757593368141080
1295019191196384
2185380242410896
3637302566490352
5965011276277092
9629175326089248
15285235277991744
23834967816545760
36472753269662652
54712789775666512
80378008689444744
115527794494240992
162302357759610928
222669276877723968
298074310503336672
389023476619082880
494653551794517996
612376374176953536
737696956115985424
864297317630710944
984443120875313748
1089709456273984544
1171945906178922816
1224330614879153664
1242323255348783744
1224330614879153664
1171945906178922816
1089709456273984544
984443120875313748
864297317630710944
737696956115985424
612376374176953536
494653551794517996
389023476619082880
298074310503336672
222669276877723968
162302357759610928
115527794494240992
80378008689444744
54712789775666512
36472753269662652
23834967816545760
15285235277991744
9629175326089248
5965011276277092
3637302566490352
2185380242410896
1295019191196384
757593368141080
437926509400224
250350158733840
141656367344880
79397240004648
44113596314400
24313152569224
13301211406800
7227315057096
3902550636944
2095166553096
1118886044256
594619661888
314549304048
165688323120
86923733024
45414967128
23639890656
12255654288
6326771952
3253693284
1664892768
848468976
430116288
216416132
108673296
54128712
26730400
13148616
6377184
3106688
1489344
701346
333440
150576
72048
33876
13824
6096
2704
1464
528
96
96
48
16
0
0
2
