2
0
0
0
0
96
384
0
192
96
3168
18912
36072
8160
47712
99392
623784
1834368
2514768
2040576
7205736
17678304
61464096
125413248
170772922
268662624
740336832
1696250208
4244122824
7440930048
11992689856
23819973792
55705758684
115959574304
243645497712
423932343840
782138596928
1594591710624
3341004683904
6511311770304
12705256781328
22962373919712
44307322074576
87409379354784
171485801067216
323632984943136
615308197259376
1138016811493056
2183329666778288
4161042743959296
7882038955312848
14663437995669216
27506914759165824
50963607772673952
95899298290296096
178484467927474560
331616201963000004
610830977301943936
1131108170739689568
2077988295882201504
3839440830436651984
7035101258094220800
12894751349966770944
23511519074490603296
42971133660614657958
78088655511958800192
142181039133515813232
257449233414263565984
466363520782377911688
841512958647561376416
1519453584880102409808
2732171600177010402336
4914933330894540407232
8807995591557739680576
15783885778936984724832
28196921664405976590784
50363728553652619832232
89679408573659144793696
159643698938224175394256
283392694245644788418976
502830647540756681893158
889954476376503205045504
1574219599950982856348784
2777934664479029084533152
4898983773853593143604824
8620383333440340522723936
15157713569933772234855120
26598071236993235933672128
46636830627912160657407222
81613756955670200961585888
142707304286398252364605632
249078194413321782053725632
434366102704969677889976664
756186492062393203055479168
1315291845756560534237893056
2284047468843027030004295136
3962799145084412034703316120
6864749283416686698666973632
11881061141485026797670072912
20532595627818481802839484960
35451747232339762800675912600
61124873373014523003790385088
105293757251487827939973850176
181134159993672188686313306208
311316768325959031528569211590
534369924763001137341864308000
916405090428523573086509753760
1569612397447421988364833156768
2685999350327145173827017967776
4590915882257011966163572421280
7839792730457132718955835169456
13372380904195059432643327082368
22789178461937344219006491530196
38794046535661890189977454377088
65981431233329585903227527027440
112101453833573244099896407606656
190294323888817271616079909318464
322692279401589219299642034525984
546740872685601708070736111392608
925415895013152160549653213671616
1565049076329097743883684344758908
2644203133436633392826552904464064
4463779916407710602624749033665984
7528338941407076409468640174241664
12686512656193003347460513130748096
21359230801768587636990586401113088
35931992496211694597743756908932560
60393246930721551191310735488869248
101426964232407801737122674477505806
170192469908344158819122114669186336
285358496259581374812477150140480736
478049657449717869439730304729661056
800247404528322336894066538249520344
1338494443398155098531161652948016544
2237089357063639475136083679897960384
3735939926557768382846756474191306656
6234421629497836494903040558344891228
10395622354194774759071492862897415296
17321666594607290152972583796748463776
28839959827893073398736801190175568416
47983225674031130798947915822791036576
79773255189907479441243236807931605504
132531702284283339757384468728538216176
220020002695627793520604572290839786560
365009127812056581546072524808067942622
605106229334415079291574846943552876000
1002450808430664121579509427799715415872
1659536675162819865972031680384545756384
2745480428047433230823906283804270227304
4538870436237627492430019750528753666016
7498750075055718924724883147565352938640
12380355676793594948692686909087921846528
20426442974300470205443636673579336162694
33679090765861297624634052599995599774816
55494104267446378363633219717937971941648
91378873342278208804935277093935019477728
150371969929770475103562813954202999549904
247288871045188440904211506117405021205376
406412838985463926521912509464571034110880
667499040398545298165318897619167333635040
1095624738057081525725314834360447248485058
1797201813441367570122068163858492594581184
2946201057287938498634997548480003409258080
4826750858184625310405386635920131460536032
7902785946527994464906519254132639264850520
12931096255180683010990490686970728206029920
21145861793817839145700742929257995265371904
34557931435310155024632106835708756157110304
56442579768348917332351354249809755644047074
92129877385522842422207505520909410069557088
150290839618936132246804377706971172960522848
245019682938824587341476123547323372114542944
399217152242600494582364789780047367310811872
650063069075230856898740808652234135651332384
1057895308275163925622844439664404565256508096
1720558033825349481433579450033535434748082144
2796647683176106393247271104591832875367951336
4543041493762607444016436431421527088865028576
7375612791221063952487684360934274849420263232
11967152482069362673006193455760419442565297888
19405570750301359440396634714484660900020982656
31448783215226511616825973460975150440556622368
50935940064805900060534628238611084434293455568
82449281504146011289787211490946779369307372576
133380517193924235669237573995476045305328382982
215645274422972400150782237631828193631621535648
348441699741307601498059075761885539835922842336
562680667094898586911630984163228729145409448896
908104603173052847669726797047212361373580221224
1464707200294896157181283615944427569283607816928
2361059137060310237315205184888967576737805564736
3803671631260319426992184388586191345440722565376
6124054792739219359453274672479953533318540558998
9854031263278303434899826090534911151368960872992
15846273942889593849251039351731807807209782813712
25466986376836168575425918844584869888137525927360
40903870650587356831182729941692683003361562949024
65657810352098831272273409288965519531058947542336
105327685480922945308712749999893943612315324822448
168861780506473100126572598844796157100431832660192
270552536150474841970388289177008144698451449333932
433213118534645838477130996297659464369018862024416
693233892076815742898122910193689446197579477019728
1108623962381708005343165795382284098968645104313504
1771793729143172764861306326669608000476330498373960
2829855749891883428483290773110751541570053922820160
4516847929336108836251614682531284720065751868496864
7204837157026305709048711137171907019423970034911328
11484915737218268777611781711429547677792236156482462
18295468280693317650812428406111038911209962795196928
29125159539780035853686867114641374829724324730137504
46333901623858245660050436520820572245856185101204352
73660003032295446711224359697663183133857339769206184
117020817325578190541199141092644811766498116187283616
185775765361322262554089842733514712774150362502605856
294717025517603289147333756632962568463279426425095584
467204533770171827479739270286580283041064091797365478
740098670949622307678505026231482095132306292493353824
1171514676576487412189202944264711418427777396014006480
1853001644302341580629169087937628054989858717096160448
2928652958772638030279672353382615532366279467843357832
4625063994123202119001287791174639060439850131421119648
7298247885496000787526617174093184123271632925711840032
11507033880352059129211471430847439383824383798451967168
18127777137800997592847857342989112412084962526364961374
28533438672060559851153942929168708909052962588026617312
44872847619762924201024587339603240117515715100877651872
70505693850620503286426676292919669938703003202089007264
110679296480768453705921575318966612863458348421448969760
173580255176515737861937335674413515980303627105852859648
271966597018572995409477071712798600954390749286507700128
425697575912562495536827499035114947865289730178642443456
665649587811296995339078062813290689355724030109708902954
1039769341025362370563863205122440208926461448907984750144
1622417462257101840153297047378114099322942472138060184720
2528770026680680751834749297767776414780659715213373714336
3936982323922502796237386898850951229776152539546766663912
6122245208905676898158517237998252644227473097314665325824
9509030657894004448888361220661690395549125969829891775200
14751107335309841739886492979853069827628323931758993498112
22853875191469900458673186978832664910153378910945542161544
35361067647645417293137276061904998481438118821350849052960
54639164514348024435084990312433400341549123588493807098128
84309829281519877210942478674131434734375184036688668635840
129906121013045522632694480098843480603577429482000022150040
199866261949382903537442002230386741181721633152942788279744
307035455477315417446209611033101988746233379313371440583856
470930596831150142506911408899789153118261337773616477080288
721147819677697500648996711102273405325260443712695438757198
1102477835184862985224546010256303679063706316832927668076384
1682566835354540735774280063934095351422944630476466799683248
2563361791178093313846643795194856869169320390981947868153216
3898166716941278986089538265351246967110279142117946446252680
5916994995264217173799665366449763666432026025807710957217120
8964152735714980199792027614603056263537241614031367273108176
13553801490158141804053578553866055359869372480003094291919104
20451870154441290295628927080210682697065544530909571352604064
30796461810699368355214345234366159571145382258883646159240864
46274319416434332568417396057312256787919428241783624520340752
69378658527789590170828644657558817228782519028360431145953120
103784699788937291763070844860279601848006641097462698445458984
154894863032953134150321366438764918736180375885421505654209152
230627646835796227830972854732364142895932150268939042523505344
342555222491402159036026614506971123040991409097704393214657952
507538146226840066352338840774823216540254009760431360628945532
750065987702299741854368159534991195216793059966345846109722144
1105596355953569543577046275715831047669432125923774464783969360
1625300174927264912935778674228302739910049713113762832183655520
2382779293935789899052970908843202080237970802206594635109693080
3483538374591105495527812659286224616462735534016107917397249440
5078285825912835834869852768571855647426284708624024512190720624
7381533530703319793817124546336989658100836122883038618532669824
10697494675052516429486165108253189560189248035197553086385558570
15455984641228411750422547589494512331891898504187834291616683104
22261964164730639315359556914649402077994803742326831798528039152
31963592582910451637888819184481796255282670678082388520500321568
45745263537936504041462836609572712256861864232949505340970042968
65254175729473552478270161838327355024339379512594396086092127424
92771667768014559123904187182685684844905911581248075926277461440
131443962265707193224895834822304054999677771309477163189812570688
185591287790665077764363114382193511652071756141047442564327690076
261119770665671171675512737457439389436106296181202481317296886368
366067227534983531915647422490826731531604125114279232336548371312
511322279145265998016320234288383069916793262658079988124290458176
711566292683411619218694515617673220789322572713039045784696608328
986499790831885646505971079457375023753264653297413409695617893760
1362429368894792832487950790755611910764083475076676140296136835104
1874308022389272736427451715570039071081192720812614310334526314720
2568341215683706792380286017940465280231921785922821826565985286214
3505293008253552413055647832810067353576058103701361274468228708960
4764650918439187095576075158258034987230512303251975630598432464576
6449834531222621661213743950562410595122553414222967072165947394432
8694660427398536898472892437190061194201438566613034437212321422048
11671303724061615238284592794532726019984315884059973293850505771520
15600022803036987800944713157802081317540228411783420786718536183936
20760936553372024846441570669655934677419593339282757913532114665568
27508159942837634734392829921373096393462319307685763462927691237950
36286610578691930288555260577431494665182292362087888426741670876736
47651792063947425955498238498222000894417573012373529369528351145808
62292834707932819471508868533916729377127148385777434398884383443456
81059025276014597679548362555756662259675793510065764708228177969712
104989979370755906830681934928024797349801993827794899260582241784800
135349497050322282218771107508659725944694491340372323688144472742976
173662989034616248361552488553778583773982019999308943693466649414368
221758162747949779377918533363891094807025211859579021086565228033504
281808411327222141456716880541454876050677495151357504974866017001952
356378053525673130568345083498325118842388939353220659984148848693872
448468229989371097591921261629771027822390443310407410944187763817408
561561877187025622193942612196033800190114979483323940903509142110816
699665784293787373773276064133604848334605826382579643542860803275872
867347305625809125581894423167372546477582218947738422089832370324640
1069762872397690819641004618600482626302761231205587027192658588610208
1312675048911494709255537786390305733181189833277224751575678185981030
1602454541468846169669590745776150350313333623535260203861218569859808
1946063329629680883333382024444126970973160993642559946730698508741344
2351014988472479087450455696001948314417587635181915443800097470407872
2825308348039075207533658219677995016069808291354532209586153373747648
3377330931589178193801734631044087063991971624621607441031632567715488
4015729162491326740246754087968674820075595399855979127520511366511248
4749243157184050324985881214370161384660672773478920507085746745560128
5586505043245855013920467893013863927552232682925519909797455811485978
6535801155941945470140348507371781515564137653919009366815822021657344
7604800153105851444935771883153810875415035296147341105159334890538992
8800251004349107927161245465304725149243362572366982616987938582753984
10127656890398469747442861337980532563246003889764257053432700400297888
11590933202436432214501160420856743289623684247152299515569504475141600
13192059948701070080274190668189442809761424219578745139839118426531200
14930740827667500704983119990485427986964654289547597103308832033102176
16804082873613352294022492968407347140730023504889675503463336344970280
18806311777310766001127833162029025914774042689277981543123824972876256
20928538593948595068565829639581904413734121438946585375735743922998784
23158593450743331061761856029017457149172002886567218469426881626585728
25480940964290679323696999330500517271791317000171448641022388940425096
27876690317009776776500316496605721462618450031096887610910399826003872
30323710314820235099010250852760541009326407062007511651259016938904800
32796856300211774110831798996753057505073776301189857779691376300455712
35268311629181839944533382379495661488121228525148764497709788087278956
37708041696865979989631224307405792702606317075523809672119381303384288
40084353426447050835784335082640205511103877472610998158143425458492048
42364547972610331615259681707568953792882085738825895613095976848764192
44515649416416837215855616999502107024098214050640848515859923969238952
46505187736462242436228705538343026551209469877242103609135435897419584
48302010617166216305275600175968899121078077353126694982374428895426592
49877095956498940535242923916601313098057969386197866931257653521554688
51204335472272839460542731528920459063174512065037035028717352319519918
52261259723378397913517864249812555774228622193306614889239928995780512
53029676226968424792442776209700011954718151477344924053864743469239248
53496195145284235219670008711234413528766552478573864919859973873980128
53652621128922363553608176455076736647335683456413331363435084175873664
53496195145284235219670008711234413528766552478573864919859973873980128
53029676226968424792442776209700011954718151477344924053864743469239248
52261259723378397913517864249812555774228622193306614889239928995780512
51204335472272839460542731528920459063174512065037035028717352319519918
49877095956498940535242923916601313098057969386197866931257653521554688
48302010617166216305275600175968899121078077353126694982374428895426592
46505187736462242436228705538343026551209469877242103609135435897419584
44515649416416837215855616999502107024098214050640848515859923969238952
42364547972610331615259681707568953792882085738825895613095976848764192
40084353426447050835784335082640205511103877472610998158143425458492048
37708041696865979989631224307405792702606317075523809672119381303384288
35268311629181839944533382379495661488121228525148764497709788087278956
32796856300211774110831798996753057505073776301189857779691376300455712
30323710314820235099010250852760541009326407062007511651259016938904800
27876690317009776776500316496605721462618450031096887610910399826003872
25480940964290679323696999330500517271791317000171448641022388940425096
23158593450743331061761856029017457149172002886567218469426881626585728
20928538593948595068565829639581904413734121438946585375735743922998784
18806311777310766001127833162029025914774042689277981543123824972876256
16804082873613352294022492968407347140730023504889675503463336344970280
14930740827667500704983119990485427986964654289547597103308832033102176
13192059948701070080274190668189442809761424219578745139839118426531200
11590933202436432214501160420856743289623684247152299515569504475141600
10127656890398469747442861337980532563246003889764257053432700400297888
8800251004349107927161245465304725149243362572366982616987938582753984
7604800153105851444935771883153810875415035296147341105159334890538992
6535801155941945470140348507371781515564137653919009366815822021657344
5586505043245855013920467893013863927552232682925519909797455811485978
4749243157184050324985881214370161384660672773478920507085746745560128
4015729162491326740246754087968674820075595399855979127520511366511248
3377330931589178193801734631044087063991971624621607441031632567715488
2825308348039075207533658219677995016069808291354532209586153373747648
2351014988472479087450455696001948314417587635181915443800097470407872
1946063329629680883333382024444126970973160993642559946730698508741344
1602454541468846169669590745776150350313333623535260203861218569859808
1312675048911494709255537786390305733181189833277224751575678185981030
1069762872397690819641004618600482626302761231205587027192658588610208
867347305625809125581894423167372546477582218947738422089832370324640
699665784293787373773276064133604848334605826382579643542860803275872
561561877187025622193942612196033800190114979483323940903509142110816
448468229989371097591921261629771027822390443310407410944187763817408
356378053525673130568345083498325118842388939353220659984148848693872
281808411327222141456716880541454876050677495151357504974866017001952
221758162747949779377918533363891094807025211859579021086565228033504
173662989034616248361552488553778583773982019999308943693466649414368
135349497050322282218771107508659725944694491340372323688144472742976
104989979370755906830681934928024797349801993827794899260582241784800
81059025276014597679548362555756662259675793510065764708228177969712
62292834707932819471508868533916729377127148385777434398884383443456
47651792063947425955498238498222000894417573012373529369528351145808
36286610578691930288555260577431494665182292362087888426741670876736
27508159942837634734392829921373096393462319307685763462927691237950
20760936553372024846441570669655934677419593339282757913532114665568
15600022803036987800944713157802081317540228411783420786718536183936
11671303724061615238284592794532726019984315884059973293850505771520
8694660427398536898472892437190061194201438566613034437212321422048
6449834531222621661213743950562410595122553414222967072165947394432
4764650918439187095576075158258034987230512303251975630598432464576
3505293008253552413055647832810067353576058103701361274468228708960
2568341215683706792380286017940465280231921785922821826565985286214
1874308022389272736427451715570039071081192720812614310334526314720
1362429368894792832487950790755611910764083475076676140296136835104
986499790831885646505971079457375023753264653297413409695617893760
711566292683411619218694515617673220789322572713039045784696608328
511322279145265998016320234288383069916793262658079988124290458176
366067227534983531915647422490826731531604125114279232336548371312
261119770665671171675512737457439389436106296181202481317296886368
185591287790665077764363114382193511652071756141047442564327690076
131443962265707193224895834822304054999677771309477163189812570688
92771667768014559123904187182685684844905911581248075926277461440
65254175729473552478270161838327355024339379512594396086092127424
45745263537936504041462836609572712256861864232949505340970042968
31963592582910451637888819184481796255282670678082388520500321568
22261964164730639315359556914649402077994803742326831798528039152
15455984641228411750422547589494512331891898504187834291616683104
10697494675052516429486165108253189560189248035197553086385558570
7381533530703319793817124546336989658100836122883038618532669824
5078285825912835834869852768571855647426284708624024512190720624
3483538374591105495527812659286224616462735534016107917397249440
2382779293935789899052970908843202080237970802206594635109693080
1625300174927264912935778674228302739910049713113762832183655520
1105596355953569543577046275715831047669432125923774464783969360
750065987702299741854368159534991195216793059966345846109722144
507538146226840066352338840774823216540254009760431360628945532
342555222491402159036026614506971123040991409097704393214657952
230627646835796227830972854732364142895932150268939042523505344
154894863032953134150321366438764918736180375885421505654209152
103784699788937291763070844860279601848006641097462698445458984
69378658527789590170828644657558817228782519028360431145953120
46274319416434332568417396057312256787919428241783624520340752
30796461810699368355214345234366159571145382258883646159240864
20451870154441290295628927080210682697065544530909571352604064
13553801490158141804053578553866055359869372480003094291919104
8964152735714980199792027614603056263537241614031367273108176
5916994995264217173799665366449763666432026025807710957217120
3898166716941278986089538265351246967110279142117946446252680
2563361791178093313846643795194856869169320390981947868153216
1682566835354540735774280063934095351422944630476466799683248
1102477835184862985224546010256303679063706316832927668076384
721147819677697500648996711102273405325260443712695438757198
470930596831150142506911408899789153118261337773616477080288
307035455477315417446209611033101988746233379313371440583856
199866261949382903537442002230386741181721633152942788279744
129906121013045522632694480098843480603577429482000022150040
84309829281519877210942478674131434734375184036688668635840
54639164514348024435084990312433400341549123588493807098128
35361067647645417293137276061904998481438118821350849052960
22853875191469900458673186978832664910153378910945542161544
14751107335309841739886492979853069827628323931758993498112
9509030657894004448888361220661690395549125969829891775200
6122245208905676898158517237998252644227473097314665325824
3936982323922502796237386898850951229776152539546766663912
2528770026680680751834749297767776414780659715213373714336
1622417462257101840153297047378114099322942472138060184720
1039769341025362370563863205122440208926461448907984750144
665649587811296995339078062813290689355724030109708902954
425697575912562495536827499035114947865289730178642443456
271966597018572995409477071712798600954390749286507700128
173580255176515737861937335674413515980303627105852859648
110679296480768453705921575318966612863458348421448969760
70505693850620503286426676292919669938703003202089007264
44872847619762924201024587339603240117515715100877651872
28533438672060559851153942929168708909052962588026617312
18127777137800997592847857342989112412084962526364961374
11507033880352059129211471430847439383824383798451967168
7298247885496000787526617174093184123271632925711840032
4625063994123202119001287791174639060439850131421119648
2928652958772638030279672353382615532366279467843357832
1853001644302341580629169087937628054989858717096160448
1171514676576487412189202944264711418427777396014006480
740098670949622307678505026231482095132306292493353824
467204533770171827479739270286580283041064091797365478
294717025517603289147333756632962568463279426425095584
185775765361322262554089842733514712774150362502605856
117020817325578190541199141092644811766498116187283616
73660003032295446711224359697663183133857339769206184
46333901623858245660050436520820572245856185101204352
29125159539780035853686867114641374829724324730137504
18295468280693317650812428406111038911209962795196928
11484915737218268777611781711429547677792236156482462
7204837157026305709048711137171907019423970034911328
4516847929336108836251614682531284720065751868496864
2829855749891883428483290773110751541570053922820160
1771793729143172764861306326669608000476330498373960
1108623962381708005343165795382284098968645104313504
693233892076815742898122910193689446197579477019728
433213118534645838477130996297659464369018862024416
270552536150474841970388289177008144698451449333932
168861780506473100126572598844796157100431832660192
105327685480922945308712749999893943612315324822448
65657810352098831272273409288965519531058947542336
40903870650587356831182729941692683003361562949024
25466986376836168575425918844584869888137525927360
15846273942889593849251039351731807807209782813712
9854031263278303434899826090534911151368960872992
6124054792739219359453274672479953533318540558998
3803671631260319426992184388586191345440722565376
2361059137060310237315205184888967576737805564736
1464707200294896157181283615944427569283607816928
908104603173052847669726797047212361373580221224
562680667094898586911630984163228729145409448896
348441699741307601498059075761885539835922842336
215645274422972400150782237631828193631621535648
133380517193924235669237573995476045305328382982
82449281504146011289787211490946779369307372576
50935940064805900060534628238611084434293455568
31448783215226511616825973460975150440556622368
19405570750301359440396634714484660900020982656
11967152482069362673006193455760419442565297888
7375612791221063952487684360934274849420263232
4543041493762607444016436431421527088865028576
2796647683176106393247271104591832875367951336
1720558033825349481433579450033535434748082144
1057895308275163925622844439664404565256508096
650063069075230856898740808652234135651332384
399217152242600494582364789780047367310811872
245019682938824587341476123547323372114542944
150290839618936132246804377706971172960522848
92129877385522842422207505520909410069557088
56442579768348917332351354249809755644047074
34557931435310155024632106835708756157110304
21145861793817839145700742929257995265371904
12931096255180683010990490686970728206029920
7902785946527994464906519254132639264850520
4826750858184625310405386635920131460536032
2946201057287938498634997548480003409258080
1797201813441367570122068163858492594581184
1095624738057081525725314834360447248485058
667499040398545298165318897619167333635040
406412838985463926521912509464571034110880
247288871045188440904211506117405021205376
150371969929770475103562813954202999549904
91378873342278208804935277093935019477728
55494104267446378363633219717937971941648
33679090765861297624634052599995599774816
20426442974300470205443636673579336162694
12380355676793594948692686909087921846528
7498750075055718924724883147565352938640
4538870436237627492430019750528753666016
2745480428047433230823906283804270227304
1659536675162819865972031680384545756384
1002450808430664121579509427799715415872
605106229334415079291574846943552876000
365009127812056581546072524808067942622
220020002695627793520604572290839786560
132531702284283339757384468728538216176
79773255189907479441243236807931605504
47983225674031130798947915822791036576
28839959827893073398736801190175568416
17321666594607290152972583796748463776
10395622354194774759071492862897415296
6234421629497836494903040558344891228
3735939926557768382846756474191306656
2237089357063639475136083679897960384
1338494443398155098531161652948016544
800247404528322336894066538249520344
478049657449717869439730304729661056
285358496259581374812477150140480736
170192469908344158819122114669186336
101426964232407801737122674477505806
60393246930721551191310735488869248
35931992496211694597743756908932560
21359230801768587636990586401113088
12686512656193003347460513130748096
7528338941407076409468640174241664
4463779916407710602624749033665984
2644203133436633392826552904464064
1565049076329097743883684344758908
925415895013152160549653213671616
546740872685601708070736111392608
322692279401589219299642034525984
190294323888817271616079909318464
112101453833573244099896407606656
65981431233329585903227527027440
38794046535661890189977454377088
22789178461937344219006491530196
13372380904195059432643327082368
7839792730457132718955835169456
4590915882257011966163572421280
2685999350327145173827017967776
1569612397447421988364833156768
916405090428523573086509753760
534369924763001137341864308000
311316768325959031528569211590
181134159993672188686313306208
105293757251487827939973850176
61124873373014523003790385088
35451747232339762800675912600
20532595627818481802839484960
11881061141485026797670072912
6864749283416686698666973632
3962799145084412034703316120
2284047468843027030004295136
1315291845756560534237893056
756186492062393203055479168
434366102704969677889976664
249078194413321782053725632
142707304286398252364605632
81613756955670200961585888
46636830627912160657407222
26598071236993235933672128
15157713569933772234855120
8620383333440340522723936
4898983773853593143604824
2777934664479029084533152
1574219599950982856348784
889954476376503205045504
502830647540756681893158
283392694245644788418976
159643698938224175394256
89679408573659144793696
50363728553652619832232
28196921664405976590784
15783885778936984724832
8807995591557739680576
4914933330894540407232
2732171600177010402336
1519453584880102409808
841512958647561376416
466363520782377911688
257449233414263565984
142181039133515813232
78088655511958800192
42971133660614657958
23511519074490603296
12894751349966770944
7035101258094220800
3839440830436651984
2077988295882201504
1131108170739689568
610830977301943936
331616201963000004
178484467927474560
95899298290296096
50963607772673952
27506914759165824
14663437995669216
7882038955312848
4161042743959296
2183329666778288
1138016811493056
615308197259376
323632984943136
171485801067216
87409379354784
44307322074576
22962373919712
12705256781328
6511311770304
3341004683904
1594591710624
782138596928
423932343840
243645497712
115959574304
55705758684
23819973792
11992689856
7440930048
4244122824
1696250208
740336832
268662624
170772922
125413248
61464096
17678304
7205736
2040576
2514768
1834368
623784
99392
47712
8160
36072
18912
3168
96
192
0
384
96
0
0
0
0
2
