2
0
0
0
0
0
192
0
0
0
576
0
8544
0
2880
0
49056
0
250048
0
307680
0
2017344
0
6368240
0
14830272
0
58468992
0
164756096
0
467275182
0
1458411264
0
4106400288
0
11708378880
0
33498541440
0
93194662592
0
258231453696
0
710517625536
0
1931633090400
0
5213418926400
0
13967794542912
0
37125182697856
0
98006187701424
0
257077065256704
0
670146123226912
0
1737059257339968
0
4479077425621518
0
11493267959121024
0
29361143094978624
0
74706045223714368
0
189388802875425696
0
478555748565670464
0
1205689616143890816
0
3029604825616278144
0
7594223088325425216
0
18992890034431160256
0
47394889081127165376
0
117998320807483160256
0
293044046317941382368
0
725666119021841093696
0
1790741821605413828736
0
4400102959356874491840
0
10753504339985896703662
0
26102844548898721552896
0
62824787587043703071904
0
149621067276471873092864
0
351761509001237858866704
0
814228718772573311991936
0
1850238596827653607380992
0
4114812160304994751808640
0
8927244387690793360965216
0
18832652625433029528267904
0
38505318857589140748441024
0
76061787232147865664518976
0
144718558598864480051334208
0
264447104907559209979529472
0
462845495560818548253409056
0
773980388191979906900169152
0
1233752549232784369998133908
0
1870833055511496834610456128
0
2693739857899276046658822080
0
3677030562349977094994726400
0
4751947509477459464170106640
0
5807599164744449158579639424
0
6706514634934845937898219136
0
7313145881837437560980905152
0
7527623482064662028469723840
0
7313145881837437560980905152
0
6706514634934845937898219136
0
5807599164744449158579639424
0
4751947509477459464170106640
0
3677030562349977094994726400
0
2693739857899276046658822080
0
1870833055511496834610456128
0
1233752549232784369998133908
0
773980388191979906900169152
0
462845495560818548253409056
0
264447104907559209979529472
0
144718558598864480051334208
0
76061787232147865664518976
0
38505318857589140748441024
0
18832652625433029528267904
0
8927244387690793360965216
0
4114812160304994751808640
0
1850238596827653607380992
0
814228718772573311991936
0
351761509001237858866704
0
149621067276471873092864
0
62824787587043703071904
0
26102844548898721552896
0
10753504339985896703662
0
4400102959356874491840
0
1790741821605413828736
0
725666119021841093696
0
293044046317941382368
0
117998320807483160256
0
47394889081127165376
0
18992890034431160256
0
7594223088325425216
0
3029604825616278144
0
1205689616143890816
0
478555748565670464
0
189388802875425696
0
74706045223714368
0
29361143094978624
0
11493267959121024
0
4479077425621518
0
1737059257339968
0
670146123226912
0
257077065256704
0
98006187701424
0
37125182697856
0
13967794542912
0
5213418926400
0
1931633090400
0
710517625536
0
258231453696
0
93194662592
0
33498541440
0
11708378880
0
4106400288
0
1458411264
0
467275182
0
164756096
0
58468992
0
14830272
0
6368240
0
2017344
0
307680
0
250048
0
49056
0
2880
0
8544
0
576
0
0
0
192
0
0
0
0
0
2
