2
0
0
0
32
160
160
64
536
2784
9056
14432
17784
50688
167968
430656
820566
1399520
3142528
8076448
18461760
36950592
71088128
148784288
331804176
710180288
1430716944
2837564896
5769494496
11971571328
24511655296
48922743776
96782662136
192618860992
384833196720
764141108928
1501519584432
2933565760672
5728488294624
11174306689312
21707570712770
41950940686304
80754704787312
155077602119456
297096975866464
567359484630304
1079741002666528
2048610627774720
3876644019556328
7317123531396320
13773807095742928
25857277039416288
48415889543021072
90433830081314464
168514020006520976
313264096637007040
580990313030880734
1075073969950814112
1984945625673085344
3656966054688989952
6723134407652092368
12334421967896664896
22582962492520099248
41264542000844311552
75253123943325938572
136974297753375047232
248848921354607633648
451262731943042048864
816835389913150452800
1475926210514008629920
2662150834953164882304
4793478581410426108160
8616497086774353310452
15462642673597538978176
27702588071330611360224
49550802259700034114784
88487982678647978678288
157772094074936638282752
280864557830239231783552
499220754040241299138912
885981977767133267479474
1570004423486873512608384
2777968595026207515927984
4908067970510726301022752
8658775703869886681558320
15253538320864056947309184
26832306212033834550203632
47132820733427298636801984
82674436851933820974016024
144812295076765769025650720
253296764313228649347596064
442432628799344414857226784
771722027329237092476007608
1344229708386474554760126400
2338229810098058205218334016
4061663511549669083257117728
7045719322217716102260243102
12205418042082368431430310304
21114794046584192503474141984
36477790867665283875083254400
62932934859082466610218980272
108426433932816835624007839488
186551916961317917126083884368
320531628828894864711746548064
549980930748872137176176490424
942385339693451905846817602272
1612544770123539097870487232944
2755467309554075358208783111904
4701933035263929368908762580512
8012211265667482239894663607456
13633890376131454730792843480800
23167272885248416906487895172992
39310952346530845437400408422672
66608725177838139940699782379360
112699628403506788268533297661472
190406627146390849172944470800096
321220862031829710390802874611896
541104179880362389975589938466592
910135987547755345706308549438864
1528523557550434626465854376351648
2563126336716748065404500029437346
4291319399435809172087839605065632
7173396767741941607023956090066688
11971858231319253019600695780605632
19947557794343561431073312325049848
33181598854407418075662905643814528
55102513772595194405895400650189648
91347838631473824168932626182919744
151169163461355968654099606840824874
249718403305686327598030973618164672
411759484822983420079746958640017152
677679965071950902837787951549898080
1113204067481739791211952413041773600
1825046734842135058046379741899891840
2986077038461354847790454016917462128
4875658875703019150980098113769003424
7944143076616795219235923590855200974
12915672458915489159269263020081773888
20951569786131613505436965783249731904
33909202877825763326047848020105589600
54750795374527798075872645242559869984
88186871066688260202134102382819405952
141685462615145389986892551699872644752
227049253451214090082975840517683221248
362870939489989184959229149567204024682
578340791078431664718364537344407732480
919126874620038970663823912689503731536
1456417386339392149900444242327683689312
2300763605940537036931777995816664142672
3623173749949350742836629055719192800960
5687100131843949582408225545233132264848
8896700322018157936527522378108173588160
13869268689678652488399080118568227775168
21543346669172504835093167286761168879616
33339162616542547734995354363166285899264
51395308753252385030428098805860348285344
78915705903403599077966768280068577741752
120674942196769448293402451409987815934784
183749284533281340648078550279378648507808
278566657948913587835101243084021475198976
420403626507552294252168797109947851049162
631503205096961017606120652204156708887264
944046817346195981314315413321475124754432
1404289733646776391974193599616556787974368
2078264720284267830675135773967538021174800
3059575909557289201995168840630704876556480
4479945702348254712963202268445094577660448
6523341880955327393951390967783208816551456
9444697503979624972947903804948026452291906
13594436227381885963751692323855046559313888
19450218826208370819383883862945370305704576
27657514384368943840413484502254380429765088
39080744907162760275928053173244210079585176
54866818205073171857913870712893464509966112
76522803436576646730542846941953090674974368
106009259033220169552022103474436843012930528
145850227773137889223465151632263910711342838
199260097958978318815552306492593563878628672
270286324557845827403798785863483934108917824
363965353036973430548414075771157358054811904
486486959024457997150927950454733057272286392
645359615829057354176380225474955265857126528
849566492376179642199765106776651253479867312
1109698401866984685463625382451314053288821280
1438046688047906068172476185520430240742115026
1848635966342994206228673297536671974201040992
2357174237105681202696704851434383992849402816
2980896638796818556683717323608649552761387360
3738279533836187972418714514090403592981571232
4648604236246914363733088454790717714733368928
5731354941869731407949502392638236677897515872
7005443600508651038471639814186197860351767328
8488265630085291587464035303185637762167174156
10194604255817928286249610523964122347730997088
12135417227781133484878482838846599170418097856
14316556691685862514234665747200248878734450400
16737489642775056979816805310651118610926715152
19390100958940294466052792145951685104638081568
22257671595506710741901944279355919900601075872
25314129261828329568531779453882312372005698784
28523666172863905467055618556007349728152983366
31840807159593323717658024776741589553736666720
35210991139623755960827033340972261489604815136
38571700204846310994477248386763745312481093088
41854134877317299105474853535481986106688326536
44985393880472901705219956761483928078081480672
47891075338742597973275888166413955519921046432
50498177446848498990747267101425908927729078144
52738144272877067271649951397302532246551493734
54549880104782338216096800218353740087022954112
55882546493244409650760572456156743198413658880
56697961614023192666240267276813672136737300576
56972442076826586996194426450332252865285392256
56697961614023192666240267276813672136737300576
55882546493244409650760572456156743198413658880
54549880104782338216096800218353740087022954112
52738144272877067271649951397302532246551493734
50498177446848498990747267101425908927729078144
47891075338742597973275888166413955519921046432
44985393880472901705219956761483928078081480672
41854134877317299105474853535481986106688326536
38571700204846310994477248386763745312481093088
35210991139623755960827033340972261489604815136
31840807159593323717658024776741589553736666720
28523666172863905467055618556007349728152983366
25314129261828329568531779453882312372005698784
22257671595506710741901944279355919900601075872
19390100958940294466052792145951685104638081568
16737489642775056979816805310651118610926715152
14316556691685862514234665747200248878734450400
12135417227781133484878482838846599170418097856
10194604255817928286249610523964122347730997088
8488265630085291587464035303185637762167174156
7005443600508651038471639814186197860351767328
5731354941869731407949502392638236677897515872
4648604236246914363733088454790717714733368928
3738279533836187972418714514090403592981571232
2980896638796818556683717323608649552761387360
2357174237105681202696704851434383992849402816
1848635966342994206228673297536671974201040992
1438046688047906068172476185520430240742115026
1109698401866984685463625382451314053288821280
849566492376179642199765106776651253479867312
645359615829057354176380225474955265857126528
486486959024457997150927950454733057272286392
363965353036973430548414075771157358054811904
270286324557845827403798785863483934108917824
199260097958978318815552306492593563878628672
145850227773137889223465151632263910711342838
106009259033220169552022103474436843012930528
76522803436576646730542846941953090674974368
54866818205073171857913870712893464509966112
39080744907162760275928053173244210079585176
27657514384368943840413484502254380429765088
19450218826208370819383883862945370305704576
13594436227381885963751692323855046559313888
9444697503979624972947903804948026452291906
6523341880955327393951390967783208816551456
4479945702348254712963202268445094577660448
3059575909557289201995168840630704876556480
2078264720284267830675135773967538021174800
1404289733646776391974193599616556787974368
944046817346195981314315413321475124754432
631503205096961017606120652204156708887264
420403626507552294252168797109947851049162
278566657948913587835101243084021475198976
183749284533281340648078550279378648507808
120674942196769448293402451409987815934784
78915705903403599077966768280068577741752
51395308753252385030428098805860348285344
33339162616542547734995354363166285899264
21543346669172504835093167286761168879616
13869268689678652488399080118568227775168
8896700322018157936527522378108173588160
5687100131843949582408225545233132264848
3623173749949350742836629055719192800960
2300763605940537036931777995816664142672
1456417386339392149900444242327683689312
919126874620038970663823912689503731536
578340791078431664718364537344407732480
362870939489989184959229149567204024682
227049253451214090082975840517683221248
141685462615145389986892551699872644752
88186871066688260202134102382819405952
54750795374527798075872645242559869984
33909202877825763326047848020105589600
20951569786131613505436965783249731904
12915672458915489159269263020081773888
7944143076616795219235923590855200974
4875658875703019150980098113769003424
2986077038461354847790454016917462128
1825046734842135058046379741899891840
1113204067481739791211952413041773600
677679965071950902837787951549898080
411759484822983420079746958640017152
249718403305686327598030973618164672
151169163461355968654099606840824874
91347838631473824168932626182919744
55102513772595194405895400650189648
33181598854407418075662905643814528
19947557794343561431073312325049848
11971858231319253019600695780605632
7173396767741941607023956090066688
4291319399435809172087839605065632
2563126336716748065404500029437346
1528523557550434626465854376351648
910135987547755345706308549438864
541104179880362389975589938466592
321220862031829710390802874611896
190406627146390849172944470800096
112699628403506788268533297661472
66608725177838139940699782379360
39310952346530845437400408422672
23167272885248416906487895172992
13633890376131454730792843480800
8012211265667482239894663607456
4701933035263929368908762580512
2755467309554075358208783111904
1612544770123539097870487232944
942385339693451905846817602272
549980930748872137176176490424
320531628828894864711746548064
186551916961317917126083884368
108426433932816835624007839488
62932934859082466610218980272
36477790867665283875083254400
21114794046584192503474141984
12205418042082368431430310304
7045719322217716102260243102
4061663511549669083257117728
2338229810098058205218334016
1344229708386474554760126400
771722027329237092476007608
442432628799344414857226784
253296764313228649347596064
144812295076765769025650720
82674436851933820974016024
47132820733427298636801984
26832306212033834550203632
15253538320864056947309184
8658775703869886681558320
4908067970510726301022752
2777968595026207515927984
1570004423486873512608384
885981977767133267479474
499220754040241299138912
280864557830239231783552
157772094074936638282752
88487982678647978678288
49550802259700034114784
27702588071330611360224
15462642673597538978176
8616497086774353310452
4793478581410426108160
2662150834953164882304
1475926210514008629920
816835389913150452800
451262731943042048864
248848921354607633648
136974297753375047232
75253123943325938572
41264542000844311552
22582962492520099248
12334421967896664896
6723134407652092368
3656966054688989952
1984945625673085344
1075073969950814112
580990313030880734
313264096637007040
168514020006520976
90433830081314464
48415889543021072
25857277039416288
13773807095742928
7317123531396320
3876644019556328
2048610627774720
1079741002666528
567359484630304
297096975866464
155077602119456
80754704787312
41950940686304
21707570712770
11174306689312
5728488294624
2933565760672
1501519584432
764141108928
384833196720
192618860992
96782662136
48922743776
24511655296
11971571328
5769494496
2837564896
1430716944
710180288
331804176
148784288
71088128
36950592
18461760
8076448
3142528
1399520
820566
430656
167968
50688
17784
14432
9056
2784
536
64
160
160
32
0
0
0
2
