2
0
0
0
0
0
128
0
0
0
384
0
3648
0
1920
0
20448
0
71680
0
125952
0
537600
0
1445440
0
3756288
0
11173440
0
29955072
0
79741908
0
214759680
0
564284736
0
1466972160
0
3794966880
0
9719376896
0
24675685440
0
62292331392
0
156254486400
0
389861188608
0
968881334400
0
2401604036480
0
5943999466080
0
14718828604800
0
36489120287104
0
90531973320960
0
224302545792990
0
552555915961088
0
1345521360969600
0
3216056123389440
0
7490278550241824
0
16869275678196480
0
36469040038061376
0
75117167475907200
0
146393515772750496
0
268119161284331136
0
458751110448999360
0
729280862203782144
0
1072405790365371360
0
1453109164616688384
0
1809232996157293440
0
2065243290390040320
0
2158800489098126488
0
2065243290390040320
0
1809232996157293440
0
1453109164616688384
0
1072405790365371360
0
729280862203782144
0
458751110448999360
0
268119161284331136
0
146393515772750496
0
75117167475907200
0
36469040038061376
0
16869275678196480
0
7490278550241824
0
3216056123389440
0
1345521360969600
0
552555915961088
0
224302545792990
0
90531973320960
0
36489120287104
0
14718828604800
0
5943999466080
0
2401604036480
0
968881334400
0
389861188608
0
156254486400
0
62292331392
0
24675685440
0
9719376896
0
3794966880
0
1466972160
0
564284736
0
214759680
0
79741908
0
29955072
0
11173440
0
3756288
0
1445440
0
537600
0
125952
0
71680
0
20448
0
1920
0
3648
0
384
0
0
0
128
0
0
0
0
0
2
