2
0
0
0
0
0
256
0
0
0
768
0
15488
0
3840
0
89984
0
610560
0
569984
0
5090048
0
19469248
0
38357504
0
195071872
0
593661440
0
1647164056
0
6079040000
0
17807302016
0
53738347008
0
170140806592
0
498903944960
0
1485151826176
0
4404276587776
0
12754866441600
0
36874700352256
0
105690589290752
0
299658485230336
0
844258754563008
0
2360618928366848
0
6550161111283712
0
18056863755446272
0
49454245205438196
0
134596489854668544
0
364196000298158208
0
979980811927271168
0
2623010939899187648
0
6985971936127542784
0
18519138505836035456
0
48876913140379062528
0
128469887437226192224
0
336379797198939641856
0
877608270939911305344
0
2282016533328598863360
0
5915325547859050611200
0
15288454033212263535616
0
39404293803921283138176
0
101291534832167441612800
0
259710932349168938089512
0
664224406124877905329408
0
1694526997491928693739648
0
4311955380547422861729536
0
10943521142191410921386368
0
27697765225632163577227520
0
69898691906365411746744832
0
175852043607971690046489856
0
440944839923217466855266912
0
1101722924950863681457861120
0
2742167273311715643445402880
0
6797055733412010437614464768
0
16773134764260792888974205952
0
41192972388289810750041951232
0
100642515958002740055238885248
0
244514181797141404313583432704
0
590446681132665544152735888894
0
1416345891007480927359496018432
0
3372780597066850418470081919616
0
7967225170386330227518047033600
0
18652666913365143279884243462656
0
43235740963444484589803439827968
0
99106428144749252382567219266176
0
224358372187575579401511644132608
0
500874060846506437758830106085664
0
1100960884433547906641394232516608
0
2378705725249181259275858746331008
0
5042807345162285176100585001524736
0
10470940145953464258276345422100416
0
21256563392809618974946875250297088
0
42112558073277887369767517818196992
0
81277945090147696593910686002148096
0
152556133223607855024693905081295424
0
278012309785284179962714896104695808
0
491122949214215892325523427456576512
0
839767792081367256481380436642410496
0
1387909196696184494288805307491238720
0
2214251406924332611513862256359481600
0
3405889951328308782872763238613973632
0
5045329848903960446888749812222186752
0
7190610731143661131561533377811579424
0
9850683918835300201104103681736441344
0
12961166818198429137133464592425735552
0
16368073054832286786518401489488847104
0
19827661745146134476976948436126917760
0
23028039549711961941449461420254309888
0
25632522297878728585158529353797256576
0
27337478300948476560145545872600779520
0
27931133972792757509963803772500444184
0
27337478300948476560145545872600779520
0
25632522297878728585158529353797256576
0
23028039549711961941449461420254309888
0
19827661745146134476976948436126917760
0
16368073054832286786518401489488847104
0
12961166818198429137133464592425735552
0
9850683918835300201104103681736441344
0
7190610731143661131561533377811579424
0
5045329848903960446888749812222186752
0
3405889951328308782872763238613973632
0
2214251406924332611513862256359481600
0
1387909196696184494288805307491238720
0
839767792081367256481380436642410496
0
491122949214215892325523427456576512
0
278012309785284179962714896104695808
0
152556133223607855024693905081295424
0
81277945090147696593910686002148096
0
42112558073277887369767517818196992
0
21256563392809618974946875250297088
0
10470940145953464258276345422100416
0
5042807345162285176100585001524736
0
2378705725249181259275858746331008
0
1100960884433547906641394232516608
0
500874060846506437758830106085664
0
224358372187575579401511644132608
0
99106428144749252382567219266176
0
43235740963444484589803439827968
0
18652666913365143279884243462656
0
7967225170386330227518047033600
0
3372780597066850418470081919616
0
1416345891007480927359496018432
0
590446681132665544152735888894
0
244514181797141404313583432704
0
100642515958002740055238885248
0
41192972388289810750041951232
0
16773134764260792888974205952
0
6797055733412010437614464768
0
2742167273311715643445402880
0
1101722924950863681457861120
0
440944839923217466855266912
0
175852043607971690046489856
0
69898691906365411746744832
0
27697765225632163577227520
0
10943521142191410921386368
0
4311955380547422861729536
0
1694526997491928693739648
0
664224406124877905329408
0
259710932349168938089512
0
101291534832167441612800
0
39404293803921283138176
0
15288454033212263535616
0
5915325547859050611200
0
2282016533328598863360
0
877608270939911305344
0
336379797198939641856
0
128469887437226192224
0
48876913140379062528
0
18519138505836035456
0
6985971936127542784
0
2623010939899187648
0
979980811927271168
0
364196000298158208
0
134596489854668544
0
49454245205438196
0
18056863755446272
0
6550161111283712
0
2360618928366848
0
844258754563008
0
299658485230336
0
105690589290752
0
36874700352256
0
12754866441600
0
4404276587776
0
1485151826176
0
498903944960
0
170140806592
0
53738347008
0
17807302016
0
6079040000
0
1647164056
0
593661440
0
195071872
0
38357504
0
19469248
0
5090048
0
569984
0
610560
0
89984
0
3840
0
15488
0
768
0
0
0
256
0
0
0
0
0
2
