2
0
0
0
32
64
64
64
344
1152
2144
3200
6064
15232
34368
64256
115392
226176
466336
917504
1718256
3211456
6116992
11650560
21824904
40404608
74727840
138083136
253845552
463841728
844181568
1531415808
2768287350
4986371456
8951489472
16020025088
28579910064
50833175424
90152377376
159430394752
281126696896
494267884096
866471751968
1514414443712
2638682646528
4582622198080
7931430600416
13677430360704
23493851180280
40184311737216
68412849734944
115876255707968
195157828387584
326616189658176
542800550183648
895048262323776
1463117148280864
2368823267008000
3794698829920864
6008503764695936
9393754206634256
14485362297151104
22007474137888064
32907834165359488
48379825343462856
69859662340226560
98983978749509824
137492455023921344
187063812856263920
249082597262315904
324347498037198240
412751399859292096
512981172610144576
622300921479353600
736487106524763936
849968945199728064
956203560776080736
1048268098549307392
1119601866724838944
1164793188004913024
1180272876072228880
1164793188004913024
1119601866724838944
1048268098549307392
956203560776080736
849968945199728064
736487106524763936
622300921479353600
512981172610144576
412751399859292096
324347498037198240
249082597262315904
187063812856263920
137492455023921344
98983978749509824
69859662340226560
48379825343462856
32907834165359488
22007474137888064
14485362297151104
9393754206634256
6008503764695936
3794698829920864
2368823267008000
1463117148280864
895048262323776
542800550183648
326616189658176
195157828387584
115876255707968
68412849734944
40184311737216
23493851180280
13677430360704
7931430600416
4582622198080
2638682646528
1514414443712
866471751968
494267884096
281126696896
159430394752
90152377376
50833175424
28579910064
16020025088
8951489472
4986371456
2768287350
1531415808
844181568
463841728
253845552
138083136
74727840
40404608
21824904
11650560
6116992
3211456
1718256
917504
466336
226176
115392
64256
34368
15232
6064
3200
2144
1152
344
64
64
64
32
0
0
0
2
