0
0
0
0
0
0
0
0
0
0
0
0
0
0
0
0
0
0
0
0
10
0
0
160
480
560
3080
8160
22200
60880
161040
392880
1051280
2553680
6172680
14740880
34630790
79510640
182074480
406306160
898264200
1963270800
4237108840
9029092320
19074125680
39804556400
82323953400
168699604960
342573636180
689557376160
1377256508680
2728325134800
5365227292790
10474393345120
20306555333160
39103240274160
74821235341660
142263563732720
268884806863720
505253544876560
944074286292980
1754403556617280
3243145174071520
5964415603534720
10914573854725380
19876532961453760
36026682504113240
64999257488079040
116746350667032720
208771648846214720
371735504295772020
659126912391648080
1163884984999177900
2046860312952333440
3585345601309436320
6255519166535610400
10871921210999747500
18822555431544361200
32463500086048192560
55778784348272893280
95479214106563914540
162824974514451293040
276635934166210451080
468243217975482106400
789598533804913371060
1326497171564665414000
2220041916892938763940
3701321370093498147520
6147169670419259858120
10169371468400954479920
16756633401787447191840
27499289036172321992160
44942918601367640817400
73141445699664088912800
118516696808791679161440
191185082808634062667120
306990361809969151001400
490594056018771851079760
780134642534856047103040
1234189224324958159376560
1942075476057693561208012
3038939375556306586766880
4727605726271869593957980
7309843104344195358620560
11230518662515276521740680
17139080172077348861965360
25973857760331020210203160
39075728037542081938493680
58338569391171430305065480
86404394884192712933313920
126910732960654689822424760
184796255176390205000768320
266667281533771350183569080
381222030320490919058693120
539720767494101741143683640
756478042123547947379412736
1049337946167717899562851700
1440075532441705824136787840
1954648541784406694258817840
2623205926153020641596097040
3479746772530022948974144198
4561319322175475057352305760
5906659751314879435242074760
7554198280332419218027590960
9539409305397434323009874200
11891552831656187209758613632
14629943346879373485900294120
17759982096253014465607325360
21269286811804099702579498240
25124334306034283496521365200
29268077639706294832408569680
33618994837847955260338641920
38071958475438499322055974640
42501180367734085508977223200
46765290982471001798335778800
50714375961346841163994664992
54198542328323731493192059470
57077359373472608821110840480
59229350492031867364433756480
60560634818224593931520429600
61011849207936191929121156844
60562627185270872375614107920
59233155193510460420857468760
57082637253387787035182629360
54204834115794484633204545820
50721153747853986327660786448
46772015401445823478784869800
42507355758781702043638906560
38077179268044685194315277070
33622977960544325478364472240
29270677948506321857222964624
25125542938318183641436058640
21269214401234802312606635630
17758830964445607514008103520
14627973611342365018325285200
11889047537693123610360479152
9536643146037268309349527700
7551413007348032704767029360
5904048107658365635916123120
4559017637884340585972547600
3477835245437051354999455108
2621714793937267068031454400
1953567921644425443788624360
1439366874952517968950563040
1048945285046103434543302290
756337819381657896870390912
539769523071978400198247200
381401728622666159567201440
266928444795088027716920180
185099258189384851580131040
127225751050605359962170304
86710469596043723636358800
58622203812802586249874700
39329327965712765814792080
26194227401401089472179400
17326102111085568997613376
11386069705340212615439000
7436956425742301181033040
4829857339455788288103160
3120023998147715714673280
2005533220784178101602938
1283245358932409799152880
817621112095538584447280
518926380116990205539840
328180334008960788552540
206874407983422498999936
130021216083752308654560
81498899500520943357760
50959662343685709932000
31793327494049572188320
19795536657203570172752
12302619563106223167520
7632979917732834593080
4728402463535758796080
2924873033961497826840
1806806678268124858096
1114706501496928318660
686875893000080265360
422749876182057778540
259889577636460341280
159588815496152319108
97887646431045066800
59974341539410322920
36703921687613256560
22436936248483909120
13699722053382820016
8355028048501484160
5089349195557674720
3096301399771728040
1881391254714589760
1141711329683222744
691930152183243920
418775815941397700
253105583855756960
152758951274447500
92061832323946192
55399528781358200
33286755559199360
19968786092925800
11960249971632080
7151878977636428
4269198700447520
2544083137834080
1513426004889040
898586328519460
532564075518432
315066884682320
185969974188960
109566752133820
64433420668080
37791035585524
22124759534240
12930468929340
7527836071840
4376746724960
2540574529888
1467474909100
847600836480
488703242440
279096116000
159919138764
91574133840
51837104200
29591196400
16749413900
9251034992
5262127800
2982064320
1641108210
929112560
500818000
263338560
157197700
87343520
45319720
25014192
11853140
6516480
4539840
2166160
992028
500560
201040
177200
118210
33136
15000
5520
3640
5200
1720
80
160
0
120
80
0
0
0
0
2
