2
0
0
0
0
0
320
0
0
0
960
0
24480
0
4800
0
143200
0
1218880
0
912160
0
10345920
0
47398320
0
79040640
0
498531680
0
1675205504
0
4337573930
0
18891034560
0
57682533760
0
176836989440
0
624632853792
0
1893353482240
0
5939302515040
0
18941803627840
0
57320188071720
0
175595343883648
0
533401715421600
0
1591174880900480
0
4737909007691680
0
13978933333840960
0
40860401654955232
0
118734668057196480
0
342449629811473940
0
980719940062492480
0
2791203423388372160
0
7893624874496027008
0
22188680659465988160
0
62017252878421215040
0
172381626319388794400
0
476621837438204695040
0
1311214126679934017840
0
3589909253459629672000
0
9783690909093063454720
0
26547957433686530360960
0
71740204711813751170320
0
193103731050340655570112
0
517853064512581180486880
0
1383876582669826195765120
0
3685925638511189153656980
0
9786623083433085135325120
0
25907708498648223169403168
0
68391350671163262796901760
0
180056188978987378066928240
0
472824400439622364046052800
0
1238562338610068522823181760
0
3236634156565509584427441728
0
8438178543279242208525558960
0
21947983744037927383899934720
0
56955119310577420165082788640
0
147453376310125457179385869440
0
380840204053304053938294093232
0
981229522347400385845160757120
0
2521761095327367333792834104320
0
6464003271980194661352608904640
0
16524038416933780920622358629610
0
42120680984758198628154895034240
0
107048950462696355818215680211840
0
271217106135545609256881769320000
0
684914478468295621352069224990240
0
1723752423142950531073324369434880
0
4322802779373979443307002021662752
0
10800375796515846070404495042658240
0
26879693215301082401269228026478440
0
66626763563013455836143866947625920
0
164450973109492734610247465873189120
0
404118237844459978999199417619608384
0
988510342617404050412935935490592240
0
2406386605347224031889315349552166400
0
5828597975125108368892522427465533280
0
14043352294350621726562546340970213120
0
33648591738156210283136472558151607454
0
80152858643262953884162179638867143040
0
189747437793376245105103670295421324800
0
446236726210207516900114460863646760640
0
1042054938566802403701934663988847854080
0
2415060131327491427198785652890009114432
0
5551667911330867160351763215718638956160
0
12650027771088343472063776786128094784000
0
28550468419490926206723672312710147659560
0
63773031204819312212879481506962643389120
0
140857315954173161998437161959109732883200
0
307345752417923771646524385734865347420480
0
661822064837303198432902685483830128291840
0
1404948179925345701890451578246574262709760
0
2937014648989623467983977114511617335543840
0
6039325198678173459767865075779088775496320
0
12201415700453901957332255764884062753100300
0
24192058068119536964700470779492746553528000
0
47019756869702763421321927297032064881134080
0
89483742248823407065756915174813794100430080
0
166565835336967871387682508727884424214744352
0
302929229715831287458458699468144478255497920
0
537726426659762103352682848256620245456517440
0
930713500457529344026686408002070701753027200
0
1569257113989896995341535652465252590832014600
0
2575167065800913993354438557118324961165898176
0
4109427327127188307499931539926430276437152960
0
6371995871633843823200342393767104625489232320
0
9593221529160360124093774133561910225457171920
0
14013544529103761433244398613931775304211844800
0
19849486862619681636803828015893721476610782240
0
27246784867665880603743770410069445738019576960
0
36225694791315144347181699063836299946593222040
0
46628176130687488923939735223909031429404476160
0
58080344828742508208164232440219918555502119520
0
69984507338056293881180807587433011169562052608
0
81551818242152879875189951788377270163341625120
0
91878862472377151699726651811411037427600205760
0
100060615844952112509046497621990694797341248160
0
105321221526337049099851705196147747521949533760
0
107136508578936835287688059457877656560391979008
0
105321221526337049099851705196147747521949533760
0
100060615844952112509046497621990694797341248160
0
91878862472377151699726651811411037427600205760
0
81551818242152879875189951788377270163341625120
0
69984507338056293881180807587433011169562052608
0
58080344828742508208164232440219918555502119520
0
46628176130687488923939735223909031429404476160
0
36225694791315144347181699063836299946593222040
0
27246784867665880603743770410069445738019576960
0
19849486862619681636803828015893721476610782240
0
14013544529103761433244398613931775304211844800
0
9593221529160360124093774133561910225457171920
0
6371995871633843823200342393767104625489232320
0
4109427327127188307499931539926430276437152960
0
2575167065800913993354438557118324961165898176
0
1569257113989896995341535652465252590832014600
0
930713500457529344026686408002070701753027200
0
537726426659762103352682848256620245456517440
0
302929229715831287458458699468144478255497920
0
166565835336967871387682508727884424214744352
0
89483742248823407065756915174813794100430080
0
47019756869702763421321927297032064881134080
0
24192058068119536964700470779492746553528000
0
12201415700453901957332255764884062753100300
0
6039325198678173459767865075779088775496320
0
2937014648989623467983977114511617335543840
0
1404948179925345701890451578246574262709760
0
661822064837303198432902685483830128291840
0
307345752417923771646524385734865347420480
0
140857315954173161998437161959109732883200
0
63773031204819312212879481506962643389120
0
28550468419490926206723672312710147659560
0
12650027771088343472063776786128094784000
0
5551667911330867160351763215718638956160
0
2415060131327491427198785652890009114432
0
1042054938566802403701934663988847854080
0
446236726210207516900114460863646760640
0
189747437793376245105103670295421324800
0
80152858643262953884162179638867143040
0
33648591738156210283136472558151607454
0
14043352294350621726562546340970213120
0
5828597975125108368892522427465533280
0
2406386605347224031889315349552166400
0
988510342617404050412935935490592240
0
404118237844459978999199417619608384
0
164450973109492734610247465873189120
0
66626763563013455836143866947625920
0
26879693215301082401269228026478440
0
10800375796515846070404495042658240
0
4322802779373979443307002021662752
0
1723752423142950531073324369434880
0
684914478468295621352069224990240
0
271217106135545609256881769320000
0
107048950462696355818215680211840
0
42120680984758198628154895034240
0
16524038416933780920622358629610
0
6464003271980194661352608904640
0
2521761095327367333792834104320
0
981229522347400385845160757120
0
380840204053304053938294093232
0
147453376310125457179385869440
0
56955119310577420165082788640
0
21947983744037927383899934720
0
8438178543279242208525558960
0
3236634156565509584427441728
0
1238562338610068522823181760
0
472824400439622364046052800
0
180056188978987378066928240
0
68391350671163262796901760
0
25907708498648223169403168
0
9786623083433085135325120
0
3685925638511189153656980
0
1383876582669826195765120
0
517853064512581180486880
0
193103731050340655570112
0
71740204711813751170320
0
26547957433686530360960
0
9783690909093063454720
0
3589909253459629672000
0
1311214126679934017840
0
476621837438204695040
0
172381626319388794400
0
62017252878421215040
0
22188680659465988160
0
7893624874496027008
0
2791203423388372160
0
980719940062492480
0
342449629811473940
0
118734668057196480
0
40860401654955232
0
13978933333840960
0
4737909007691680
0
1591174880900480
0
533401715421600
0
175595343883648
0
57320188071720
0
18941803627840
0
5939302515040
0
1893353482240
0
624632853792
0
176836989440
0
57682533760
0
18891034560
0
4337573930
0
1675205504
0
498531680
0
79040640
0
47398320
0
10345920
0
912160
0
1218880
0
143200
0
4800
0
24480
0
960
0
0
0
320
0
0
0
0
0
2
