2
0
0
0
0
64
256
0
128
64
1600
8512
15872
3392
22528
39424
208370
553344
748480
624320
2262848
4565760
13724896
25917824
36503216
57741184
151519584
291081216
655503600
1107405568
1854194112
3494020608
7556232600
13711765440
27122461120
46442288832
85055946384
159933441856
311188375008
551301786368
1037329978704
1823601257280
3369122670016
6132977885504
11347094049072
20005919956160
36691157633984
64850896140160
117826563128456
209558450666176
378181674214336
664363345882240
1194350092841536
2097804918051328
3744538252329728
6567609066254848
11658781068683840
20342863325283968
35973108606890784
62628248807229952
110167194100442672
191285727312648000
335032224323491424
579797752911523456
1011629263579796428
1745978111376249152
3034015973110989440
5222221750912771648
9041551513423297776
15519029597830195392
26776358033987743712
45838114970782716736
78820656462694334944
134583827247504971840
230682142947458757376
392875552878923868736
671338874460407893760
1140518690767328119488
1943113172326398758432
3293072181098066194496
5594418374117570638292
9458418410947371265152
16024047091233950352704
27028212337752742999616
45667502799401857868592
76851490792612700901760
129512842084871383208768
217457292901775193500480
365540841766470105250496
612391034033664873743808
1026879475170648901598304
1716556808133801418170880
2871457292550436445590992
4789601682411438510398464
7993175023879565306709760
13304115836362771246774464
22151410310064955716704544
36791518422588296751930240
61118967580807967494747712
101300280608490548050029184
167906401973973129446599760
277713902181074280433732736
459299417526409878226609952
758102888947147414443159232
1251064097926618848312469168
2060718326813123576010183424
3393382637113602127027384544
5578050155650611655178464128
9165735337250430646457976064
15035915240358379708489266688
24654243649193447061011774656
40361606577235295686670307840
66040712030027664986945241032
107895342603934707636243313792
176169384609183030477063350432
287232977190174754602860929664
468002117862986867047032542176
761486172735758825772340406784
1238115209696198944935045004544
2010396437402963625614721099968
3261852988916405796193255703680
5285501565720373216569718280448
8557541302795378639518072760608
13837744378363588304856640150528
22356459076981832486173459520880
36074938644002943326077195904704
58158244542905006864189144877600
93646246839813366450244146525568
150645191980719600246232465634514
242046833748726150086258441500416
388519514241692540645862909315136
622886246919067981860428162172480
997603550060867345507163075999920
1595844006152136609217571277947776
2550119762893686803317113782675808
4070166756609470456071737856690752
6489121860576213867489880004967424
10333251292232127087672526417985472
16435932908706491689912441092456704
26110937689161290784539768954855424
41432447993728570680799851375190592
65662946779307434708904604168873536
103937687074690630025904761030137120
164314423286777440427716680014877056
259437606543452407901537257790255506
409096418515072454993483891492250176
644248062602691441047142729810842240
1013208027169693480169758768137304320
1591317436665832430691192895960980016
2495814584032283614644809312814887872
3908911855035578254421808110241036480
6113251429315236559233758919558390784
9546601536443309060873995588578175232
14885706943960376378988953247856869952
23174928907456744799176970090790819424
36022843181039170446023988967970020160
55902240194642435930398913381128312208
86606818402929270018333143575775001536
133944350944071076003708744540131885216
206786971270978274378711157730627824320
318656492899977166932668454938046838220
490113507405181279426373578345798939648
752342446980172205081526505705149590784
1152521256704236339525528541812647280704
1761828146771687918882913025446127978016
2687351974838975345131585005469316425152
4089728803345520821066103743609748201024
6209177986862470510529507451777928524416
9403760337267985134548242435444684804208
14205384295392036510085743240736155477824
21401403734916225591402891008064662903328
32152969508213291472427147009139681219008
48165835322341163941325363008724007846880
71935595189840567261806775608935095317312
107097915687355406801557692808396347329024
158925813663242278710129242722588236344768
235031639403312209453303094823860983105868
346351673691671493498168304065781922477056
508518350920191170840538368483075602072928
743759274383450022987181835875402743345984
1083506792692313948749519281397679568056320
1571956537810491646584782255604606323707968
2270882145774866714633317320167112779848000
3266095145482015157704183678327453628414400
4676036911400336223470097195275590302959184
6663101582788865932570434571942965260331648
9448413471197947064427483406552397376299328
13330917088784118570220055119392280454954176
18711770507774645697860073381787169843044448
26125160090799011346876458457282806409030528
36276747633110787766323987811203813009916640
50091014452906016987747125010928902631216192
68768731648624939182899312385817610258957824
93855650491921645931188696333041787181465152
127323208842187987292104071425086042490280800
171661564982438052309078026054848606634349120
229984545864509989494738493710877764641243152
306145091254331405516689894569620328799680512
404858485171343665534668480594291848988247648
531829038222854127584620124720493034442989248
693874013297957360255432721061055982810684576
899036436571353641731460385476837799907747712
1156676227821028124327713810688109028190465312
1477526858215575974885203824442451969919452160
1873702827087445825288715144269962756726376720
2358641829424687512345023606827205454377445120
2946964896449162916931449872742066160113463968
3654238407140736913337144012699273360248234432
4496623864391448646748521017204294629884925128
5490405201486628105010304690328999360617758592
6651388979553626682039067214916624165319717152
7994180552693247109543089614257797049243392128
9531348551367192190072947526596004403895734624
11272500828185267999099617000255869213648925952
13223306442432313307520293892774447737334465952
15384509556043987573737345321795580717716135232
17750991355394240265746967633752787905665419392
20310943770416850316771846568823671241825512448
23045223256556308729130115236838860103890278048
25926952401140915466802121004955406741242536576
28921431685235960755189053397695007835099788176
31986412109644979532492020145811310828888670976
35072762381747993629747464826363500604930886880
38125542194088304182776888148150610940904684352
41085467129596596195453362311026381832455012640
43890723062076658766892330400008781336626464128
46479060005079885979162912603890551567083949184
48790070758065571315454893557347489046291747968
50767539461108331407918884558687789683521308400
52361732825067929331339778348884601326735373312
53531502717921517176581522919760755899950382080
54246074728130647600661347116550570530389561920
54486412876180589110872680565991174958003876128
54246074728130647600661347116550570530389561920
53531502717921517176581522919760755899950382080
52361732825067929331339778348884601326735373312
50767539461108331407918884558687789683521308400
48790070758065571315454893557347489046291747968
46479060005079885979162912603890551567083949184
43890723062076658766892330400008781336626464128
41085467129596596195453362311026381832455012640
38125542194088304182776888148150610940904684352
35072762381747993629747464826363500604930886880
31986412109644979532492020145811310828888670976
28921431685235960755189053397695007835099788176
25926952401140915466802121004955406741242536576
23045223256556308729130115236838860103890278048
20310943770416850316771846568823671241825512448
17750991355394240265746967633752787905665419392
15384509556043987573737345321795580717716135232
13223306442432313307520293892774447737334465952
11272500828185267999099617000255869213648925952
9531348551367192190072947526596004403895734624
7994180552693247109543089614257797049243392128
6651388979553626682039067214916624165319717152
5490405201486628105010304690328999360617758592
4496623864391448646748521017204294629884925128
3654238407140736913337144012699273360248234432
2946964896449162916931449872742066160113463968
2358641829424687512345023606827205454377445120
1873702827087445825288715144269962756726376720
1477526858215575974885203824442451969919452160
1156676227821028124327713810688109028190465312
899036436571353641731460385476837799907747712
693874013297957360255432721061055982810684576
531829038222854127584620124720493034442989248
404858485171343665534668480594291848988247648
306145091254331405516689894569620328799680512
229984545864509989494738493710877764641243152
171661564982438052309078026054848606634349120
127323208842187987292104071425086042490280800
93855650491921645931188696333041787181465152
68768731648624939182899312385817610258957824
50091014452906016987747125010928902631216192
36276747633110787766323987811203813009916640
26125160090799011346876458457282806409030528
18711770507774645697860073381787169843044448
13330917088784118570220055119392280454954176
9448413471197947064427483406552397376299328
6663101582788865932570434571942965260331648
4676036911400336223470097195275590302959184
3266095145482015157704183678327453628414400
2270882145774866714633317320167112779848000
1571956537810491646584782255604606323707968
1083506792692313948749519281397679568056320
743759274383450022987181835875402743345984
508518350920191170840538368483075602072928
346351673691671493498168304065781922477056
235031639403312209453303094823860983105868
158925813663242278710129242722588236344768
107097915687355406801557692808396347329024
71935595189840567261806775608935095317312
48165835322341163941325363008724007846880
32152969508213291472427147009139681219008
21401403734916225591402891008064662903328
14205384295392036510085743240736155477824
9403760337267985134548242435444684804208
6209177986862470510529507451777928524416
4089728803345520821066103743609748201024
2687351974838975345131585005469316425152
1761828146771687918882913025446127978016
1152521256704236339525528541812647280704
752342446980172205081526505705149590784
490113507405181279426373578345798939648
318656492899977166932668454938046838220
206786971270978274378711157730627824320
133944350944071076003708744540131885216
86606818402929270018333143575775001536
55902240194642435930398913381128312208
36022843181039170446023988967970020160
23174928907456744799176970090790819424
14885706943960376378988953247856869952
9546601536443309060873995588578175232
6113251429315236559233758919558390784
3908911855035578254421808110241036480
2495814584032283614644809312814887872
1591317436665832430691192895960980016
1013208027169693480169758768137304320
644248062602691441047142729810842240
409096418515072454993483891492250176
259437606543452407901537257790255506
164314423286777440427716680014877056
103937687074690630025904761030137120
65662946779307434708904604168873536
41432447993728570680799851375190592
26110937689161290784539768954855424
16435932908706491689912441092456704
10333251292232127087672526417985472
6489121860576213867489880004967424
4070166756609470456071737856690752
2550119762893686803317113782675808
1595844006152136609217571277947776
997603550060867345507163075999920
622886246919067981860428162172480
388519514241692540645862909315136
242046833748726150086258441500416
150645191980719600246232465634514
93646246839813366450244146525568
58158244542905006864189144877600
36074938644002943326077195904704
22356459076981832486173459520880
13837744378363588304856640150528
8557541302795378639518072760608
5285501565720373216569718280448
3261852988916405796193255703680
2010396437402963625614721099968
1238115209696198944935045004544
761486172735758825772340406784
468002117862986867047032542176
287232977190174754602860929664
176169384609183030477063350432
107895342603934707636243313792
66040712030027664986945241032
40361606577235295686670307840
24654243649193447061011774656
15035915240358379708489266688
9165735337250430646457976064
5578050155650611655178464128
3393382637113602127027384544
2060718326813123576010183424
1251064097926618848312469168
758102888947147414443159232
459299417526409878226609952
277713902181074280433732736
167906401973973129446599760
101300280608490548050029184
61118967580807967494747712
36791518422588296751930240
22151410310064955716704544
13304115836362771246774464
7993175023879565306709760
4789601682411438510398464
2871457292550436445590992
1716556808133801418170880
1026879475170648901598304
612391034033664873743808
365540841766470105250496
217457292901775193500480
129512842084871383208768
76851490792612700901760
45667502799401857868592
27028212337752742999616
16024047091233950352704
9458418410947371265152
5594418374117570638292
3293072181098066194496
1943113172326398758432
1140518690767328119488
671338874460407893760
392875552878923868736
230682142947458757376
134583827247504971840
78820656462694334944
45838114970782716736
26776358033987743712
15519029597830195392
9041551513423297776
5222221750912771648
3034015973110989440
1745978111376249152
1011629263579796428
579797752911523456
335032224323491424
191285727312648000
110167194100442672
62628248807229952
35973108606890784
20342863325283968
11658781068683840
6567609066254848
3744538252329728
2097804918051328
1194350092841536
664363345882240
378181674214336
209558450666176
117826563128456
64850896140160
36691157633984
20005919956160
11347094049072
6132977885504
3369122670016
1823601257280
1037329978704
551301786368
311188375008
159933441856
85055946384
46442288832
27122461120
13711765440
7556232600
3494020608
1854194112
1107405568
655503600
291081216
151519584
57741184
36503216
25917824
13724896
4565760
2262848
624320
748480
553344
208370
39424
22528
3392
15872
8512
1600
64
128
0
256
64
0
0
0
0
2
