2
0
0
0
0
64
576
0
128
64
2560
18752
81312
3392
47808
80384
730470
2698624
7701760
1351360
9729248
20325760
103255776
259425664
577781696
272295424
1316035744
2757639296
9809310000
19398334848
38868349696
35534227968
129581004070
256846799040
721808658880
1255045974080
2508492732656
3364418482816
9963965899744
18619019055616
45011679138752
75094189153728
154927503261056
249466496909376
634590584030992
1138199924529792
2518138655801472
4239066473801600
8884435535507682
15356470729583808
35111943033924544
61788037158664640
130008334481266816
223860119181133120
465047338792770240
821136635041956096
1748243664738764176
3065933290070851456
6250177481681968032
10947624484451761472
22240439463825221216
39430734697229451904
80118826978983364320
140943326622060447616
280354374282079938040
495165340815026219264
980974379016985702784
1738750086487175858304
3422921112608555785152
6041843531200006484160
11761736000063338453280
20823392321038287966208
40322005252989961554512
71393097066428857226432
137323570081800494487552
242707525033038226880960
463509119845665033329456
820105286037139455977088
1557608599222658331028096
2753560808222916125820992
5199877637607968296552696
9183323837894722166608896
17246678150763514394596992
30453266866996782678063424
56907246725159147903780944
100378439979625801282247808
186669947022199073770969696
328959032425982813527056768
608936817648279283031276368
1072235437407995688219917760
1976176993773986288163607648
3475828304870771955324537984
6379577252844413522820346672
11208886225012183646176761920
20491261494352876996576847872
35964092467833260182731435584
65497993124601166520898977816
114818787420828229058211614144
208353408050057492873900318208
364814900966892821039417913664
659706949295871480330504557744
1153713492221108568742956601536
2079368320455675244792199597440
3631929487325172320636506144128
6525075187787509519895541143920
11382757480742146984211435926848
20387446298783132853931199749824
35520082040228279553719887743872
63431985551539480192764045914000
110372972269364481053738509419264
196545919943727727668322754706272
341554119614161200747317925111744
606557383400110873030959358670504
1052703193702113994803225356111744
1864539414966196359579313882610816
3231786469340683437930841606234688
5709537019178549375366654886664720
9883456330600519739548853590805888
17417928136812149004240272366282656
30112134825707111484484317325428672
52941155533487847175146843816928048
91406368533354750276951076197033088
160333848816016436116518543415572640
276469850639538024592027370353533824
483864956554729247752890606740551936
833274662036708773206949666507857728
1455195043627075348243530890743476160
2502816359106776739904395698367007232
4361601523143538369498631434292985900
7492042161854272604682111842917410048
13029476535438720716980776226372192640
22352730321894667989890259813249841280
38796401228052279169310911630070809792
66473354788424951766811608192165830208
115150431667084499717346374422470119904
197050534292326770498585417937760481408
340701808849961687860818266725343050576
582298754729235715519541126123841683328
1004944540529245767644959897235405334560
1715443762957237443274581846015126403072
2955232020481551007734397240666201449984
5038399639586392491651895336793887125440
8664529599378520889783807672240577077344
14754224129068205381426504109782136681344
25329316523698876765662330740840101165732
43079332279960068595610853097397708568512
73832452511835549168863650510234855727296
125421111547350143092662978235735074903360
214603039542072082600498415547021692050352
364116885417223603606020036021566891702592
622024906672843450112883892468276957570464
1054139380828997112688657212185140323237056
1797963194124409886399069817021136640748288
3043407068791929389695974008376577048829760
5182889534904709859244953542876799580357600
8762818219878030285668767241419277188370752
14900385951045598531100929465462956206933520
25163179904978054706626262713360230159668480
42724112935849948212023532364613376811905600
72067705222131222841915847228843052675958912
122183745935465425608363425378904741180813900
205865753533292446386477515272491359487909696
348524143864819799095712907430277326700106432
586556537540904733941090321924976041429497664
991619181642624494872962418679273087404010416
1666984199494813651056503246979964314659478848
2814249055239288699123148906175577878419316896
4725652260459063710704967293620699409826078144
7967059139260774387469220937955580726098506912
13363276336374217816991260169615061209793124416
22498999986046872092217972851008790803970619904
37696124307612865139767292244002811639050476288
63382483131039495331106818831046599584482350464
106077701574441243708625589533797131937085717120
178125786138022483666456195410900257679176441792
297786966795943180581530487369201555823433471040
499397047269683274625645280683627408593542730884
833971980942933578450606653796402196038892492352
1396806941811536743460298716317205532469696825472
2330080416330400305779886418366344498520461338112
3897688650175647404182783778743888861538541193904
6494908268989267744126741939141376383936764791808
10850927709503816467860375879148384124811393605728
18062018949455623224445511498403010936792664676608
30138644040878727850081086214987793662599141473552
50113963076998442321698643784352035674240816310976
83519011899595574683397329029304264133627321766624
138726026682133004649228894749850854973463169964032
230918656118559196899978877172513540373463730786032
383151914436499796843442412499088733929979268462016
637017739722656235278335297626614105660457041206432
1055855713256880176559132367046612540180115542278976
1753352473364639599042491862397946678508589044335120
2903119472247842083323495449395488407166727544155072
4815241548666857368478644996757781090178428244741920
7964487219046996038049892201236215736589356383500992
13194824007523101027223514476137727317066843388629792
21801617202794359190698384909799439469404445768977280
36077042794456367959135256542149888060333896476231936
59547368879156266111045107075694588550996195356419520
98424858012269152276344514909839495942726251238511488
162287107126075261667526315305918551562521493390407232
267935054615209215300806274001232907979866376342679552
441323691193294697424315401973647881281596511694897984
727795063461676830031240578394141850365756347457072576
1197529072958521557607038081439433508429342107866727104
1972636545107836980406470282520273859305250801034030016
3242454780364736965637435213557197627852949020667727104
5335150082376210319720857925500040708642573339180147808
8760399048622698177768709570000640937714500114649951168
14398280464783701865027494150095063045131665119472986752
23617756281232517470393002613979259968591974718484420928
38774079260658494000177669983855079848239115758394440064
63536090290472228654442664206779790513832162193293122304
104193667366540857596245826633596772733985315756733628672
170557722908796103014946787876390401884216644479730314304
279390635761954210262389699851344852618140867015302092672
456870300525671805246048445475253072424685520299162312640
747574399389792699870240285733834348031507194740717054144
1221198662053591346109954115362150665033100293207473884224
1996043717986534535649865476542774438101351960561791263120
3257259978556415600341550261627511678704349592715148257728
5318135162670070253650452717163204817712335266842958262912
8669453664965745320937240823436910216969393696653028450432
14139129230961561280442246259036987690267390046326295823480
23025250750537542701787133177489927646858121023512153424576
37511103790959887793943248862233262768634271161075016403104
61022515087361069894250246670109564324404763755454993591936
99304850583912785390421713670669803754528613718020303228336
161379487773437527851203217335014926105350294202156093902528
262333471050206903696246405010548456237400128664099276570848
425871017727395859695048843132296382380396300284419880905024
691525805879548459184325800721723370260731101130256156965824
1121445106347851276663360238222579570676048813282371244570432
1819001116823067202608199429725838823868662725338536029528384
2946771219355461365821209669114039522966467239776481476121024
4774473626699510109051834058031864922908979547587154257643232
7726471155705409325629035067621142991273991816349761147190272
12504999552192619414739344747030899856035602201896973124274048
20215283881299461063543312432514394534000881648221057552196416
32681713278581292337107810963948588393719942047880088616102472
52776370555475233252407126968658393677404713665178079775483584
85228690681303814408282284853544321115788199230932035227072832
137485516580144808256829012431584036285640424462700134000231040
221780418394108686831453327639246526805320906484621796621532224
357378535030725116346503677950716022176611288277128202212666368
575854903794277178922708652401506509856998416852171022046113984
926936501289106375509855979766144185623719969646148107063176320
1491939197713004406073901341247654861146665218694254989323408160
2398926882403294588092584617435958794512016332112147405881983040
3856848981903983830767892205739494389949759960298642629842759040
6194761875164772832112747128138400334921053741668071901914346816
9948381619663253684947952255472594250708832604215168115605924240
15961269627036674878176454588448541399352927476419354324144687424
25603829411642909726037696210354801394897805412378732298677980832
41033602242240657942664213945447391929615065105110030350418106816
65748225647551648460367302979371356479699555518144541865705330802
105253117072137324456480622257925397567931953971839491703893964032
168454741874870274206761178291201647376692454833551267036260468000
269368397104535330221742044711360523527787601517464237562426695040
430621312973677232449992946113281263867136289839278458968002644752
687808315565816517331075156845549987355582838410134813802554849920
1098280732208222557064292949549641006586364355522459956192721959072
1752223702575474651403397491837149996035433977733641022786822710592
2794658490520218183325438902743158960535032929076053478895015964160
4453533756586378615165943852755604773768629125758042885312972408512
7094684716408964964335214309990878410968381898254736539638549787648
11292866493596460718725633909872448475006153902184362065807467981440
17968727490804301260500306569070707180748255153738595044080815908832
28567912313358476104218180071143485049035022821651077694598217042496
45401659604758975790149311443654858401138038715879931405542970784192
72097086398665631140365108523601781457546425003643966686934172812992
114442159284445801936532985751545340304372983905184946314316428891430
181514470928429991329442136057212809275046816856030981209941143260992
287772557532055988134899608400846742524140063917373149437759917541760
455877254805467843582131497728953961892405580079159498813350497203520
721855375040734024701109922777178160384200527438548746705981682369440
1142130871240711228930860735750362365409585711989038941172309257795008
1806243495929160563220497673880829997718865686041630707112154015265056
2854319303601827240854560571448426255589539636606056413166735378413504
4508320495448999620456818279680639128471346328243297510927924208539424
7115324743722628223531863691444726852020508539437035485162969136764736
11224112872404561729772777338807914462696486916812938038387364195841216
17692059401135462624939059102968252078048683601350951711966808460748800
27872353157568360241190064257401256167252546747501752664611735219150384
43877186041735214509251027597759490543603093079285011573939630630344512
69034220879762559016798964296643498575872800291551647294989879928051392
108532615650341153673457779423652049185190841700133100833492234083686400
170532978794742569549409910258424292575295191691495410301693906409279766
267748131034766069150023365404291435396234755072228078774914835333775424
420134735042384310379446385270251961338814351485593753316171091042566336
658748980766165995336676983982502801100523083227661276853599393215459072
1032255583229642589915412765453548102299818159792017949215820539586267104
1616301979980410899044957069764435611703012588556033527997516991811835968
2529213828407595196670222974098498068545065850985229914341321037192597280
3954711551507062439381202680194436891337005139751688946755476295319427264
6179647555618990627329232942114845174001549823052900914387485323624419952
9648872177610485467335030374011806252147724908876368375351016582137119616
15055696207724917602767381581224557745096372665627683153619615349646308512
23473956847092214165982794738347495170137148030394890855378175894402651520
36574209946748073514572281400822877288629908287488858158824369838612814352
56940525920643681473377407190782811253556081192443656018212845707063547008
88585541579665969825700990371563532025137087467209313353130962689437236288
137707712002128046704367184127580285075122549071959320066587752191119358272
213914422550745156244866238241209991684235137897651687270665745813532365730
332025599180846008733565042159253525130973063832815402664831695517029118144
514968711744165150112355646913919835254384277900064385409053289545033561888
798058875311419739155246408077142128285965797608324378879902457660113929856
1235827902500556235565491785789848770734416109023148241244625522997488746368
1912143350849818529090140871274930157846982305322956782808373470171784602176
2956261632502433431405795661323090135768170452931341539596570713379340467424
4566660119153774043676325566352778657199025089808883670947311190515844728704
7048638343947588760002241672141030382553345871637290247599691149595528847424
10870227152749232231440996923155427730279086522713981605351418822442759112256
16749937683576877334993728596833273677124982901836811793563507674871270559264
25787396223531123758943615901110796080002493199513224127869122776248870319360
39667344849698188368375663812994936837241350121141357962236184520176608036864
60963622226411460436119772314506825587001180298912317408744752725881672191232
93611573076613368341341749560387846697130217906455404937099973196579878075808
143612411049299709839629535775843970188369579605198194721830002863873076607680
220122772733698054531431678262501901281187865716776290980710105400535277430972
337079739619899983535416300454458653023071204049688707308131211464205954795456
515703282023529845121998043664248831387232097410133751425335320737161181388512
788228592937962406335991799371750328765006270879278254188477357194308503455552
1203628831897758115671853896605113702484751263213206662714047609877138367068720
1836148144362821283985395772613144638946565536444027511311074251519470306208640
2798330449268694298909556101795699158891677675409722708207618578776331484542688
4260435666367101837660530317719499183414829561737066873646028263010688030944448
6479965065558541941190693617384457259971855595804473188333310298624454489875536
9845625735571511773791025003740145922229307534572525252598174831461916986277312
14943919979574634863125489847980106913449195883259738074844568015587893946332160
22658193058057841327852780649983335308669683995397295806820904833665969810051136
34318069986987781127413757650607879421150066833554698702721155197237920246232464
51921438537967984573029325918353189277483516161723612126909902955916675287815616
78468084221057035035727830193774961094100803645837539035335387368596592494956224
118454512644267724242182618030293305541721428241461654863237802581269954289748288
178614853082574226382929872426841366008238187199186973226406423643974301873510116
269017717309273609743904667430726117646205656688252531484351637032912599134258688
404702404344252872703801791606985527487168334352135071725729448647322401923486016
608096233002924237693951352095014493583178737409881547019874804868191769162363392
912607104312661116011595281058092255851864486499818240990685933643697392733935536
1367919082346924374747547842860520734807422969474187532738506836050330425148780672
2047833214137703684511949931587952747139677552238721642826807983132176204625098368
3061796335770355636902873072049183523762992175242187745312346355942213144073653696
4571907130785147588374466177748473354235645699309006773680819294361138251861748976
6817853183349624863529566424358152395941947503558259233320772150561663772148029952
10153556430413169605466367083867203438087854699090440831511323692710529421454692224
15100751214760012518784107409313650692923459118404758745859677374960303472955764480
22427416502194243222191952234066920949871144554519319806516366955445839542829694512
33262088705936583351637554969815443431003024194174733379996252282556838458175784704
49260549991024296087732512832401275284761916463358370635322112390406375887701454272
72847958303639766044243963854991352729115586328168012117557452424804916745243081152
107570508744904031266365088356063809749091822431284476894473570556924156692905764276
158604438071859907219867785081977851485033381709803961079264613392635424998873430080
233492266027283261602375944238803519681694217332433840186544828616798841275067328000
343204445875796906766911613246009648435493982565884560568051094919486336803941430016
503668525336307274767826062853690728654075042636685966195392552463278732835509650800
737965440129424129061573495508535708925821266325515884554021237036975075138394808896
1079479289364491473795816900957060777924053764818827201876246085639468142361284477248
1576402431262680808869446802101292673315240131028690564341483736697829180341973021312
2298167538017524338184993649437517572454318517052580049578288211074836824279053266544
3344607114875805891751051693782702176413680676611169124964874655322706713882423963648
4858970429045717927246096278781916979913315370600391233673636632040433135586776665344
7046375394566565247193135680542930671754793619218444824367082908156780112406204976576
10199905860590106831499537696160135505658902728191015667953773049090165463836950137024
14737428484434730886182352339118206241745905520847611795565139617300618268711982332736
21253406393902177000847222086814378152923211232185074409712871190051326142228965863936
30591630958820338930333022620353611298206160764894568422813828547305429015828732134016
43947053692937177342058114980356598663163516690994665712172278890478862523965181053916
63007986345200168328936955454495840201198395004673054769200815606696637159847086100672
90154133761803591433469824211437430113826887097114619630028228224005779384206462599040
128731633781104788479161006661946687468155059392310551548322944311789458621332014686272
183433967110481604866084929874539390549669974011609371137040674682782749103146186417744
260828007955940026819373440437988363398235544945354667349149519751770096243580857649216
370078378069776009171239057531436401782000942841044214837561055122918827709660666253024
523941948330460396864615304803663264641550344646829837385062049709551147752376507930880
740129062669408477033958707578450601893357762696410929669101375110540237002840309647680
1043161057819926623368804815453856618308817872931755648183779348118466793492916031893888
1466896991538872725925244479100404046451066608676902820284897680294226215594369868945536
2057959812880840154150393686080836519122818477210485853270186662257815773572598352496384
2880366900621612851681059333349534657082136246190805177763591334872939114596414977068992
4021767735904988031195131798410183774569829320510975955720820978038938353320378170034560
5601817943266040111166043242609613613519097350367758321268429598300363958004918226745568
7783382884776141326675510326778527211463497809557527535085064621119814062014647207598848
10787474132696108435843556450634981084864139871228048570223244464971992334315694874661984
14913091580635166228959104737720010577343202896363507866578905255853880046047588144908096
20563486194635212807989316499648322024205338376754788635799835107928020681577217831170304
28280792133667303765670502461700426137851387407691919048023252915551329455769358600523904
38791522537803772420498063410994248905229703954062941689206477388774592880398527851173600
53066106244268388359435079440898280396324605414596578491492994297363055183818673779261056
72396492597383524882425540750290669536207564082919429566224001949096734448847225312185280
98496901702260258101066083835813753530781850928943949950397068134440519551058332715530560
133634088931456255971394603619466106339845569220226419552432317391348745976117611372721408
180795066268439039123967762097480006969455843579001535245153459701327544080720260388651584
243902132865865089263239412195610235418091958200820051024643188143131365481789244330800160
328087359795314730124164739119384803189396899925309392027914612690965416230514955485141056
440041414520546470294815591298051939563056460001915857606635635476838494296448450711875600
588454846589599561024269020873018777756395724347828290005940824296430268614332953118209664
784573757938689694484354237489484989741095519090779765903690290646850156743816296621293152
1042896187412782055936275528494513784368293636067527293643555366697117627251007586660321280
1382040611635111080810032768774106178297666727886791534301631287586918603352699521540540240
1825823716418685881071405408630335865968688131668925616390132179113510750813325520518066496
2404591052929270587607233811886324608795058555927299059675540938800929182292554064582308864
3156851324877688840432360869244716415398892140150695142107770355081014656841951414109678464
4131272813053279048914899787125459396134619483385712147509668573019067190525529931549779024
5389108713924703489219030476392142046534520581204269900275603729758219228996915953915739072
7007126779893365931937109882562044593719357937058547739780610529658418204663279403764207936
9081127360648898934685120345344142901161191847007151314696876073634726018585960077959887360
11730142398272156928494283070283914500648743313785416574673343389328506477943146876455464480
15101415718159177262799865688602803373304640713514799503864135695597126189358540380168780672
19376271470422799115911758907768618563970034617942121958214969396751998036899222377862939104
24776982202437641975134559612477447628332366296303642612044590283199419483868331070281738752
31574749872428403182863108396828522540135779405923905118893069437449235314724928921315552272
40098911312305777666593738677950040303153910973793497607673148122050140006760021245263201664
50747473013279753669005514204822642658114879271759675723073714499907737747878930778474655936
63999067601738667329652565653037679786081496951204108161299386385119449253875969213138199488
80426404591413640396701280288056851818450522471425742349220434032989802378454230709874859576
100711259784661055629210928215489740659405414977745532867914270184780090362921720747778448256
125661009653826891625558644219075537631345076303162523941576679531121671234496617962861614464
156226668068742612531900365142942897278313460565621876040690432110503713615827618192764165056
193522321808337784788463384572299711050613657628143184545759001136160099631822295509395799024
238845787664445837242532619198906433753940463533344640449194752839007801632230261025975900160
293700227412933891706864009256843639278591589271490363894750837937653156548884239850218165280
359816357516878123186851218174015969848166971670772402368897192837628024244384217086809788096
439174779335806771263619160616168668467646630211115847399855069931372770657576216771879506528
534027834123299252674607474393117813622057777468874245939867671727338024187256987082258111360
646920258322357331391490002051278870659155293312292791406554487812026096043681535563046887776
780707781633443470390297403722123573507816016114506865643099557267094893656419350297196036032
938572678398009421987797674927191859573459594907002056170042384278885733891214169608228237744
1124035157113569002244976964202773922756379505250707857905848512353939045822413874719910108160
1340959360901571347973092122964327326224741684946680662197209258152606204820433893862674200032
1593552660683706834094485448884686657605364439144790083641032102894797592185436419682425826752
1886356861704130911062209662651155614452460278836445006545319061944724192091800336797789938616
2224229921630496460424098597283659329204673182461048560133201076407894629168710120642430088576
2612316803919227265644123581325622094454162447338300375311003385630229047854538538836843567456
3056008172552917416930073669747548594082726899032066916916395843859526795026777573360944546752
3560885780903067333002445957330703096538746494440231330754376587045485173912151690011330253312
4132653625844633244800981668301737634362041184804579642879383948900832999704064906860600309952
4777054231300026781536846508521225597365821643397470506205881946594387844734189700418284324704
5499769796501884168535718651784810314051636807962400161958696871277071016302341932339275165760
6306308389746231774341533132019010925634552518436155177795559711467774339195394161310743780752
7201875884878836869233335975968291764711762555990759228656851290515627136056615244163410549312
8191234913263488673356312882769891233395872402741462991793019157872886752558183899932495420960
9278552726288759100313791439405768426707635377870384803587760872329404067404019001739321616384
10467240512123854844342192228859948809692257829046770102277986017872194066136162297799187611408
11759787363643822035795190318649888951110642857363387628619122634206083695168870110295817394624
13157592724928476508379668140683495316606403766022186987814773332793847871583504920259107614112
14660801721584191580725956289242821823941444149699121794549490903647272746185983485972359875456
16268148275002382725867656499509015739402547550856539560637040520005768452087639739559882242224
17976811278514424488877582433321310620442568709266067282980097128526190974189755988618756510208
19782289346354822635846591975851601615782902663172812962000856480134969313854253430217038584224
21678299702617039929711357936313276245453730073865533460323272144778548310312304636482544799552
23656706637967741353590758728105415413616888977369806110568363977543808382224473781726287931584
25707484605050398477318892653021179801861393043290736878724967111463066505631158422201793307968
27818720445040883271846440017817852457905408294370562493859654081655929493228979746422974804992
29976658433618265846570772692447515074431209439516539435467553771156145216079915036046142102784
32165790819198216093969284683233122804707485581774506463993794745601793589619637648500322987584
34368995318412544304256288155345092684683169437388159005398662270953267385568269240162446736896
36567719667359289340125084274661856861976115118988946453046952662972992471689484340851260142176
38742211844668128417986789833592013104174496648607017375914092362236465185245686811113906449664
40871793033640961401775220754962006467003380347748502741221127267768597326688635660098562512304
42935168837444726408801737412027496169322254028678199768085643408939151364286735392645552318016
44910772761714340604205542580104833411190557065515854639841288947945078195825368739943128514656
46777134604002019399389886628912462443049922474315488436485114257077968666349492759931591147712
48513265195671069208514431302057540402434022491029248664498358886913935155024659267864076574272
50099047995517882282127226158722398919761358104402776173482390916719193288625741085042199051712
51515627379167198242273828878685206153035614504501935934412565427221509096009989722449917121920
52745783151280629590059352727854777211182489745140245122455059521962456897782059776938414264960
53774280850064550273460479212865370645073956957547263635026458618619212197828255989564629367184
54588187831381615656627312477295696850369368894327503207685647215658627443490852795270726836288
55177145906154437253790997224403650424595423734120448491551540038666929143267636414713206150016
55533592438452488190238017595475044628547302060118073799533067589904720355074563520274179088640
55652923257496091930902028255086189876603548688243399822396928934725709597158399575168837427328
55533592438452488190238017595475044628547302060118073799533067589904720355074563520274179088640
55177145906154437253790997224403650424595423734120448491551540038666929143267636414713206150016
54588187831381615656627312477295696850369368894327503207685647215658627443490852795270726836288
53774280850064550273460479212865370645073956957547263635026458618619212197828255989564629367184
52745783151280629590059352727854777211182489745140245122455059521962456897782059776938414264960
51515627379167198242273828878685206153035614504501935934412565427221509096009989722449917121920
50099047995517882282127226158722398919761358104402776173482390916719193288625741085042199051712
48513265195671069208514431302057540402434022491029248664498358886913935155024659267864076574272
46777134604002019399389886628912462443049922474315488436485114257077968666349492759931591147712
44910772761714340604205542580104833411190557065515854639841288947945078195825368739943128514656
42935168837444726408801737412027496169322254028678199768085643408939151364286735392645552318016
40871793033640961401775220754962006467003380347748502741221127267768597326688635660098562512304
38742211844668128417986789833592013104174496648607017375914092362236465185245686811113906449664
36567719667359289340125084274661856861976115118988946453046952662972992471689484340851260142176
34368995318412544304256288155345092684683169437388159005398662270953267385568269240162446736896
32165790819198216093969284683233122804707485581774506463993794745601793589619637648500322987584
29976658433618265846570772692447515074431209439516539435467553771156145216079915036046142102784
27818720445040883271846440017817852457905408294370562493859654081655929493228979746422974804992
25707484605050398477318892653021179801861393043290736878724967111463066505631158422201793307968
23656706637967741353590758728105415413616888977369806110568363977543808382224473781726287931584
21678299702617039929711357936313276245453730073865533460323272144778548310312304636482544799552
19782289346354822635846591975851601615782902663172812962000856480134969313854253430217038584224
17976811278514424488877582433321310620442568709266067282980097128526190974189755988618756510208
16268148275002382725867656499509015739402547550856539560637040520005768452087639739559882242224
14660801721584191580725956289242821823941444149699121794549490903647272746185983485972359875456
13157592724928476508379668140683495316606403766022186987814773332793847871583504920259107614112
11759787363643822035795190318649888951110642857363387628619122634206083695168870110295817394624
10467240512123854844342192228859948809692257829046770102277986017872194066136162297799187611408
9278552726288759100313791439405768426707635377870384803587760872329404067404019001739321616384
8191234913263488673356312882769891233395872402741462991793019157872886752558183899932495420960
7201875884878836869233335975968291764711762555990759228656851290515627136056615244163410549312
6306308389746231774341533132019010925634552518436155177795559711467774339195394161310743780752
5499769796501884168535718651784810314051636807962400161958696871277071016302341932339275165760
4777054231300026781536846508521225597365821643397470506205881946594387844734189700418284324704
4132653625844633244800981668301737634362041184804579642879383948900832999704064906860600309952
3560885780903067333002445957330703096538746494440231330754376587045485173912151690011330253312
3056008172552917416930073669747548594082726899032066916916395843859526795026777573360944546752
2612316803919227265644123581325622094454162447338300375311003385630229047854538538836843567456
2224229921630496460424098597283659329204673182461048560133201076407894629168710120642430088576
1886356861704130911062209662651155614452460278836445006545319061944724192091800336797789938616
1593552660683706834094485448884686657605364439144790083641032102894797592185436419682425826752
1340959360901571347973092122964327326224741684946680662197209258152606204820433893862674200032
1124035157113569002244976964202773922756379505250707857905848512353939045822413874719910108160
938572678398009421987797674927191859573459594907002056170042384278885733891214169608228237744
780707781633443470390297403722123573507816016114506865643099557267094893656419350297196036032
646920258322357331391490002051278870659155293312292791406554487812026096043681535563046887776
534027834123299252674607474393117813622057777468874245939867671727338024187256987082258111360
439174779335806771263619160616168668467646630211115847399855069931372770657576216771879506528
359816357516878123186851218174015969848166971670772402368897192837628024244384217086809788096
293700227412933891706864009256843639278591589271490363894750837937653156548884239850218165280
238845787664445837242532619198906433753940463533344640449194752839007801632230261025975900160
193522321808337784788463384572299711050613657628143184545759001136160099631822295509395799024
156226668068742612531900365142942897278313460565621876040690432110503713615827618192764165056
125661009653826891625558644219075537631345076303162523941576679531121671234496617962861614464
100711259784661055629210928215489740659405414977745532867914270184780090362921720747778448256
80426404591413640396701280288056851818450522471425742349220434032989802378454230709874859576
63999067601738667329652565653037679786081496951204108161299386385119449253875969213138199488
50747473013279753669005514204822642658114879271759675723073714499907737747878930778474655936
40098911312305777666593738677950040303153910973793497607673148122050140006760021245263201664
31574749872428403182863108396828522540135779405923905118893069437449235314724928921315552272
24776982202437641975134559612477447628332366296303642612044590283199419483868331070281738752
19376271470422799115911758907768618563970034617942121958214969396751998036899222377862939104
15101415718159177262799865688602803373304640713514799503864135695597126189358540380168780672
11730142398272156928494283070283914500648743313785416574673343389328506477943146876455464480
9081127360648898934685120345344142901161191847007151314696876073634726018585960077959887360
7007126779893365931937109882562044593719357937058547739780610529658418204663279403764207936
5389108713924703489219030476392142046534520581204269900275603729758219228996915953915739072
4131272813053279048914899787125459396134619483385712147509668573019067190525529931549779024
3156851324877688840432360869244716415398892140150695142107770355081014656841951414109678464
2404591052929270587607233811886324608795058555927299059675540938800929182292554064582308864
1825823716418685881071405408630335865968688131668925616390132179113510750813325520518066496
1382040611635111080810032768774106178297666727886791534301631287586918603352699521540540240
1042896187412782055936275528494513784368293636067527293643555366697117627251007586660321280
784573757938689694484354237489484989741095519090779765903690290646850156743816296621293152
588454846589599561024269020873018777756395724347828290005940824296430268614332953118209664
440041414520546470294815591298051939563056460001915857606635635476838494296448450711875600
328087359795314730124164739119384803189396899925309392027914612690965416230514955485141056
243902132865865089263239412195610235418091958200820051024643188143131365481789244330800160
180795066268439039123967762097480006969455843579001535245153459701327544080720260388651584
133634088931456255971394603619466106339845569220226419552432317391348745976117611372721408
98496901702260258101066083835813753530781850928943949950397068134440519551058332715530560
72396492597383524882425540750290669536207564082919429566224001949096734448847225312185280
53066106244268388359435079440898280396324605414596578491492994297363055183818673779261056
38791522537803772420498063410994248905229703954062941689206477388774592880398527851173600
28280792133667303765670502461700426137851387407691919048023252915551329455769358600523904
20563486194635212807989316499648322024205338376754788635799835107928020681577217831170304
14913091580635166228959104737720010577343202896363507866578905255853880046047588144908096
10787474132696108435843556450634981084864139871228048570223244464971992334315694874661984
7783382884776141326675510326778527211463497809557527535085064621119814062014647207598848
5601817943266040111166043242609613613519097350367758321268429598300363958004918226745568
4021767735904988031195131798410183774569829320510975955720820978038938353320378170034560
2880366900621612851681059333349534657082136246190805177763591334872939114596414977068992
2057959812880840154150393686080836519122818477210485853270186662257815773572598352496384
1466896991538872725925244479100404046451066608676902820284897680294226215594369868945536
1043161057819926623368804815453856618308817872931755648183779348118466793492916031893888
740129062669408477033958707578450601893357762696410929669101375110540237002840309647680
523941948330460396864615304803663264641550344646829837385062049709551147752376507930880
370078378069776009171239057531436401782000942841044214837561055122918827709660666253024
260828007955940026819373440437988363398235544945354667349149519751770096243580857649216
183433967110481604866084929874539390549669974011609371137040674682782749103146186417744
128731633781104788479161006661946687468155059392310551548322944311789458621332014686272
90154133761803591433469824211437430113826887097114619630028228224005779384206462599040
63007986345200168328936955454495840201198395004673054769200815606696637159847086100672
43947053692937177342058114980356598663163516690994665712172278890478862523965181053916
30591630958820338930333022620353611298206160764894568422813828547305429015828732134016
21253406393902177000847222086814378152923211232185074409712871190051326142228965863936
14737428484434730886182352339118206241745905520847611795565139617300618268711982332736
10199905860590106831499537696160135505658902728191015667953773049090165463836950137024
7046375394566565247193135680542930671754793619218444824367082908156780112406204976576
4858970429045717927246096278781916979913315370600391233673636632040433135586776665344
3344607114875805891751051693782702176413680676611169124964874655322706713882423963648
2298167538017524338184993649437517572454318517052580049578288211074836824279053266544
1576402431262680808869446802101292673315240131028690564341483736697829180341973021312
1079479289364491473795816900957060777924053764818827201876246085639468142361284477248
737965440129424129061573495508535708925821266325515884554021237036975075138394808896
503668525336307274767826062853690728654075042636685966195392552463278732835509650800
343204445875796906766911613246009648435493982565884560568051094919486336803941430016
233492266027283261602375944238803519681694217332433840186544828616798841275067328000
158604438071859907219867785081977851485033381709803961079264613392635424998873430080
107570508744904031266365088356063809749091822431284476894473570556924156692905764276
72847958303639766044243963854991352729115586328168012117557452424804916745243081152
49260549991024296087732512832401275284761916463358370635322112390406375887701454272
33262088705936583351637554969815443431003024194174733379996252282556838458175784704
22427416502194243222191952234066920949871144554519319806516366955445839542829694512
15100751214760012518784107409313650692923459118404758745859677374960303472955764480
10153556430413169605466367083867203438087854699090440831511323692710529421454692224
6817853183349624863529566424358152395941947503558259233320772150561663772148029952
4571907130785147588374466177748473354235645699309006773680819294361138251861748976
3061796335770355636902873072049183523762992175242187745312346355942213144073653696
2047833214137703684511949931587952747139677552238721642826807983132176204625098368
1367919082346924374747547842860520734807422969474187532738506836050330425148780672
912607104312661116011595281058092255851864486499818240990685933643697392733935536
608096233002924237693951352095014493583178737409881547019874804868191769162363392
404702404344252872703801791606985527487168334352135071725729448647322401923486016
269017717309273609743904667430726117646205656688252531484351637032912599134258688
178614853082574226382929872426841366008238187199186973226406423643974301873510116
118454512644267724242182618030293305541721428241461654863237802581269954289748288
78468084221057035035727830193774961094100803645837539035335387368596592494956224
51921438537967984573029325918353189277483516161723612126909902955916675287815616
34318069986987781127413757650607879421150066833554698702721155197237920246232464
22658193058057841327852780649983335308669683995397295806820904833665969810051136
14943919979574634863125489847980106913449195883259738074844568015587893946332160
9845625735571511773791025003740145922229307534572525252598174831461916986277312
6479965065558541941190693617384457259971855595804473188333310298624454489875536
4260435666367101837660530317719499183414829561737066873646028263010688030944448
2798330449268694298909556101795699158891677675409722708207618578776331484542688
1836148144362821283985395772613144638946565536444027511311074251519470306208640
1203628831897758115671853896605113702484751263213206662714047609877138367068720
788228592937962406335991799371750328765006270879278254188477357194308503455552
515703282023529845121998043664248831387232097410133751425335320737161181388512
337079739619899983535416300454458653023071204049688707308131211464205954795456
220122772733698054531431678262501901281187865716776290980710105400535277430972
143612411049299709839629535775843970188369579605198194721830002863873076607680
93611573076613368341341749560387846697130217906455404937099973196579878075808
60963622226411460436119772314506825587001180298912317408744752725881672191232
39667344849698188368375663812994936837241350121141357962236184520176608036864
25787396223531123758943615901110796080002493199513224127869122776248870319360
16749937683576877334993728596833273677124982901836811793563507674871270559264
10870227152749232231440996923155427730279086522713981605351418822442759112256
7048638343947588760002241672141030382553345871637290247599691149595528847424
4566660119153774043676325566352778657199025089808883670947311190515844728704
2956261632502433431405795661323090135768170452931341539596570713379340467424
1912143350849818529090140871274930157846982305322956782808373470171784602176
1235827902500556235565491785789848770734416109023148241244625522997488746368
798058875311419739155246408077142128285965797608324378879902457660113929856
514968711744165150112355646913919835254384277900064385409053289545033561888
332025599180846008733565042159253525130973063832815402664831695517029118144
213914422550745156244866238241209991684235137897651687270665745813532365730
137707712002128046704367184127580285075122549071959320066587752191119358272
88585541579665969825700990371563532025137087467209313353130962689437236288
56940525920643681473377407190782811253556081192443656018212845707063547008
36574209946748073514572281400822877288629908287488858158824369838612814352
23473956847092214165982794738347495170137148030394890855378175894402651520
15055696207724917602767381581224557745096372665627683153619615349646308512
9648872177610485467335030374011806252147724908876368375351016582137119616
6179647555618990627329232942114845174001549823052900914387485323624419952
3954711551507062439381202680194436891337005139751688946755476295319427264
2529213828407595196670222974098498068545065850985229914341321037192597280
1616301979980410899044957069764435611703012588556033527997516991811835968
1032255583229642589915412765453548102299818159792017949215820539586267104
658748980766165995336676983982502801100523083227661276853599393215459072
420134735042384310379446385270251961338814351485593753316171091042566336
267748131034766069150023365404291435396234755072228078774914835333775424
170532978794742569549409910258424292575295191691495410301693906409279766
108532615650341153673457779423652049185190841700133100833492234083686400
69034220879762559016798964296643498575872800291551647294989879928051392
43877186041735214509251027597759490543603093079285011573939630630344512
27872353157568360241190064257401256167252546747501752664611735219150384
17692059401135462624939059102968252078048683601350951711966808460748800
11224112872404561729772777338807914462696486916812938038387364195841216
7115324743722628223531863691444726852020508539437035485162969136764736
4508320495448999620456818279680639128471346328243297510927924208539424
2854319303601827240854560571448426255589539636606056413166735378413504
1806243495929160563220497673880829997718865686041630707112154015265056
1142130871240711228930860735750362365409585711989038941172309257795008
721855375040734024701109922777178160384200527438548746705981682369440
455877254805467843582131497728953961892405580079159498813350497203520
287772557532055988134899608400846742524140063917373149437759917541760
181514470928429991329442136057212809275046816856030981209941143260992
114442159284445801936532985751545340304372983905184946314316428891430
72097086398665631140365108523601781457546425003643966686934172812992
45401659604758975790149311443654858401138038715879931405542970784192
28567912313358476104218180071143485049035022821651077694598217042496
17968727490804301260500306569070707180748255153738595044080815908832
11292866493596460718725633909872448475006153902184362065807467981440
7094684716408964964335214309990878410968381898254736539638549787648
4453533756586378615165943852755604773768629125758042885312972408512
2794658490520218183325438902743158960535032929076053478895015964160
1752223702575474651403397491837149996035433977733641022786822710592
1098280732208222557064292949549641006586364355522459956192721959072
687808315565816517331075156845549987355582838410134813802554849920
430621312973677232449992946113281263867136289839278458968002644752
269368397104535330221742044711360523527787601517464237562426695040
168454741874870274206761178291201647376692454833551267036260468000
105253117072137324456480622257925397567931953971839491703893964032
65748225647551648460367302979371356479699555518144541865705330802
41033602242240657942664213945447391929615065105110030350418106816
25603829411642909726037696210354801394897805412378732298677980832
15961269627036674878176454588448541399352927476419354324144687424
9948381619663253684947952255472594250708832604215168115605924240
6194761875164772832112747128138400334921053741668071901914346816
3856848981903983830767892205739494389949759960298642629842759040
2398926882403294588092584617435958794512016332112147405881983040
1491939197713004406073901341247654861146665218694254989323408160
926936501289106375509855979766144185623719969646148107063176320
575854903794277178922708652401506509856998416852171022046113984
357378535030725116346503677950716022176611288277128202212666368
221780418394108686831453327639246526805320906484621796621532224
137485516580144808256829012431584036285640424462700134000231040
85228690681303814408282284853544321115788199230932035227072832
52776370555475233252407126968658393677404713665178079775483584
32681713278581292337107810963948588393719942047880088616102472
20215283881299461063543312432514394534000881648221057552196416
12504999552192619414739344747030899856035602201896973124274048
7726471155705409325629035067621142991273991816349761147190272
4774473626699510109051834058031864922908979547587154257643232
2946771219355461365821209669114039522966467239776481476121024
1819001116823067202608199429725838823868662725338536029528384
1121445106347851276663360238222579570676048813282371244570432
691525805879548459184325800721723370260731101130256156965824
425871017727395859695048843132296382380396300284419880905024
262333471050206903696246405010548456237400128664099276570848
161379487773437527851203217335014926105350294202156093902528
99304850583912785390421713670669803754528613718020303228336
61022515087361069894250246670109564324404763755454993591936
37511103790959887793943248862233262768634271161075016403104
23025250750537542701787133177489927646858121023512153424576
14139129230961561280442246259036987690267390046326295823480
8669453664965745320937240823436910216969393696653028450432
5318135162670070253650452717163204817712335266842958262912
3257259978556415600341550261627511678704349592715148257728
1996043717986534535649865476542774438101351960561791263120
1221198662053591346109954115362150665033100293207473884224
747574399389792699870240285733834348031507194740717054144
456870300525671805246048445475253072424685520299162312640
279390635761954210262389699851344852618140867015302092672
170557722908796103014946787876390401884216644479730314304
104193667366540857596245826633596772733985315756733628672
63536090290472228654442664206779790513832162193293122304
38774079260658494000177669983855079848239115758394440064
23617756281232517470393002613979259968591974718484420928
14398280464783701865027494150095063045131665119472986752
8760399048622698177768709570000640937714500114649951168
5335150082376210319720857925500040708642573339180147808
3242454780364736965637435213557197627852949020667727104
1972636545107836980406470282520273859305250801034030016
1197529072958521557607038081439433508429342107866727104
727795063461676830031240578394141850365756347457072576
441323691193294697424315401973647881281596511694897984
267935054615209215300806274001232907979866376342679552
162287107126075261667526315305918551562521493390407232
98424858012269152276344514909839495942726251238511488
59547368879156266111045107075694588550996195356419520
36077042794456367959135256542149888060333896476231936
21801617202794359190698384909799439469404445768977280
13194824007523101027223514476137727317066843388629792
7964487219046996038049892201236215736589356383500992
4815241548666857368478644996757781090178428244741920
2903119472247842083323495449395488407166727544155072
1753352473364639599042491862397946678508589044335120
1055855713256880176559132367046612540180115542278976
637017739722656235278335297626614105660457041206432
383151914436499796843442412499088733929979268462016
230918656118559196899978877172513540373463730786032
138726026682133004649228894749850854973463169964032
83519011899595574683397329029304264133627321766624
50113963076998442321698643784352035674240816310976
30138644040878727850081086214987793662599141473552
18062018949455623224445511498403010936792664676608
10850927709503816467860375879148384124811393605728
6494908268989267744126741939141376383936764791808
3897688650175647404182783778743888861538541193904
2330080416330400305779886418366344498520461338112
1396806941811536743460298716317205532469696825472
833971980942933578450606653796402196038892492352
499397047269683274625645280683627408593542730884
297786966795943180581530487369201555823433471040
178125786138022483666456195410900257679176441792
106077701574441243708625589533797131937085717120
63382483131039495331106818831046599584482350464
37696124307612865139767292244002811639050476288
22498999986046872092217972851008790803970619904
13363276336374217816991260169615061209793124416
7967059139260774387469220937955580726098506912
4725652260459063710704967293620699409826078144
2814249055239288699123148906175577878419316896
1666984199494813651056503246979964314659478848
991619181642624494872962418679273087404010416
586556537540904733941090321924976041429497664
348524143864819799095712907430277326700106432
205865753533292446386477515272491359487909696
122183745935465425608363425378904741180813900
72067705222131222841915847228843052675958912
42724112935849948212023532364613376811905600
25163179904978054706626262713360230159668480
14900385951045598531100929465462956206933520
8762818219878030285668767241419277188370752
5182889534904709859244953542876799580357600
3043407068791929389695974008376577048829760
1797963194124409886399069817021136640748288
1054139380828997112688657212185140323237056
622024906672843450112883892468276957570464
364116885417223603606020036021566891702592
214603039542072082600498415547021692050352
125421111547350143092662978235735074903360
73832452511835549168863650510234855727296
43079332279960068595610853097397708568512
25329316523698876765662330740840101165732
14754224129068205381426504109782136681344
8664529599378520889783807672240577077344
5038399639586392491651895336793887125440
2955232020481551007734397240666201449984
1715443762957237443274581846015126403072
1004944540529245767644959897235405334560
582298754729235715519541126123841683328
340701808849961687860818266725343050576
197050534292326770498585417937760481408
115150431667084499717346374422470119904
66473354788424951766811608192165830208
38796401228052279169310911630070809792
22352730321894667989890259813249841280
13029476535438720716980776226372192640
7492042161854272604682111842917410048
4361601523143538369498631434292985900
2502816359106776739904395698367007232
1455195043627075348243530890743476160
833274662036708773206949666507857728
483864956554729247752890606740551936
276469850639538024592027370353533824
160333848816016436116518543415572640
91406368533354750276951076197033088
52941155533487847175146843816928048
30112134825707111484484317325428672
17417928136812149004240272366282656
9883456330600519739548853590805888
5709537019178549375366654886664720
3231786469340683437930841606234688
1864539414966196359579313882610816
1052703193702113994803225356111744
606557383400110873030959358670504
341554119614161200747317925111744
196545919943727727668322754706272
110372972269364481053738509419264
63431985551539480192764045914000
35520082040228279553719887743872
20387446298783132853931199749824
11382757480742146984211435926848
6525075187787509519895541143920
3631929487325172320636506144128
2079368320455675244792199597440
1153713492221108568742956601536
659706949295871480330504557744
364814900966892821039417913664
208353408050057492873900318208
114818787420828229058211614144
65497993124601166520898977816
35964092467833260182731435584
20491261494352876996576847872
11208886225012183646176761920
6379577252844413522820346672
3475828304870771955324537984
1976176993773986288163607648
1072235437407995688219917760
608936817648279283031276368
328959032425982813527056768
186669947022199073770969696
100378439979625801282247808
56907246725159147903780944
30453266866996782678063424
17246678150763514394596992
9183323837894722166608896
5199877637607968296552696
2753560808222916125820992
1557608599222658331028096
820105286037139455977088
463509119845665033329456
242707525033038226880960
137323570081800494487552
71393097066428857226432
40322005252989961554512
20823392321038287966208
11761736000063338453280
6041843531200006484160
3422921112608555785152
1738750086487175858304
980974379016985702784
495165340815026219264
280354374282079938040
140943326622060447616
80118826978983364320
39430734697229451904
22240439463825221216
10947624484451761472
6250177481681968032
3065933290070851456
1748243664738764176
821136635041956096
465047338792770240
223860119181133120
130008334481266816
61788037158664640
35111943033924544
15356470729583808
8884435535507682
4239066473801600
2518138655801472
1138199924529792
634590584030992
249466496909376
154927503261056
75094189153728
45011679138752
18619019055616
9963965899744
3364418482816
2508492732656
1255045974080
721808658880
256846799040
129581004070
35534227968
38868349696
19398334848
9809310000
2757639296
1316035744
272295424
577781696
259425664
103255776
20325760
9729248
1351360
7701760
2698624
730470
80384
47808
3392
81312
18752
2560
64
128
0
576
64
0
0
0
0
2
