2
0
0
0
0
64
64
0
128
64
1024
2368
1184
3392
7360
14848
42598
52544
74432
188544
314592
613440
1150112
1685952
3186656
6070016
10059552
17974016
31240624
52463808
93239840
161053056
272108158
469262976
798857152
1352184320
2303929200
3889674560
6545292416
11029273280
18490725632
30942545344
51720853760
86180991232
143344728320
238025728128
394443538880
652609606208
1077895101930
1777346311552
2926405672288
4811186814208
7898114468960
12945482968320
21183994584000
34604836430592
56413983434048
91747130914176
148785351179712
240458513561216
387025754336384
619902059650944
987206684313760
1561704208444416
2451704615773492
3815710908716096
5881278261461952
8968108636116480
13515002862477728
20108155295716160
29507650644087872
42666112648227264
60730845461184384
85020390430543232
116963296383483392
157990956402626816
209379895989837392
272045802693591616
346305930146128384
431636654238115072
526467094929689596
628055662557261760
732493683180806432
834870043676148288
929607152820535184
1010946862271251776
1073530339670994624
1112992583164589760
1126478014436969408
1112992583164589760
1073530339670994624
1010946862271251776
929607152820535184
834870043676148288
732493683180806432
628055662557261760
526467094929689596
431636654238115072
346305930146128384
272045802693591616
209379895989837392
157990956402626816
116963296383483392
85020390430543232
60730845461184384
42666112648227264
29507650644087872
20108155295716160
13515002862477728
8968108636116480
5881278261461952
3815710908716096
2451704615773492
1561704208444416
987206684313760
619902059650944
387025754336384
240458513561216
148785351179712
91747130914176
56413983434048
34604836430592
21183994584000
12945482968320
7898114468960
4811186814208
2926405672288
1777346311552
1077895101930
652609606208
394443538880
238025728128
143344728320
86180991232
51720853760
30942545344
18490725632
11029273280
6545292416
3889674560
2303929200
1352184320
798857152
469262976
272108158
161053056
93239840
52463808
31240624
17974016
10059552
6070016
3186656
1685952
1150112
613440
314592
188544
74432
52544
42598
14848
7360
3392
1184
2368
1024
64
128
0
64
64
0
0
0
0
2
