2
0
0
16
96
192
192
1008
4072
10592
20864
50480
154660
411744
951184
2172400
5389062
13518032
31969088
73087568
168682936
394497200
911030192
2059537088
4615819116
10347100512
23114291264
51146845984
112175043224
244791254640
532110158232
1150425904224
2471685368252
5281486350000
11234529471416
23790991505712
50142116315880
105184764094928
219692941979600
456979429816080
946704379626452
1953377704904496
4014847154316144
8221119157885344
16773362647288728
34101264789774176
69090697618834336
139511861367901008
280793386176775456
563355936816309152
1126763216365293152
2246828899165048800
4467126921905110964
8856029846148362960
17507813736187947840
34517170307894458576
67869762316926134912
133101111919671564784
260361217154539799120
508023714181483079408
988843397333409478240
1920121088488345118576
3719700348089099458808
7189275951736667401488
13863689585650474198640
26675134331697406143072
51213589886136963785640
98113869955158761886464
187567260782579107094184
357831928857757612188336
681254983236581997842264
1294378043217436721515920
2454397546273161018838272
4644850058010371013720560
8773066834914774408923280
16538392975689073065060640
31117576241898070171939172
58438162296339142011544576
109539997317736628457793256
204946576295853511178920528
382741971841788781966850562
713467270393048004784644800
1327544176065327423394842152
2465668303386081264595607248
4571242027765901959030988208
8459607061255569124920725696
15627318479816846538838771232
28816304190470753200060844992
53041066145484509587955956912
97455488965958488632139097824
178739169566413809711017263920
327228503147619701325045878560
597996100770138387735634139076
1090833728052640883722687440160
1986223522548550355274233633800
3609961952289274911053181249440
6549027592817072745898278828422
11858904966857909166837214798704
21433786446281870043991483448088
38666224156638345491412054346816
69620027827711140002318033172776
125111185761554965541691770227856
224391530246386934600463435133168
401654697636570074360431578686624
717499829831142068222503565309208
1279082470047711920220155874722448
2275448471582372613016777090192464
4039333742066393344481724936368720
7154971283462535998666927984012080
12645650533115509147104595680734560
22299122905805896255835530892174232
39230548415285286858217134438702608
68853507789241853371256209571618756
120549762740687926173066486498932848
210531523672911649096590382988475208
366731860429371374377411901883584128
637132101308327885253637261711035116
1103892088632857959195283518773960224
1907239981663665646755790814766761664
3285710587822892900790332686908497792
5643656084846539378774830650054894640
9664056409893219719264010306814521824
16496236743165022951583050931837188648
28066876480369890324632623015957258368
47592970399293990766929339308695064756
80423936528161496755346937888113508480
135417394139626002838933156094749359936
227175563826472130787772940329619738000
379661793298634682967279944149246178226
632017465693617531234792686702164648176
1047865925321932890369650128991116617376
1730107833663764839754818731438081242928
2844308381069843990105112808455263079476
4655436572707864590862693967777555328832
7585208719717390935341957505988219975000
12300995636688101805198860935131238467088
19852716302566726908526327793186200108472
31882110938353719236237942345565926018592
50940291162777149795266424592431533897824
80965885970343664657470166695321883926128
127999262646714405799244086770039801563680
201240554288479362984070619241213799378592
314603531735637192409546668390989159890440
488977334890051059199630596148130485639552
755487985461485293517920131342111220703118
1160156220032173221424184400790432567923712
1770482525701580568718916900206757055296200
2684659064846293003921795752930218618091536
4044315057093247439344844925241151537979576
6051948408975735103054879804007449614029952
8994479152033793990440387557477449474914208
13274670513698736399645047716733612828074416
19452483213196761624800095290575362614149404
28298727925155797122128203651954312180230176
40863614899169035138539320915889152678925296
58562906026052852851456596849457653619790096
83284271774672406832647718407427996512026840
117516043599759528860485350989097963529416208
164499717269876983356638156194379883599200112
228406183199787168800513077796885576715630320
314533622264083941207055203373282768542235102
429522221825447885243549335943146253739162608
581577300118671150229267537145336853933162016
780688121719065664316684470724348860833502960
1038824798736239281992651231909130704219171004
1370090498719886214610210289056637131828765264
1790801179481846829679286529584098367948199392
2319460867627784928296730014595971481025047536
2976597863676929338608736214822467844224077148
3784427063764558749389109606107475162108945680
4766306724994417458718900075871705800604799184
5945965259417971254455812814325251083637880352
7346485570838128651828091387325121527152244952
8989051203592911351263165813953680982697308176
10891479763456221059430736948499593283196389272
13066593649948999288402345505075465000116453648
15520504349944192402286846268169128484154394246
18250911958394338420082478254738408895691504688
21245543267015209241339880403493374800364435160
24480866493579864539708926449374594240768555168
27921225421457222442211545955144319973589955064
31518527835140069132369783294643300270175612496
35212601122448472351112056905569438867264331152
38932291610605561086565579971605986286466772800
42597335118924488267768377428183469125636064048
46120967598098065907265725303327672748159118496
49413181427301731036681756416807525356279822360
52384470982878094167635163526654551874938174944
54949857062484349380772970560271028786805314992
57032940010802321419505971343500477175212392400
58569711256745745834685227936633596686701777792
59511855926943790658375840259382666737333076240
59829306340214244257111469299994605895012028792
59511855926943790658375840259382666737333076240
58569711256745745834685227936633596686701777792
57032940010802321419505971343500477175212392400
54949857062484349380772970560271028786805314992
52384470982878094167635163526654551874938174944
49413181427301731036681756416807525356279822360
46120967598098065907265725303327672748159118496
42597335118924488267768377428183469125636064048
38932291610605561086565579971605986286466772800
35212601122448472351112056905569438867264331152
31518527835140069132369783294643300270175612496
27921225421457222442211545955144319973589955064
24480866493579864539708926449374594240768555168
21245543267015209241339880403493374800364435160
18250911958394338420082478254738408895691504688
15520504349944192402286846268169128484154394246
13066593649948999288402345505075465000116453648
10891479763456221059430736948499593283196389272
8989051203592911351263165813953680982697308176
7346485570838128651828091387325121527152244952
5945965259417971254455812814325251083637880352
4766306724994417458718900075871705800604799184
3784427063764558749389109606107475162108945680
2976597863676929338608736214822467844224077148
2319460867627784928296730014595971481025047536
1790801179481846829679286529584098367948199392
1370090498719886214610210289056637131828765264
1038824798736239281992651231909130704219171004
780688121719065664316684470724348860833502960
581577300118671150229267537145336853933162016
429522221825447885243549335943146253739162608
314533622264083941207055203373282768542235102
228406183199787168800513077796885576715630320
164499717269876983356638156194379883599200112
117516043599759528860485350989097963529416208
83284271774672406832647718407427996512026840
58562906026052852851456596849457653619790096
40863614899169035138539320915889152678925296
28298727925155797122128203651954312180230176
19452483213196761624800095290575362614149404
13274670513698736399645047716733612828074416
8994479152033793990440387557477449474914208
6051948408975735103054879804007449614029952
4044315057093247439344844925241151537979576
2684659064846293003921795752930218618091536
1770482525701580568718916900206757055296200
1160156220032173221424184400790432567923712
755487985461485293517920131342111220703118
488977334890051059199630596148130485639552
314603531735637192409546668390989159890440
201240554288479362984070619241213799378592
127999262646714405799244086770039801563680
80965885970343664657470166695321883926128
50940291162777149795266424592431533897824
31882110938353719236237942345565926018592
19852716302566726908526327793186200108472
12300995636688101805198860935131238467088
7585208719717390935341957505988219975000
4655436572707864590862693967777555328832
2844308381069843990105112808455263079476
1730107833663764839754818731438081242928
1047865925321932890369650128991116617376
632017465693617531234792686702164648176
379661793298634682967279944149246178226
227175563826472130787772940329619738000
135417394139626002838933156094749359936
80423936528161496755346937888113508480
47592970399293990766929339308695064756
28066876480369890324632623015957258368
16496236743165022951583050931837188648
9664056409893219719264010306814521824
5643656084846539378774830650054894640
3285710587822892900790332686908497792
1907239981663665646755790814766761664
1103892088632857959195283518773960224
637132101308327885253637261711035116
366731860429371374377411901883584128
210531523672911649096590382988475208
120549762740687926173066486498932848
68853507789241853371256209571618756
39230548415285286858217134438702608
22299122905805896255835530892174232
12645650533115509147104595680734560
7154971283462535998666927984012080
4039333742066393344481724936368720
2275448471582372613016777090192464
1279082470047711920220155874722448
717499829831142068222503565309208
401654697636570074360431578686624
224391530246386934600463435133168
125111185761554965541691770227856
69620027827711140002318033172776
38666224156638345491412054346816
21433786446281870043991483448088
11858904966857909166837214798704
6549027592817072745898278828422
3609961952289274911053181249440
1986223522548550355274233633800
1090833728052640883722687440160
597996100770138387735634139076
327228503147619701325045878560
178739169566413809711017263920
97455488965958488632139097824
53041066145484509587955956912
28816304190470753200060844992
15627318479816846538838771232
8459607061255569124920725696
4571242027765901959030988208
2465668303386081264595607248
1327544176065327423394842152
713467270393048004784644800
382741971841788781966850562
204946576295853511178920528
109539997317736628457793256
58438162296339142011544576
31117576241898070171939172
16538392975689073065060640
8773066834914774408923280
4644850058010371013720560
2454397546273161018838272
1294378043217436721515920
681254983236581997842264
357831928857757612188336
187567260782579107094184
98113869955158761886464
51213589886136963785640
26675134331697406143072
13863689585650474198640
7189275951736667401488
3719700348089099458808
1920121088488345118576
988843397333409478240
508023714181483079408
260361217154539799120
133101111919671564784
67869762316926134912
34517170307894458576
17507813736187947840
8856029846148362960
4467126921905110964
2246828899165048800
1126763216365293152
563355936816309152
280793386176775456
139511861367901008
69090697618834336
34101264789774176
16773362647288728
8221119157885344
4014847154316144
1953377704904496
946704379626452
456979429816080
219692941979600
105184764094928
50142116315880
23790991505712
11234529471416
5281486350000
2471685368252
1150425904224
532110158232
244791254640
112175043224
51146845984
23114291264
10347100512
4615819116
2059537088
911030192
394497200
168682936
73087568
31969088
13518032
5389062
2172400
951184
411744
154660
50480
20864
10592
4072
1008
192
192
96
16
0
0
2
