0
0
0
0
0
0
0
0
0
0
0
0
0
0
0
0
18
0
0
0
576
0
3168
0
12528
0
119520
0
504720
0
2586528
0
13960440
0
58882464
0
270231696
0
1177782624
0
4777119000
0
19491004800
0
76474114128
0
290969764416
0
1090299750756
0
3981150708768
0
14239411136928
0
50053765886784
0
172591715147184
0
585381937929984
0
1954383067673328
0
6425313780048768
0
20829232151201196
0
66605963509849728
0
210253005014936544
0
655607287478068128
0
2020314438022490712
0
6156347326269383232
0
18558827477945245296
0
55372278544773905760
0
163581645875506338276
0
478673337286925928000
0
1387920957234238690368
0
3988945830025028541888
0
11367270560515326396984
0
32128395080065621297056
0
90090405453210195595104
0
250691569737979870904544
0
692438827029842408940960
0
1898918304891446345298912
0
5171439623472951991143408
0
13989067117068498591654624
0
37594544545984892312951496
0
100392519508156751608155168
0
266437320312436050250308288
0
702874331782143207604516800
0
1843384330362845363674220676
0
4806966092412452180303740896
0
12465193101335998923642999408
0
32147682179034444565240335456
0
82464418668547909758755942160
0
210419765267029691892421933728
0
534119825040690760154433586800
0
1348789449612374927074628087808
0
3388558348361854824759051389244
0
8469410688561033338058866615616
0
21059583317812204738289643541248
0
52093452923805286733437653384384
0
128179202023217180453130922772952
0
313690304282415990722730796723392
0
763419371193632908629784563940800
0
1847190581730869526170774191318752
0
4442522849673869761815648625327730
0
10616254479727677153859396812928704
0
25197534365053559501615292136498320
0
59370972778482684885988238076449472
0
138791522303315779344404464357433856
0
321679379344567283024522918164640928
0
738596330493399485431617372916687200
0
1678491885487691377210516883587731168
0
3771527758398046637870228408204734212
0
8369799534536850917637279274320904224
0
18322579618902212624101887455492336736
0
39515957842872737914651338561509266080
0
83846853059002472862084998845251490056
0
174793246748602188963397256129146244064
0
357495487686793877892915923034622436160
0
716317639728952035572609264446848098304
0
1404153930887129201355114165128510474904
0
2689010051246585018144568479706400024128
0
5023985686609773216823266550246315259168
0
9145584928699931521450046949187191490368
0
16200677507436967997891577891670497590616
0
27892674780077037160256316756152454819648
0
46621514374757064644876085806962566870384
0
75570881088129993902752660339714828854720
0
118674394953382880611439572582848317079480
0
180379524840803031549414650121272348664192
0
265136608140651704514153434676265461663504
0
376583052376650709686074218317749591794816
0
516474616902332137302993895723436314111080
0
683526328183180075110724101607529089597920
0
872434980428972664165617580431457404701728
0
1073417492492127283365629305342237307343168
0
1272568182447730558680447146182560280565736
0
1453189077242773960553961801058332876658560
0
1597999474736701007184586573121511520272864
0
1691851599171655145586114831469193364794016
0
1724366724132444304084361845019220835110640
0
1691851608476976486315777062796176024871936
0
1597999487508997439351659674265264358597616
0
1453189086068309958367601223852203882709888
0
1272568183399485273181082588005478440346928
0
1073417487130048142710188117354457037477376
0
872434973688744470347321063011420361075344
0
683526324399464919209374544143689452430720
0
516474617189244233310516380439306963107520
0
376583054874718898017399911209330568688800
0
265136610179540472815038727417709723687072
0
180379524964033438986885690167774867487168
0
118674393473853432057824895865468699290936
0
75570879295738545081509054997772197871104
0
46621513392519745352909800493296008543648
0
27892674935680898212747510838968947420000
0
16200678419356407417039976669543917639816
0
9145585972074511918890079336402476597504
0
5023986408278265845454344673523312059856
0
2689010319716253440060753861683301664576
0
1404153856996145101428455551617243847800
0
716317415920537371582313205025777967488
0
357495266654126825241176795443894845552
0
174793099185062480137695561808923362112
0
83846783460901286872581652261414026168
0
39515939883522428031551520639706657536
0
18322584373155259918980818602759561248
0
8369808278916231982163238737071067456
0
3771532913684164540343424679155330600
0
1678492850610445182254513180480921856
0
738595102979401007902662424669422528
0
321677921525544054993907533472704864
0
138790855649128726378566423224849736
0
59371264660304891851443254376417696
0
25198500271204563012370289854653696
0
10617506395022543060004151644499680
0
4443755830642449978680894880378796
0
1848234241761726014956663160665824
0
764216761518882873463720084217280
0
314254555714984678793876836016160
0
128554863434402343882108263889552
0
52331266653232018280844738787776
0
21203825174625937525200572573424
0
8553713114064080699648826624576
0
3436246952558801115362611249950
0
1374992922992213161331349587744
0
548145774210674353594571157888
0
217751024150428998359391455808
0
86213921382978605583506917464
0
34027259282564082650763774912
0
13390045938719835820734881952
0
5254223240301583652051158464
0
2056191765427440531839214828
0
802592023588173441473154048
0
312491864053276871778698896
0
121372355948978791529830368
0
47027273851916130051792864
0
18177211329917295686581920
0
7008694855290966073954608
0
2695573401561126732426336
0
1034018041768028734362360
0
395562212990896637920320
0
150885269797221051594336
0
57378615861792785144544
0
21749129025294236567400
0
8215461056735108453088
0
3091892463509767677936
0
1159095296492185418784
0
432723250080714239352
0
160838809799441440416
0
59505102237760765632
0
21906976622847844896
0
8023514397912079624
0
2922802660071869184
0
1058627046419071776
0
381136930774769664
0
136384025211749160
0
48476663226449568
0
17110916115520176
0
6000958230127488
0
2087074583118792
0
719860845727840
0
247122634493376
0
83689411188672
0
28086113035932
0
9467414086464
0
3079272742416
0
1005013415424
0
336636933264
0
100739795328
0
32966640992
0
11035643616
0
2749303440
0
1021884480
0
320114160
0
56259648
0
31082616
0
7408224
0
731088
0
879648
0
115056
0
4320
0
19728
0
864
0
0
0
288
0
0
0
0
0
2
