0
0
0
0
0
0
0
0
0
0
0
0
0
0
0
0
0
0
0
0
0
0
0
0
0
0
0
0
0
0
0
0
0
0
0
0
0
0
0
0
0
0
0
0
0
0
0
0
0
0
0
0
0
0
0
0
0
0
0
0
2470
70000
1056000
10886800
85526700
543791700
2922780200
13727113600
57854746600
223566281600
805601755800
2741768777500
8896882322250
27719763695400
83372778605400
243102287296000
689557468565900
1908012443215200
5162064090767400
13681561916084100
35581854367680550
90930610288380900
228615246583276800
566070642364747300
1381678496262281650
3327116663992048010
7909847527030421700
18577540748905109000
43130137763366550400
99031647015997849900
224995880904697552040
506023892451293356100
1127030775033350288950
2486721185916860551800
5437393512426064725800
11785865666173824773460
25331684856066014906300
54002577822268516671350
114214362432287688884000
239708562602356303154900
499341000085438593906830
1032642642551686087504200
2120434621163329794277600
4324138304052456955889000
8758855722931593349374100
17625330319200074697751470
35239869162646327241143400
70016402214176168607590700
138258450010558554941396800
271371756552157834825229150
529505308592229912684315140
1027205830854416443003464000
1981400082645473123246314800
3800650201176172335580033600
7250294871510319750729037000
13756379887788347801832122980
25962098902708494247789157000
48741271714982861991123634650
91034815753439515827283420900
169161670496248174061812405200
312758007856924124703983622850
575378052827006086987524886600
1053321751727616332118510186900
1918909368446502732911434100500
3479000795135407223817110650050
6277410825687980441732125422310
11273276923742598276276608226100
20150202059083199127390713499700
35849462185805437721893455021700
63485232801565662428011870657500
111907936207392602134082579004800
196361745220826935743756780441600
342980093343976210685729660136300
596353373240627951905937912211000
1032206020311364069677378904744500
1778528212238093258653315538064380
3050626489614777830511123389455700
5208971663617433625327681589874700
8854191993970491998767640469765000
14982272505365814270194179900494100
25236820099466465154488528853656650
42316978335663831485023554746259200
70633570893619588976540153063767000
117358921530379113970473873464304500
194097499229634623661431079847778500
319529974785413349644139223588884550
523574579060526615290795967397483100
853899408425660048755629278397073700
1386055092151761976525612127920991350
2239147812891129365035664562610481150
3599936600540647095807944153353573820
5759655836444152085251926338924779400
9169930014526240524917621904786346850
14527134783275811686323574324832218200
22898838316476692038049861399344055100
35912032996203737294733809103066007460
56031408770773965539597705262456877700
86967803479956448049322869869749730200
134273320330777747902267321123474139900
206201850713928578896884574248957144900
314943631773975043966657879025849693130
478382095868107989854092654271081052500
722573050488741741630514142340620395800
1085212828694302869115436647080040815000
1620446229324889623160052610072505303100
2405469399022920764255734186551799466730
3549509261908245300856355947487268476300
5205910420554548312754118444469344861100
7588231313029386922053185285426285506400
10991439352666963728057364816931347658000
15819490887930179675228293289359000118500
22620771254286273756704850733594704242200
32133030626004684932287749355079657892450
45339551600490179862271690211387458727850
63538283363384446227141503379066303830400
88425523712267565733134845963338102225040
122195363980627882370098724171638239175600
167655466688618396877643433308018067190650
228358754282024327721686737449603289600700
308749189268634416798282339222063617763300
414317978804170471037617174136778242367370
551764228897998240217369760233652884234000
729151340112749578232371338773443671739100
956047375748301943747421286026059199320200
1243634419869739635879958813820913857544350
1604768837988593684786992488327263283889130
2053971708747638270386038816130450095701000
2607326941699914175296529940444591965758600
3282264221939362043988364085226788559373550
4097205431392040768381313066521924740919500
5071057053762406417226006296080145749256140
6222537629949172973141191896861343608914400
7569338758393972482909637773952764089057550
9127130327443703533994136991530703036604100
10908435186703289121824327669450461783782800
12921414497599104233181736933885761825689040
15168621357146095251952103402559621650712700
17645795438715273797761036757222499253651850
20340783586593263823315423998679169911399400
23232678714695036726112508011179581868662400
26291270305562979996462870505684859464725110
29476892959991384729714660216843367834888000
32740744080357027797424609670387552866110900
36025717941227730690519785326078389247154600
39267772084511882170473977096440102325940600
42397805094171205769272177978063466251548930
45343985134996273990027434554034709014010400
48034429604063887023258160471633984257831500
50400101588951680121266925432084433966997200
52377762223694212705615518911853300879061450
53912802642896337975746943641457608638969340
54961777300327502718938808708347921395167000
55494472942080816289050783508938511780235600
55495374072733354254951245486133160958837550
54964424433996927803159866294962057112653900
53917031634688492485736067175078299625965000
52383314454040227581865023770588371926053600
50406644783433123592856746720167449373704250
48041583961719675342038283701808016673969600
45351352196848259010462332576269568835653500
42404996620045857918072865252937069170938830
39274436353678553455610805565934055481288100
36031561315252203246740313680385243659506900
32745546295248801434815506276456181276593900
29480515357929400025222278084521836601797900
26293656975981148399008323262295065957865050
23233851199503965550692534748000887763697200
20340830343284336880607319517228284973588200
17644857603406462026849647650140131005990650
15166876492237602220549751724601615549047100
12919059958152064952800784975414619573276340
10905672530339524824437079558884080514260400
9124151872776115108297399528738473108245450
7566317020267321531236314014519605950047000
6219617977001786418382967094730241321601100
5068353587239754052544313971381236926948300
4094799803623092343836868408918767595112000
3280206914694029135353348142189631961348300
2605640412296410305448615785336274319240800
2052654778393849024761987253151661613127500
1603801728339535963291784483484177886232650
1242983922238711576709339916806008364770600
955671744092399894251062184441164203047400
729004616658485409154750430229219032710200
551799826042468489255796823038747719036800
414491442580650192521199972954618748750910
309020152044087831917247148966684241823200
228692144877457971430958302378982997616400
168022085067067766384187576571232847648200
122571947350206922156190239440730968587000
88794434873675139008419555871039273392460
63886944421538984040644276135930343341600
45659730733478099600614554012799613982300
32420069999446085656936020210977970818450
22872823269324246844500988804901050016800
16036809901570277261970436408965486935280
11175758234853738012643978811282916385800
7742237495695330353151020473563584426250
5332824726664953057184833178734556409200
3652762675711867735222934801833748397000
2488467700639018553768760581088285049430
1686409577735412957862154304177178139200
1137076398407560690907631621149150228400
762935185458183101425699851467477332900
509487674447871924913788772197645422800
338692053646861059448130083648108404250
224170963909365100780454296363907013700
147752491301922196843644558038945820300
96995057870741534628291162801814349550
63431058045925696268515065988827578900
41330421954190725231597789338927606640
26836802786643398702840189438382658600
17368470452992964049649797044227253050
11205676608229360531177233758573742200
7208334279772092309107652509191909600
4624078231470051050829789420841624820
2958558414846425314505189005203702250
1888291618413881821734100174691674100
1202427189024798880778725853195639800
764035538740007238024784996433503800
484501091628607443274719528720628710
306662503386770422902120338538193900
193760977755502197476354670960283700
122225900978913681634618669992238500
76983821927646509977208113099357900
48419392538412927886439944982602690
30413298489370023192906170496114200
19079589294526697657325781589719100
11955539598705730794589031488863750
7483311166741715392067683697755000
4679174602952379402051083144029720
2922931254918048645761887562892800
1824155358680509141792907309826700
1137407202707983750920436650865250
708590637347683108158200735596500
441074556820064245919941363754220
274331315360501406243015473290500
170487733865728199487919625902050
105869543352412192295445712943900
65692117804374283137400843250400
40730765390488330239142892272402
25234836894712983097033236801050
15622392072701013805709842042800
9664140422343621103999485136200
5973740984198933954173726108500
3689734616334412242259702679690
2277230687811314329546593711500
1404362328339071380131299198500
865382782454255898320009105850
532832380347224482252524857300
327810075236733895208809147340
201511161625204636624464936200
123770345547867670804539028550
75957410594805324664979742650
46575221580771045215775586800
28534216180258637960593172760
17466184753124309676712424800
10681836566347287751640448200
6526857363300286869437386300
3984437513537243830902793600
2430126382882748270986005730
1480756804602603352022671300
901416666379481466632160200
548211566145233663717568000
333077420609132097071010800
202166905655814330873525370
122584657363564489608210400
74253429015326648421805900
44930809463214555465897700
27158897286327208869416300
16398829195019955143856740
9890969260314407239270000
5959125082853028129113200
3586211416054627927223450
2155713426174414936353400
1294314033030258629591960
776199623042030679466950
464925840614921220243950
278138944477801758080300
166187591625671586336700
99171096095661051536770
59103334682295043974700
35177869979328098487800
20909711956088122557200
12411891352778430761700
7357465196344427307270
4355208786524380711600
2574367502136859641600
1519497516219281003400
895545242232999250800
527015388854249781740
309664609216318886800
181669658055228771300
106412064902391315900
62228713916006174400
36330970962985775780
21176034353426057900
12321403987082402000
7156798907948714700
4149942956999960400
2401859298708849630
1387564427998550950
800178040650082700
460514443027405200
264517734401569900
151681330902278770
86770620232061100
49534793662492700
28229183862799650
16046224512835700
9102639473637640
5156554797707100
2909931150590100
1638648142222500
921849340244500
516626347465040
289130871528050
161628185906300
89599420610600
49679043957100
27596555777870
15217577809700
8398569416100
4614002877100
2488850705400
1363229886750
751404152400
405987458600
220239194250
116945030500
60721793020
33818491000
18568552600
9631542950
5046804100
2495357640
1286272500
783296400
407900600
191845500
93583270
41898950
25734300
17193200
7056700
2853770
1231300
580000
554900
303600
69240
28600
8900
9850
10500
2800
100
200
0
200
100
0
0
0
0
2
