0
0
0
0
0
0
0
0
0
0
0
0
0
0
0
0
0
0
0
0
0
0
0
0
0
0
0
0
0
0
0
0
0
0
0
0
0
0
0
0
10
0
80
560
1580
7080
31360
113680
428180
1583240
5580340
19380840
65947600
219064480
714418140
2286754520
7186837720
22208330880
67504265720
201946503600
595042317910
1727746975440
4946004919180
13966810636960
38923173952680
107098281285880
291078671146340
781754851532520
2075558877194920
5449666040232840
14155782212628360
36389781710540880
92608967107750150
233396821263837640
582692964488958900
1441506915972140720
3534675809926019960
8593241165634226080
20718233532354413440
49550242355001740800
117581952986506532660
276909297145622385560
647339908745215975500
1502509506328962931600
3463221793255941082320
7928777203299830925960
18033336615460274463820
40753766929184522111680
91528403113087437624080
204320584702697896008480
453424765340923340906450
1000463482033186400643160
2195146532547777682396050
4790192045768818332575560
10397475929689599160649480
22451463702957434919454800
48234421322535876196668100
103113845378429098845033440
219368456595365924454131360
464490139864441763642377040
978971172564009078060469460
2053991066787762426464888760
4290469930689420973593953160
8923384168160100960759163480
18480421540788274989856688290
38114418238320242359867648440
78288494258827914677042986220
160166779212789192214921258800
326396907228451318123316186020
662598724733265729799365326320
1340036695650350596644974825110
2700061266100700768786912248640
5420626014813266236446102317520
10843538995754248236236979341160
21615442981494749289350499458580
42939138643673963410860300279040
85008454720037610590092535834000
167730861450145330461574412791680
329858233228479229601587846283340
646584981587570387164500264164640
1263360525156826422273683094736740
2460656160169708648575079418680600
4777647688519161269821303138281210
9247697281558093984705743714286480
17845357612634431647443890021716590
34332395398643332204125079500817720
65854335477450872619970557920923480
125944577992009710320835462508373000
240160768313269335911899421086139640
456629569057644963283385799205750240
865718169263675595915974743000138920
1636628119031024943812602004144481000
3085277261394247074161094978779243820
5799868630091951267795254782926396160
10872521349591446478745752486886170000
20325360959356687264369413726620566640
37892149375525079380136345764614802700
70448159677905987735311193610612280480
130618697457089372774012875063872510400
241524710523933214043206973962239956560
445392565969341612804921015235417133310
819131431955686452339251661877184641040
1502439305824874613036301725477691204490
2748374545710454756830057865097270961560
5014098822763552057410338089459479468520
9123251611614810114646632751710305293240
16555696633629329799993789739060595357500
29963119045773468922767109206784964921160
54083962384302230191319379880348825161880
97362460603945367591290721053670364937800
174805558960877985232610096654800562429420
313009969541845330354847027924792946600200
558982716338951838894394276017358310244580
995573638314062034360935617844503896226160
1768398722026290044781790679702538901984870
3132674440676080535388311141810675288588920
5534451052064251967601425970711182706188600
9751097028862631682797916860963996628785320
17133533757524336275431079359873891898611520
30022670809183670281880101560392855817121960
52463162142638298787232151086455342382616290
91423044414927934364225634236077532413560640
158871412899213342647207177312288093944500560
275306808536952343264444815714564094394460920
475730480857545848820554134244224478808075120
819726575489186613320750842477764717154395720
1408418428775506245333660215236265789252009420
2412898882243442949596606084907688709549861560
4121742241416248780427192501555683615427867280
7020140649028109204933542659145969151773146960
11921269733808852055008637378347368973222146200
20183608573710602125746263048934714268018735960
34069207975305548983616221654392415036568464330
57332243928644147148718253747666797108152281080
96182423420599966820413648233732420744682182610
160856267530295032725699339322091867053123589360
268170380058431703812030503300057092708524074780
445654867732415374188764319938194295035611909640
738219360860430192539441314475362774047548464100
1218861789299908627204492253330738961546151467480
2005804011865392662652370592803685984529513980300
3289801534284278243114396005070550723886938322160
5377490609189708815490730110343849585555104045240
8759904891964086684646242697299477692858462249840
14220318439617719132964214457450963930008335301700
23003255799521503678514071785716854919934945938880
37078199280240721752801769439420354838768826113840
59549210695755400417595182210589576012488924515880
95288300072029424228266348627816117422585437814400
151910197064792888836833153775855631160524853238520
241265420359352683118315530026786805274866865237730
381716135695895188826272768473750456884143702617760
601588019873174703534697603312891226234096141650410
944379319742609190984253436236560837830953836354280
1476580982827901681963956142408553236724593616336280
2299354648121791325552863312899639955627319029983480
3565877474970918837643598097497210615761207219014800
5506961373306059284030562607933971321212907894393440
8468680090471536872872311834676268118575473093852240
12967312625061784801136297054974443214294602504541480
19769096935963223477589521858044046064190735150348592
30005295001563637403493045060795288558738904818162160
45337171464746496690787261922605666651468945678118160
68191030001833326694316823591051446184871846444003040
102090867974078965730973361303235003249586993089393910
152126033909595594967652793548384792479432593202792920
225604145379739912227270855495048679683835031311574400
332956200099739754951082295062386393698703842611976000
488982149227982561775865805196477871235531686251162480
714552141704389508825499962399555762479337885890971440
1038912176710959940209839925703285149761943970745297338
1502783973291536476335690629253661020148207351206039320
2162498299620980525883161311806291340498983210092987780
3095459325733342774808581618350792812598186837085248920
4407304800420633155566668859397366433681185542486916400
6241202268646261611525803634916026336455908691205578896
8789803313258370751105311116533609993115478293654479260
12310462628081591897176536213549955568001028300914219440
17144411427309216765149912372949607577786983718064231560
23740647777478860219953414202840060939410370707980688800
32685359715315185993508564632720988425897751640771275236
44737717316316741538855730428579847003420790298509222040
60872840947640039383530196260653785851619603013822372810
82332655609359866810373536778762140825793782273847095960
110685154038819707583782436481447766074573927031005182850
147892291361210368327284291928938963257198120348941588304
196386299173057621796329233269466946602071754649586257020
259153617473058180601859531148179277035201784281794203360
339824885043694121217207700729194964671632271619195742280
442768498433304373926702582808240501395118031252098206760
573184155837416748120507290040389132248634254834013300068
737191571953404645421672015196846190649794718649035657040
941908232011576101848644477310884690736922863122234359060
1195508721156303011607806015562282032924198804806324396480
1507256918921134781273527118326591472077263350077154413800
1887501312981349948641324092757056931500099213162604608656
2347623008728532717629154444436436717064912383259192100840
2899925853068333904321232371839260944046817703034604519880
3557458617181598207809243161046109680733483241923819431840
4333760547323080839363135126944959504220240349280012030000
5242523918991457617987167858977238350671126104943090106388
6297170592139767431497053138839582492864100235513458267600
7510343967310526548409139072239220107172913512893103549130
8893323099448852140932087325759312421983205820660852922840
10455371849251338037451760301391189448928386195265452986880
12203042542759793885859256218032393911774650881601431607768
14139460262928325417279248789173016539145195221926424413140
16263620114224088862330661128203383665634566255070261434880
18569735020471124933500250116732451829057670725013876673000
21046675250076233491490866852676612244815317567462324733640
23677542350509786389426939139440014318294125479887969357544
26439419038012192591125061450871592427364233438232061987360
29303332494239349165509613408875700051793437598922700731440
32234461331537418781445571469869993003472683059714278199520
35192606305793272742100323526107651333556164264632094640730
38132932048967938761609042935105113306532679868412035135136
41006972298375379673477266023544994163032004754918595475240
43763875194506003217077314589008105873745111613355486268480
46351849271133052791256201953308928133336834314149874284540
48719755949783566505714551551615205793959255882428658705760
50818781869527683393472013461709940603283870558157002235592
52604115334040893102612517663398444289564560231229851325280
54036546442773368368871618614490518788099517699269022009500
55083910698115025021616857768995652055114692797267058066560
55722301283765444406382436765100283554413521717566477447500
55936985620317525391261649293736780262734130764484706469072
55722976640139094820655890654273979362711075651128516695620
55085227528920881393213629368829740528776685029028214172640
54038439200906305102019105235164417251546832090008572501320
52606491060886624989102118454008997876554596096517094640160
50821526143210574698702169368520764417304265637773740335164
48722740056379719876794091066608362777426342299340744759600
46354938042697774559608144759455264326363781861088156562960
43766934924861087517544917943938600476995163729428408196680
41009878167516071021558397187402487331829195963643686109910
38135574555366300351027285669052037050946928475323322988992
35194896313706248110695688376601299455066406811013590455480
32236333475087162026923306620602942924224598254705160821680
29304746827044991419250967971890122662519595783991466542800
26440360961874357587573716914211594670781170204394266573440
23678020985882021458680492996090779976777349455471855590196
21046720514345515565115440089572378403976539573744292530960
18569393750563657431517064238652707310306979923277594356440
16262951604869161930449754955813955455280623069571197029120
14138531591999601143655472497324025745756365798447309149860
12201924024693909338027926331847098389092239012970552323328
10454132903262345621984946233175051362648063435168285388420
8892028749163062605829431234178069684127332254312659935840
7509052110963691518144484853990374436365595949042576064180
6295930105484403562468222978406626802679797481096723177040
5241373583166961439082989448098766897114306547508283025036
4332728736022628304958998035372126078647780264733669191280
3556563634451611047925254218852629716161474237790935691260
2899176786051142180191355685903913789983400691997512158480
2347020948004626472558644339213461051001493737329323631520
1887040794995176222757292990791347282947961351931131297616
1506927457539899395287593467009230486048064518679299939470
1195296315551565531555719941009123425711112416181633399720
941796762575967478836969749925043475881048733615246988340
737164021958207191408177415190603515325955477195130361360
573223621585943415916830201165702577657242625380307431872
442858972968422634792283985270021707509243934987976120160
339951818866582884942652657954799482228203198278222867900
259304273666762568996966430802823441979387621420011310080
196549929751452728630154678221351867010115952031841837740
148060166926161123467416873449165653083732984153473737552
110850480534553500494073275603910945049661376829134653260
82490410865920552296483334016768623165879504896614936080
61019560597496291659814179350565646012700044954519852100
44871255302338080338134830615478918763375330055764909760
32804643641583342962796880264090717221929455939300758972
23845444317041100825894469043122408654923351233256840880
17235112285196737520112781828248886240558541532309551260
12387897422407109266485429550599159640982505759528145440
8855082322606320147765175709017643173927377053203582760
6295589344534449965510861587331382365394623594317459072
4452118831278443321104471684732589587278416424118077390
3132001386662557205915993704662586290448570333603802240
2192000925161400793283157450854537000061343177900402220
1526378732434229635065610755782755814374631664965986160
1057611796177832754593705023549115020243533272485103380
729243711215852733822990600536805978592073956540558520
500428362869975530212818165981217511788778298183641740
341802070491114584739534495859896050591194158777811040
232387119368682662870049777368563794231254376747903920
157287903437534934331664683886869410347837313750054600
105990284803057366840847593408451195990936067092159960
71115786538472913931032811746926909002494342267402600
47515698569411789839070896218833861398716125738477650
31617053870566305724399422490253717883780434330433120
20953711958076419632271768667556263441460579205719068
13832413549392756298207256303355095483031896813360480
9096503571507986928287319360678867989625434549523680
5959812429194396983948016994342179512812014852657960
3890578277323893504867232145025698313941394861712480
2530817951811313955212049187362866483250383024278240
1640643818376090050148731118112118429438759400892820
1060023571127006701424990926667218810073220754217200
682661411755771682960110867988275849652958503469740
438252273460775910014391696154004075958959530212960
280486447037385447234835964272346755412294739422104
178981361556747438695548279152303363591674117331160
113880848001829585331417666313004370883798215231860
72256780294051298354874991541099192953160411977920
45722386965539844024788408122035936432755374086180
28856132855623498782930166799414326237456291044688
18165277905894305884123878288746584524797310925350
11407106781914725699970861814603697412929252001800
7146155215771377743285170706714964624421956907750
4466484467124648757214910381724900064923756066440
2785400315864756462327097864652234750721523380640
1733280100124216050296240566580621005992202624400
1076314235948575581734213657289835855442068056040
667002407935061151599747695857160064970639053200
412535551424988900002768725944596227621458296700
254664018552743788402026518414814541413754742016
156917531899853525317833639005421010414756332440
96515563377146418096356040588820288024421299400
59260927389034647835487519472530625158820155880
36325103016304607876806513306843687112778462920
22229699727979657121819159298453877861010725774
13582152680703941846637900256542043481101491520
8285729994107048830220005671294699147032590680
5047054132245532395332026526286636814874345920
3069778412090725369103635749964884715047963980
1864463414087147076334105008685818478894352776
1130819885359784060233363662611022453260156110
684919926342754096083626278454265331488332240
414291626144284811691568257889029969298382360
250267737801584196256508862969620065738687520
150989768461202725274237794126368806283477504
90979791178877292393062409048672760438193080
54752912933024847515036130311845074207813620
32911208690518160330408748804278247487905520
19758935099385585932010302290379163797205780
11848804047545395817389676662761460998611496
7097156568892677835406824416482761140493440
4246197644231469349503402323281620226918120
2537631317622839440711887716759837039377410
1514870179015790620796236506863802718971760
903330121395007923487651766670996576557630
538080108238227719509182577599117239649560
320170661408817683019603347431324216837480
190306962894508463668070174924774841526040
112997910164541201524237827591885881303200
67024322084419281899236067288869658382928
39714043639101575668767646793945231392320
23507612119600693582003528996823253958080
13900436243962278731704262519124412768780
8211194725101254948760922849349569049600
4845566031976060009386117686392592798824
2856570244792456061921762664181723159560
1682322555958638089505111931448542410480
989780977323964755382528596187021702520
581749066841664518886670311600770816360
341586037024248211921804700964162802880
200370231135293595627695127798694489490
117418251989810792964720805063690739240
68739725069338127780528718950809641730
40202215660779955642240769784633646520
23488877426589994622513143789341262888
13710221610804983472002927368530766560
7994592033930921781483479739604898380
4657118072449965211296592311455606360
2710232874077016710474699560817212160
1575663627023973922933730617419931720
915138636963709514128192963715057540
530976757001291221408441930890430360
307771173225529013052270209926911640
178214307995238400365758260876844160
103090251706250719165581656153499170
59573216868769079993825327138712840
34390679336653315314156655244946740
19832814469781835875012271798022040
11425607095448796608039091198034140
6575409739318513422370945646027832
3780175967219648177429026354601610
2170919594664235194915676736357680
1245416603256391925907646996397860
713709072442842770705699858210040
408563622211284566084886726202132
233628669247533678950481235174120
133449323974109700955876105740180
76142310569786272341647436857880
43396086664096209454869480381640
24705014951104413635228565774632
14048329478587314315755035847780
7979285546079659162061083414760
4526865719192399079302274056010
2565191510366074138175100212000
1451859580304498293355601862162
820740571962366542825849981440
463401301472074068980533097220
261319613114609577872547478720
147178131389830109865197789020
82787344012468966213105311216
46507888327819975910664317440
26092979222936062908759615600
14619994552951731148467106160
8180674471683401401692088520
4571313189161270561135372216
2550904239616780839934444000
1421476665275881004685028240
790985523271926668933699880
439512375809075503029094700
243858406657087196978790648
135100953319741093394541750
74734802674383626897383760
41278187085017654641892330
22763588997538631808040360
12533492664937731640796936
6889747546000340375469120
3781138970003621853125000
2071658190624014301588880
1133123639135598276138000
618710518875667718579232
337237364985470990396120
183488414129871251378760
99653577958528896835920
54022449742912073691600
29230615681814814548114
15785890944100971895360
8508500437651144395440
4576937324544279221600
2457076746683654550440
1316333642328082558312
703718487677832428910
375407305344368411800
199830973237743306820
106135421084513454280
56243111333629667792
29734790125169960400
15683250521450869120
8252353419019137760
4331783843948294560
2268058510034819456
1184389793202181140
616870338393349720
320473672176919790
166059025067138120
85797730123114674
44189823070682240
22691677960982760
11622812430301040
5938111178472780
3023290382328088
1532750853865260
774278126199920
390361550360780
196469214713640
98443309480148
48979597253120
24249710688680
12009901322400
5956564873180
2936151574976
1426518458020
687041055240
333399651810
163560364080
79499332188
37405814520
17236082700
8156924920
4009610180
1938200824
871731900
370721120
168669140
86090640
42294166
17791040
6516400
2709840
1566220
823416
309520
86880
27820
22280
14168
4280
740
80
200
200
40
0
0
0
2
