0
0
0
0
0
0
0
0
0
0
0
0
0
0
0
0
0
0
0
0
0
0
0
0
0
0
0
0
0
0
0
0
0
0
0
0
0
0
0
0
0
0
0
0
0
0
0
0
0
0
2470
56000
676000
5590800
35414000
183180860
811798450
3198795600
11527439000
38783196900
123565896390
376362212200
1103152743850
3127335049500
8609304953250
23089441062960
60482535980300
155072071118600
389844625142750
962398233220800
2336039276402440
5581459232675500
13139406151249100
30502218373535000
69877943282333450
158085352585582340
353383106607118800
780974171608826000
1707168177945469950
3692815915633395600
7907825155680805720
16770120618330434100
35232528346466121750
73352888123314104200
151385202085681573050
309784881279843372800
628719665850833051900
1265831092487590823400
2528781375407777385400
5013628830538742958300
9866909040224135778670
19278593719368572590100
37403049188841431106900
72068169025094721934500
137926497113897303930300
262227569003425796889820
495324814645619368517050
929680584505491873045100
1734029800689180767032650
3214416401249886107847800
5922577683171115597655020
10847244604539777767597900
19749765117746846094226100
35749416704709095410746200
64338090081959694437517600
115128866729666674196858800
204851390738217380535866450
362452508143648054344935400
637730005645387507531307150
1115859141829298356393974100
1941686579879374175007354700
3360112260702793258483684400
5782801292462719048799228200
9897710391733001759287540500
16847777647290408729598843450
28520594396759256594045491320
48014951457661088989707704350
80387313539116764591908786600
133838165296215387076874075800
221584512985901986122758844600
364794687193059341482119115500
597155079660338740018703025900
971923898293295885077667802500
1572743786907730599546593178400
2530086973910972208265306577500
4046065555267562275564570022720
6431550229676118247095425664550
10161224631777080105283308058400
15954510544129617080819215761100
24893413610450408525263767884200
38592468925694871687899453840240
59441337145078362214381411193100
90947436564205009917412557537250
138214477117477479186399791892500
208602975339383321067276113494000
312630687508554321263584525499100
465184033502761967557295521604100
687125215571013826400287105853900
1007392517745745500131755616941900
1465701131285063362438082762325900
2115955851781210966924545423155310
3030481247136998368866626112238100
4305154590525730866237933321229400
6065486448972555856739884081166600
8473627485549337294578306098110400
11736182386655012922467374751998440
16112578999905211453720936887151850
21923571813373992476642527411497200
29559257426674938989812838269359000
39485755512220338457910045098658600
52249479518419295470154765180743680
68477713192389006863630341191404700
88874056461247568820697572339633400
114207248566454926592316057073386600
145291961984688713693593346732313600
182960429553055488437291816482667400
228024251530599145223701178811386850
281226442989495676509310530803470000
343184712082761316893489434206682850
414328059777356138505500778146242300
494829977567392698053234222673805820
584542671492089439426413415867707400
682937710257816280173347539030318100
789059120563894238027979568963715500
901495079088482670961045852555750550
1018373854973777442573625101143888840
1137388472997230929122969181586039250
1255852708301851501001474897209703000
1370788592520639047543183027437848700
1479042804738692956214302883130161200
1577426414064988571234658618391759700
1662869759060277577978583319033017100
1732582128438740950333574329685837000
1784204646196719891416079759032721400
1815944578651311948776192883183230050
1826680266364421327883979176498028420
1816027993693786365805139487687007950
1784365151876997132908599498574075500
1732807713617519188908531132990755250
1663143919855826404073289099670706100
1577729754160758559387743587220483520
1479354846356650881109505338715434100
1371089585915311855254736427344675450
1256125241250362172142619231254680000
1137618721422647423713747899346609950
1018552373507664823374189457536262920
901617095817321921780964615683364200
789124363007618194906009445156988900
682949841038861801883616074614739800
584508446367927022605676145853532600
494758253235888527058345152532490260
414228775191997414147650068583210400
343067948620964368526758491826527450
281101640910753169800952556057186200
227899628341590918194931969843714250
182842615171176892938096541619824400
145185839711443078670527509827612950
114115972058190492518326283372400900
88799201809972953213327371510873650
68419521368854825424119343946106500
52207146418006012981935377538381480
39457732911097523539960819263600900
29543536497694651016243995430199850
21917929885734046972234404450397700
16114778768842715733885430503047050
11744120002473457432707762290208360
8485431478546967684123019013999150
6079573200145023295777557601480600
4320248180367383485299403676180450
3045606285631758872711842224481400
2130411646917394665389337222037740
1479024627001003571826045582640600
1019316124975927688186037242664500
697534213833865814029451252061700
474076814604272992006135922036300
320083864701278289028274780688880
214742355108074872471078799970150
143192108947868297130666808801200
94924409878222243215268292290150
62575656073294592833141186480100
41031165988805557292896686184000
26768021063401219402664953849300
17379053485016987689515899392450
11231998639889154998679279935700
7228070924185142748806556952850
4632707813312715519308551034540
2958054134606585406421624817250
1882114088389828711929401224400
1193609119575483357692209669600
754674466503827906071673208300
475817271982382311263045823480
299227531312391027730937219400
187731449223920934416270647800
117526287536051483579192681200
73430828015738485447063473450
45797769059188692744850244080
28516984086723578533924236950
17730488333539431040367836100
11009143468873013618593205200
6827369264219955393926201800
4229266399178137877821318260
2617139479142819682737951500
1617972525354062574616084350
999365481995266085092722800
616747730865961611257504950
380309276402601949104493040
234327934610414920768150500
144270202733452271916207800
88756216264896534378022000
54562160456303227015107500
33516098700791022696402812
20572201917708200273201400
12617345378327342460877900
7732289312480345632228800
4734704670165543965920750
2896764881958267090399920
1770758224822589232269800
1081485017009072732633000
659912074038412083074500
402295114620895173962700
245010726538213130265150
149071786058007931441900
90607477178702675368100
55014727706065851267700
33367852270112458073700
20216214209211529171060
12234369134141228283800
7395393360026714448500
4465053066054870248250
2692559294916016557700
1621678404322769352540
975466491199499168200
585997340286332320100
351561736617163298600
210628532497609456850
126017177919303223248
75287946442886800400
44914919027555698800
26755506786021281600
15913936925834957100
9450813421459266580
5603734634592352200
3317288770871319900
1960516335330878400
1156740303489080250
681320394620765560
400585438441247950
235114832412026900
137739620733609400
80539330554891200
47008973194312000
27382986052853900
15916927295274350
9235405972280800
5346820737695650
3088422020552840
1781046954437100
1024422318838000
587596260439600
336610054621500
192253603778372
109497055132400
62333097036450
35310760120100
19930605020150
11266473632500
6332760308000
3550652978500
1994568897500
1104954275300
611968655050
342618643700
188761998100
104143753200
57416238800
30530665440
16780682250
9429320000
5018442750
2713605300
1423457360
715016200
420143350
234662800
114108700
59416668
27608850
14617600
10305700
4848100
1972200
963800
383950
332400
224000
59240
22850
8900
5650
8000
2650
100
200
0
150
100
0
0
0
0
2
