0
0
0
0
0
0
0
0
0
0
0
0
0
0
0
0
0
0
0
0
0
0
0
0
0
0
0
0
0
0
2470
28000
169200
736000
2628100
8343580
24745550
69947600
189000100
490566500
1232925510
3011320600
7159987550
16622372000
37759363800
84045767640
183609365150
394141675500
832049283200
1729270872600
3541329011670
7150252881900
14243877206000
28012126111800
54409666290000
104429718899980
198140244702000
371765923628400
690009162394100
1267218630798800
2303349247682730
4144457229494400
7383251412639950
13024275468571200
22752262522419900
39362602740230760
67442873020733200
114437611901906000
192287554164991800
319913708265360400
526918792247695430
859000708161822400
1385708612684869600
2211304480719286600
3489585844494562650
5443526272758212880
8390421860240655050
12772790217057651000
19194443879412026000
28459857210022558700
41613110182616737930
59970376905823230400
85137359914352566200
119000693756084016200
163680819330577979500
221434005995314147680
294493971566494932650
384849650555288921100
493965278971551645000
622461471057126743400
769789773955483405410
933945733621800256400
1111273487706288503950
1296414935072356603600
1482446276265652121050
1661223725417980185640
1823930224937336099350
1961780474885343539600
2066809233712251998300
2132644900153143909100
2155162703044629361890
2132922612411039907400
2067325874684314480800
1962465931760176026300
1824696161777768157000
1661979170368747670720
1483112070646957658300
1296934164455944009200
1111616447509874576300
934109369539178922400
769792727231768347390
622336676317466170600
493752150213958480000
384587372365449442600
294216715639160052750
221168298504095825800
163444799668702570150
118804698482058298200
84985253936327844400
59861171014574791600
41542552540779785450
28421828891593663200
19182068688548738700
12779254459404606800
8409536323670193400
5470054927881076600
3519387944691048800
2241333764825400100
1413911152820811600
884157779751904200
548463791219378450
337750276235305900
206629389510823300
125676295794375200
76048416000640950
45814833887222920
27497388441820850
16452065433634600
9818558279196650
5847908986972400
3477586300323970
2065591491567000
1225832372220100
726993231293900
430919457217450
255306518488240
151187895235100
89481430617000
52927114149400
31279265439600
18468473001082
10893117615900
6415842152300
3773937397800
2216327457050
1298717842160
760140851350
443887411200
258408500100
150403567600
87159226950
50322161600
29137529900
16719647000
9576518900
5518311480
3111692000
1770720600
1017183550
562220600
321948290
180742000
95614800
56691000
31310000
16384564
9789100
4610000
2557800
1743900
751110
429600
215100
75100
87250
39840
11300
8800
1050
3000
2350
100
200
0
50
100
0
0
0
0
2
