0
0
0
0
0
0
0
0
0
0
0
0
0
0
0
0
0
0
0
0
0
0
0
0
0
0
0
0
0
0
0
0
0
0
0
0
0
0
0
0
0
0
0
0
0
0
0
0
0
0
0
0
0
0
0
0
0
0
0
0
0
0
0
0
0
0
0
0
0
0
0
0
0
0
0
0
0
0
0
0
0
0
0
0
0
0
0
0
0
0
0
0
0
0
0
0
0
0
0
0
0
0
0
0
0
0
0
0
0
0
0
0
0
0
0
0
0
0
0
0
0
0
0
0
0
0
0
0
0
0
0
0
0
0
0
0
0
0
0
0
0
0
0
0
0
0
0
0
0
0
0
0
0
0
0
0
0
0
0
0
0
0
0
0
0
0
0
0
0
0
2470
224000
10806400
356506800
8948487400
180824142940
3053734160850
44232425901600
560397768187600
6305643589706100
63799247177819390
586420018716757400
4939478980320541350
38412922225577545500
277606200203911421450
1875153870452934042640
11899567185622132753000
71271978058493658473800
404592947210182567594650
2185176909585786096120600
11267820971714391253124290
55650625837537965379994800
264032256533927175097165450
1206644759248879652832163000
5325045154100217280385912100
22745162960183887477090653560
94231959642081044689356655050
379401681201592634847981801400
1487212300295981646190530149850
5685094900078805549793616910100
21225317865642369016807711404970
77505062232621596830645257348700
277155972641114351809591339752800
971742031605374500172609700813200
3344134363273439777989344070050700
11307289686680263152961938309571720
37599096663042333764205039207228900
123058425934352571401796799095574600
396737269913329747794111676536808850
1260866743133652871417625009009604700
3952785521086800559660462348764715760
12231425245578049489339091949071531000
37380315357669518985123587257435834950
112884784710857218916503041024417105400
337033114420192181156349267170171704150
995308488536088829571669514984765035760
2908576025110462972183997364787734802550
8414296590843968745168806677417576069300
24106576482941756400440353495248733199500
68420887071205872925080610328743600001800
192452138818552498453581685274466488543230
536629070725064108866085382945786843898700
1483786414878347549768399422079411106723750
4069444074845710818266003021903008267510300
11073350475001614261290192364501703919182500
29902711938046855300710199648424279977312880
80155069838529319759490848277299091965283600
213322210398122818331485710430753680516695100
563788787175325091630032216851373170463565900
1479987044776082157535962856664251201346260300
3859596508262097978924571123052875395949143670
10001051332363834417411574114870224230753730400
25753873390077943471208104457006642025757597450
65917752191447261001861578833979276727749081600
167722595595500542720088090634655418335332989200
424300343934040091070586749483088337499368858060
1067353164412501273765872333952022718190256641200
2670259162546303607923618156574149906906047449800
6644528599092530178058956756702557846933324837300
16447237725536581450225916081334580569914850805600
40503267288642505677341086617930518034589997607620
99243838060442230014775854875138256241181349766700
241980036941466197193070730617770330959772860492350
587167761549743726883098674325159057635665717776700
1418057785380408831383733713843733125735208930345100
3408908979257479640374592605958168147691987062136940
8157662228744966575771239223612074807830476110816900
19434905856400694599697231379492307246047909638959600
46100083168988142829742554810967885441871078599526000
108882554739957813648818465670384217067458270225302200
256085928327082522911468120493197165506402663164898010
599813479066369928328855355665432534172641185215086900
1399203672182150668324965346864333657962994756819579700
3250946910312461895781125262817270599244476064462666700
7523709450709690843290511448022992238518022045734079450
17345040938914998601633323079397322388933274123667106400
39835186048016602744455237086009363586291804059691998550
91144970517911111258622774434663758728736999323669824500
207777338496986557024927140921953462406100878660840330250
471941006689313805250965910518104301391581439019364350500
1068132154790535522899730342974124193091609787104460162930
2408978535180642262454251400611713788957132500339015998400
5414193252615148166114531907604186305512101334977121997100
12126877550664564643481296414419522246668360347294254616200
27070702767090425655462912796508145301487227542893844494400
60228996428945520002814038222234176138825141200227176318640
133563239437181742826219806458528623988574180190648498798250
295231417727944353957054322398011667018026239095843705544400
650505620355018215771495949995588179267163761660337923225200
1428796583779354945022404401423569836184076425582740999253100
3128514216306726632554037791167429698017874018549750505655380
6829222588957856907062507696659584763294397518698426538875900
14862311841585405952236917856340917958926544957870073730247150
32247759703323682097986078885314815751876431593139430737546100
69763215283679970261269673363917247286858417161455118462639800
150481272408763632888006267023533549047035684408898047848804560
323654996730256587448979890862315730957834941343786658608713250
694129586983898757067032622032333680740911908851439909006944400
1484469532527186367745550319901700644317590376255464266183491500
3165834943877609935362109886436695463346015277977813559179900500
6732942531675674303461108958631480625082512451744031138413904990
14280199828856363838696481605322160832555409017692336336921625500
30205717578671298983620218620312294858709361334937579125644402200
63720910544269966628399869126210141608593415597799791863893294100
134067922293558239106840772021037399001878637045704629753554145800
281338866084125560954827497568228104931638327259526086680141237220
588854653176057981018768969922152110349569642731995964147609013650
1229338038635382192976508922946961400243581608457789360381106365700
2559943624884960252187398474806241967138656540562709502949771470300
5317360969799088307118411828030197901188548511929325125012936092200
11017399237450834576960393645602113305941930417895310433996295746790
22771389638625347125785111671987565920470658054617710213861144544300
46950211711725725193784419647490791887478886990527747077329034432750
96567945764009875104507114939587319802935137028854118602208942336200
198146075193962284039692701254453408701458215182774402739138107292950
405606039077033543186054048024826530851912685004398051861357069665420
828321653598966008367946217982870641666099644207810118161590082633950
1687634080440734102528616336626003234751702859836761715615077660406700
3430449585856171342540509985375291472398579325561224464496815713087000
6957062407352636309190599959496171536813111438816712813014265901097600
14077038480029741075576699315661056147002988943199792904707920474825350
28419438595647089609170682965454125643359168146283739218367975135987800
57246187898524065487929554453067327017563317646869531723735226155204700
115056839736607042099338342265702335696000143669165833949392717681918500
230738916078733647513577605850790007672274192649219966509970475642707550
461720732799616044378430055749929121413213061367527602964692029329855080
921924700026165667389267963347063745966713867676173880589410178890585150
1836861207072225333186470114402286876407997536970224862965867185645110500
3651986568450187452591375390405861434918599887173785948979672602412480850
7245375725187842986585575940528470482281127764136850950589777964853802600
14344268051122645682081164363314539585815985270277332748732209539648682940
28339246743808136441746037187160307408565588276148242578352534359663154600
55872382958032322643826667796484592669896105724855086755074937982946627050
109928799635303467578893538432095699942590578222819966714793281896939050200
215842748684434171114355576861687834128928797732179586544848164074812921850
422942457248398804009416627890241770974693708368362637415939558047346003060
827082785380396227442244967561032743700685251903061689026700616007850904200
1614159567646929208670156986450858785704480071435840114478676031552233834700
3143978169247803547779657929825660461081402430851455927090722488068206330100
6111584537867770664943749432508006159054842253946173993815081227267705875800
11857002853963256884098891268504470746625608236703386576585165368472088249950
22958751410708461341048531079701714588016564732433453907048746834004049702400
44368952649534430399096926194724038599056257954674220605081157165511466791250
85580117654061347013155861725842664755317184546623276196906806968558217951800
164753437744041913920604301805782366470710611780491890804801570939848688637700
316569451431360063614215172919416303546343674995358110023834041150776506092800
607129504912469980855539892813255281591764135057770469356503482170981523256000
1162187753129113285018166862808025427541968221969722957994820232567459324095200
2220539864561405362298478801135508969367236483659950153696686969415073824699600
4234798823131046885983337905103274974533161590061265549778351559869300159008300
8061269346601085545654381820192278298919680358539938578459105111064342181117510
15317043105520511204945659339605479156286836204302867725444540751113682954473000
29050366262169383979601448032901272204558778168079078734502948312992246442639450
54996834773777497850183903468930428158663066580041711739668225222917000524586200
103929137581003637378477276581431999923597813684268437680541018300163397262453150
196044448088750800128016531247715847616562295246989129992410540364729841069606500
369141890270248534404767575993166825140491246539006605123109087060737551696041550
693837155914678583875224651235003721168852330126332185856589553192948976718245700
1301820195928713049418900983997790560668390295364516022184399149411174814672782600
2438245299822990336707430876119740336817008509815222574526448837894428215711269600
4558693072641457222101146356459778044614214611211631209247905970183770538627324880
8508312301750804395631469794533153286296309673926314238898716326848913740329436500
15852219231800002177600333819109750342864762842479315735148644433873001637943049100
29483815301122447014675757825259000449545873193257032198542011198119242558369599100
54742870659785367130627247380807674431459397439040180966216238065474398460856207100
101467032462180636144772843962082761422406321922898863964069059344182158290739606740
187749596547127964759773075810421144733445442553620812297170862911249966761603712650
346810956365734475319045392825413979395557183414884495945598598029079101499574960300
639542420988640447250113320547220635603367462350479547799615721069902458248501427500
1177366268782224474296619586544531090394510031366171462047420735119700628211815070600
2163826171281697342970005025732108141580391144000782955032749375019876674120361643790
3970127804297149089518560459132612065400312557274665821277834002287209049063619466100
7272113770440075670968255958514675680075362222392522079094627408384616062191513700300
13298221162747850259991709615625085833319887703841830457634332468525968619462149517600
24277598770844842064002724257338585213426989451889223483024191669662215060584707523100
44248618218189458133687560703136467193479118384437042275477416934055412710599122453740
80515213426403578387868574070254675659304580788391652817708625418553382294512357856350
146265808158315128506039115817460324378832750585492294130525149398316010065074491595200
265275185420246496231625705082772564512644082396212585687313170363130261907904293660950
480332123068658443234187139516884639288339058149581667689820305027335525996524000318000
868320419243970394186867269324068996962852851453450797668093912548197343917637209611040
1567162000423616757021073087478607803872671617758604234628534616900282580142830851457500
2823874059826021823452820941790816198860762302748792488251314234079685410218136565524150
5080147257064147133396919762390739641730359890132646313595840407224321590869662730353500
9124493272696577262037885311816141442764759279646594902395047556734992315063667752557600
16362307692361795191860693088528592443582720725625603598182881499472310238374841247345840
29294460822304530865711447595125392052108037047112019028820464467118951352072096451988950
52364066256196789571077028607443505974032847559888565377423686198386475961938833156405200
93452259486612284200752842790451007305081009330141253727561687119818372010668745551627150
166516189351601709307777082748106312570168793191788310797574831363268160415579159296184400
296234000826009554054441180962353257883272068222885658214583770029077973231103220968450550
526170670480988501883683460824819236341535052122935079904907811244033218918796896055344000
933110573944680095535510044685843709501122810371572677841481292968234842208588252282596250
1652173760551273479201127001081896824219705637992156864972725867424415927992714306082593900
2920759515103376439311553221753760676385561509116944827361861432756556179432781157083098750
5155308126414174524415821202355986988383301380722096420415557048075159897560865860298725540
9085177648633402501802031822853850995183528797870593328424758115298704842979567130214784300
15985762376739943026440068342091079737381360159688354893283997521837256834057815786343993700
28083777505677273522368705726136241405545527557381186889697610051576337197696728936174934750
49260746416942511867078544553470427145225076704157871114157724941901395712635314057844178300
86272174258465970769140625828646281450122323731291205085222040277687948332658381340365281560
150857091798413797298652372500662347726983611844520047742369549932920028272965576857681402600
263382453133427340611071252469448987147043106909363219700104324914272750613847141149272838700
459129181906046429493414524155435851159317647104470299325335418150186903119316460514365500800
799117580480986747983151529258424052239438288648024812354011186966675766721478484620991398200
1388720755504897909434695534557341375314378027527541733125504533681687538668851592485487682360
2409618509582316571316616581006366317748196992863065242838234552974604141530885288860948910300
4174566598153961433355831314488409010635297290409537539351413426138044815824460464123420963100
7221123939569807716285555941338765201660652256392094961559585957977988827010606397250928658250
12471796492098118328006661743735434729313868394826088176040090185414043861065299428878688806000
21507231023828906764792498474486168101139191194296619635923380837229911330281164949322818511090
37031530042352972540278018304622231415742430042151644024934433474103796955511715711205709741900
63663547496992456999854283817057273517853019964183716454923489602885393011312841582895987603050
109280414771755738832941238968959965787557986484460964520006167671645465452188443004253111924200
187295093987986279854814625042635087419510048035628486255524830129716072551895484803426742460200
320511214331787650097816322114451195046304000868236229974886762817924967248417805528254893689900
547637224243619740644818596302972322289339004014758208203860195091781368997173334943002782434850
934277057472453322197925125225226079958534977598869585936679409194812934369592092361779458022600
1591444284384212345190385651406209559415115548329614792688159865130980059177972675101215863344050
2706700545630252743471220808262035548243481400919265186303907867973422442900563497483067934677100
4596443583235164653156065146802124206304173090161654700522964108839503239182636945672551709210710
7793570929525681015432908391948663792708893568214591141814957279194715345229043185836964819365500
13194219874969783135427683474873590150045243982737888532730996904151881928457225140045997438170850
22303005351699649031929516245836881561790230314096455506524878458106088264755457014050257248252800
37642220607697795940766448128746506220377281566407773519589112316159440785946732075141290040150600
63433538131512968912515464344718235322536282497877080489643869333855870450276856471834845174410240
106731869164260765697446081275324779650434889429332530799017767924519617366433598415324399092174500
179308281823504063812413415924718223206498026114700601264657072072411981639415305006902878444098900
300771832102730729206314421054964805661896772322834581408868457853509165485124121146857608889289650
503737200749651555221219199701719173227909333707344067935407765581151922558886402595948576103729400
842365090237118488943357998455076231013245678926076402580721589304213294300088131784599317358742720
1406454021085321093748887696469486544598430714005278250038850299919670787178207198389671470893820300
2344654631664452627482917193953550959097863079921083672127262307575834278190984911759405865447214200
3902650422710607872982768585761918133646117091309336192902683460497113353422349346290147930322599800
6485852532430516535363853525115435297047806913044952957161993945357984535461407514685699326587760950
10762181242183578923441259946174865848134747498306280443920521167149954728366886668231116115376300420
17830292213264561736342664775824412927484188684697754830304105894471395122452427713414298053476514550
29494470959359226578899983429900683799485148620582477293694272573976546450884395813913630758802225400
48713099484414913358618861939324137349044078030507402417469758292828464322030368223708835985067757500
80329096036517528531482909219919614460137437486709682306938085004593198270061316319234375709614054800
132257670464358629108690513161245446471270431542737421153635121705619650023537253135075003108554252510
217414541959338490776191974252175157945710733743103465372715727557703502176860231090820659671489371500
356841080759045476096713589533628860374447808103389305607623478985641820614134522423499034756093179000
584760993550348246451046626600870473890914375501458221605085202886446914996915085687575111734680336500
956748830583349020152279431184660660723139502438320230819862209258619328731428784415106666927797975300
1562903385500339751923346018460242919262429439031255965675407570306801572223968555236075671499313655360
2549057140413426726770467565467135901881689392481258743829436775244913019691900845702551390873135286900
4150866874065978921464157380449709780026428852393339486647824381735879650116044077051488338623284889700
6748516756658730761406582850065133684328921292389707970612464800720775330464585085717137689980835185200
10954349473264649221341180040210602448718131304906839522377684482056639375600485074675415597445578235100
17753009335895108548978649923826665497023055895034027694734736259660502880864731407645839829422656651360
28725185319508479292112908083817630239681749165907106775552964405612981492710212856078402157475946609400
46404217447772423260530935561982848721596041587161452286119712281570491076073357364078998419210758335050
74843494903256845678403424219374627862608205445737418843156090997224628681011376648579108193709331948800
120517701563491175870385002342649019166042201676152865510528526083278966320000674371703624162296216409000
193751881270200787076052941798790770564215476473158566049575258923109567247143978742142010695615713982000
310983538110570398741975010681470311637451289685419504208027987406018452264994426699382460088938400017750
498337171626195660562525156279523324198080540818610935042459897442052710347282189944061157675307110856000
797262889396659500552189539951944365824776844277982237000794554983358235762785649081506704531519873911250
1273415463743047600964040364301351426996168626699220229561495748553850364296864547320024208311919521743300
2030611591855618516118073568422325737271723792166598128311666549441678473913789186002801947686684257190030
3232731155142786497860146343819699649395161529550155367966699590416581773216482395521821432744703761648100
5138023236784629301920750309220836248613414555473307784431582623898993910478506440067367984610112118755500
8152747568491417676808507196815646783867868762036436241207462745691073201023357858527302341058316154950300
12914899732476330609090119666208230361304712569407973824829556348376927443492990302711935233844402599648300
20424658126661785272011313757458672298930877805970652454597371208522079130258527085389310754882923210349400
32247259765505552258631822742247825805680180352132400713335973451541840091247771445266138005440169045271850
50827950102154666893110895612285656798444355214615653216288940904828551655639903421881014443913818436556800
79980032253053622950274727184574103549835187588685763878132239803701523644598329171245485695158398175162000
125639773622792377529121512682069615698514756264729186297314765316472130147530620026551698018901084498343000
197031943615781164730235509199944003119204999136867317491185811626591032040655750828628346540918166240384350
308466031304321445440883518901080831692738794250059998440761608451467738084826547303888082839835982985958200
482099285082131147757611796510621295794771093906840088937231855412918827165206716361437085050006685273443000
752179064584908797999881391216823905588912243336192665643309704827424806112985151193662516311847273259857300
1171544339828884046844801903087551959087314673378649926083780552793106751112121111486571577703034976788154200
1821570657414326685146256045792285434632657710023803802443466692967706824516123137335477937638539780600294240
2827353635888966869041737796719987993037566179925088082867647645952116097092405695196098449211007773054864150
4380846359613079018586523702442272159420666612622741841140738634400782359267785311840519398433998477688723700
6776049992957943683559785806369258292218143334584786109458523096426805614517628674736906248285425570447048650
10462433843922292912832467468193711392928577195330989282386493462090000787981897239113655838284473889688156300
16125871494554859553082001977835733237630354940461114786726436418874144689267493403450939073231314897599305760
24811028059395455911486389896100913759149996318694732869469715257912242065310132380690685492783868439574045900
38106066131837738530707533122564627647004835651180381356054085499763091702536166964085611169410829610553024400
58420855012683301501104137893467359052554671085568190706273132387374761517712358019081097774777714701844474100
89405189140806383307550813268911175239006382274300156613312250950796913978946019036065769772215599192097454700
136576225917831252992083382027639494400474373298425342241915212182941363047212106192842361992799947601205681160
208257925476637397034513241294458686875427646427972124972752338398264432516380242487404642920207997472290982850
316984809953790145728387218658555904852858669414107094836977468579103568640987402909468234753509322585115540300
481595287406841181237925217657918672260497151064477238375870977532559873684912868932068349747483217418941145950
730346916069753046129335993005457739350946543396516396704916228678798510202319004519420142962441462217697275400
1105543009919582408159358343137835785606655154699186288728578979603286212317753445520174662634640115776117146210
1670389629452434965643526737942731614577055275469928220681313277156686365680186900043531096218455230791412706100
2519137087536004288830207752354176202594088710230520952927225342293725773670032762190097774284497327322131738450
3792047933421025611328836571718901066513282617259306692263064534670179895075941150564452216149288815153454972400
5697441960711440281783535024933593493617322587392264172937453134046712693700105717785128730967021144652585933750
8544095632165951233474955781704273482916854318340909011425743287827112139296657285926584466620040257500464293560
12788757911986171655286999605334398467897407957713429653556627233107927940851933706763217726285312523959457184350
19105685864228211420906874278788348592957137142828623153248457880830443757090139225668380310435833930942909307900
28488184752200312948190581665037956307171087102913288082658341951798777511570989024762965421423530791254314042550
42396560816039931488657387923529894140367831590168079116749746893697539236933909122987013413551879019918116599700
62973229653732748589916084758236415442879179012473786512429255044249480896335221111156615819374934853253757110180
93354773006160680351860645390081526616077541835324488142213207350690644679029164923052633909806208035462449426400
138123633810968002683895471632003764747061600426471281321320855738896810107679333785578080353121353439638910510300
203960473705456516508998260570156795925918827284938883670442986548805686340389429684533226442207821411816230820800
300584216028106043677449582019510469296988698884337884112498366234478004013407520857696452246321910812617905534750
442103572166913143560547527750115388748605083361612381393319662751383788883975563990416967344131410927524152861760
648955734143209660055949225226574966638110724191552124492293728266981608261793373137299175205083368801690360513550
950680932608077753544870395495903520965462239003413689278568711136168719702153394793369424017765547389749345873400
1389884047324466479069975378733433732437352568422026849582492816386005006536033732563214165167511347811160259684750
2027877936720624258408735993578924844530161343462587254008636402125203395154218996997713229997919448961882849053500
2952703489892583981397944779366121033945910864451600543141487943812046899639734311768364083922748674595379074551060
4290500384909669011350350110265772125512863203586826623621038092602829310655647354482843596865819285532331620595600
6221589989077169584567459978395142016070925055564987836232786219822391830074799963983889906436740167606204735247550
9003168473745669345049314389106438864562212136951000570630066696530546556908202614093745537984533202025802522722800
13001249441821878467510180346681039019238647866775248927134451147170678800306033009430856605363703124141630396081350
18735516340458589067140359225910307461864912544132158315825827292954791486670116887934741126418843329233050132700280
26942147296803953476106570553060815997291160835840227538969823820232339951800196935017592509651638001056989632320600
38661595789763350752758368966218724294610715171119325730977754528779796529061414362430287044081312813521589376765400
55360933867710496593879395381063915939052115477909806838577821268787341326366852737000092238921725525792122853866250
79103937024311076633129606690974267905341570729746894749603645696642051174696337893161983580176241723509656860980700
112786940507875704258011355112261191803350682313399661685961419895068452663651542202812356039654353102220541908260500
160465063662907011762009922179174232532887632238585077548670083533564274967326780828883893859763206329125734698885800
227802262460311246912602554399055996716695314170202658556325857535330416842684838251725109058018791442485140735671500
322690597725760688582802127641886524334506491269018053513022866888146961446503812212107513462776218309221731430445500
456100107590222683032360550134140274807164106331517636978288049252849468013692626885457404455109523301701301834646450
643242072113470384503450181153683056203393609733522090997600979378592092608308272906684784100593598531985325790735700
905156987332282734466334042575356498522627070977403755633726485885847895641863558335469572965497790494421516686227600
1270876479767825327838693582234463324602097399366149333451613262635896139488232834454962549009714643961006628581256100
1780358615367268690809672355653060765698177732052006984162896716033655304443803043319123914661528937797913184493854650
2488462368160418984832847242541387899087343005602763380157574256560743424460813488915826659069959879635492347901442100
3470314277717931704878122966934818863000150352573763264598774529886748699075371096835670557021860815843657866157099490
4828534776083752003564397665166675850805481120360922352062362765049578351100241681724197716646315886703075535557444800
6702941264219931013250709177831331983690892074935928175659113140972888733412371965703643166700191574273319521289704850
9283539884094669111893967029225181523120834843015645801539819266099530330191444637316214747999746472447217592922309100
12827870873285502647364299316484381203391960478905253643671278194142593678293721828814587077662693955900104567127062200
17684099544052560552035944637971613432869317576805624769866192280653297703255608193059836076006549125890116533041164560
24321666544015550502491775788977248848943719895693630949383993120583735662599088719290957850768896120737672774871339250
33371852408633455624598206632198425198823629656406897713572327746028274381590291896870526025139520543503640212068687400
45681303915374131657019198610594465553108487247171721291691816719919864926920490524232151584893294810729180377358449950
62382452228882952842199239118720583004132553766564514326580406519541283318034427633834204249497732456135004197898883500
84985873051974388290462085843901496780581567906337062267398879168370514323094796482186581072664638645279222007399333230
115501055411657045040336925819919317916785958784449556551959999778570180374782377315373827792892789045586794203766403500
156593829424238683954281928962869804354359708341053896858990592967216420415594155313363753916942873640827898212631983600
211790940429332415559833283515558527551150662580519511662930332651446848627143495415605664818673145515403516219839304000
285745050715629199323477438282419908816232114202727214495926162382950463754667717769192880413395655206903966686874226300
384576924313373516547987933119546474749097796449955251969397371385153748775403962382739511347556844939900302718458296080
516315851767052395351841875337969229587434574282383172436272785770788356129948597791046409246187104102889718687401496600
691464673445922983536839170635471958697844542842108084281785741687657177055320844795564320386363337606788005425030394400
923722264257182783813933332127609350558231009361188821266254189334361328371998336084082445378039990687754039557827523200
1230904284630008842517060551897038338612854802087459988377283368562264915556046346747968839121338420965007174898686746500
1636112652869953395883917391000531475005099719251277408565043415156121865781594624767104284038896603095626502760847292460
2169215860964122826696721035582569265678312937614649212856223963988135505793399236815004929392473996630553433955381753200
2868716287944761243371678738226995239961865422696266408072299252014344145766953537731448775485989138075745642268349189350
3784097450796856662815543036039635481560254632173197553928526708109552136826136927386955204194146112298133386809946193600
4978764101200585201012897861532500891756276585087138828864988340918883212900321697288237821056226587313013354151818090050
6533711692777521692273045594658276233476467032533474386599901775447394495347018568669889671634542254350067584730810003640
8552089505428576737692206199793142047317073894773907421678838402280314946550422551115721215480147159111618232373039378200
11164854141653158372436354619975863843693475606612665543523080069247612435980121496523850812296664364884657258018191486300
14537747736258780635590390578217355225533349989263202428728452108965211314832500001145057080268384496032126449271223499200
18879878571340590889449026720293335302391900258900813142969529932867992544053628243464409829656321184772921787534429366300
24454231359821711442193126838079580270040454346421231576997962503333092760943075637623168942061913103297246967800637521330
31590490692440813778265120500953327249589016488883065082461704937419343398883802130193895952439351435692202752461828173800
40700624380187321249275567646595538176364466142793390467867170790215320512246501156514759004914365112725126161632666843050
52297743874235723401228435844755552351531302758037996309385874538519369006858568524897130082672413353719912143059962097500
67018836625541923641776467983619482846107908747661924222084536856998083226688453730489230828860233603080877891127237463700
85652049922234064404792206845759612286284801109813335199208517219858635315750449507130347682171688918655602395650298950780
109169296859616921129751337232033429982177711370493964402281888596201808605822988240096988897514123384184982208888055906150
138765051701257539748029574924800003608168199181861255251483089420364293769346149482092126780575507265106377925076617328200
175902302543214435500874245823872187995906833764500020493739634049638693230833883074094536779851572252786466759296196226900
222366731886903397342273155576568329422788714762758031443678835214612217462152992810567140049981441528027319020390552056300
280330297783732183829248180156640946294050508309033030619852447041286033596748220662377946131114788548675719584993404215040
352425486203846224192982519607654402856442799813957387538546064782600176493743596521099181827011768307304663230456502984100
441831594926434154932894834511639120012098628139898153020018120413261619560625938131987970212420534800864257716097631528900
552374485356391830369955031954511864961105444133870045254523740678497151816018089956341280336025201252448786992222365699900
688641295072947413109889849886156776335825945251023065934445799375372090295345938088324107904186795814315708785995985490400
856111633434580585688749112486230947850176740652256207785455020174976808376564691292932727456189650656090023326215921154140
1061306777021609742314233159653041996694544989977184834409728562889519897223866821821544509615059596637444924321865969258000
1311958331955814560898800227787415727083943288075913274524472761206743852238707222364210361243370179638030433553255818490700
1617197726200233386908486163647003398263694310554110685502071141693080949161186829145583862680995789436276765748523667073900
1987767726122248008714838951661294488559459502812834837365361527086595374146874347487303608876180219164076514913436962828700
2436256926751576271815716758628660867701230289711922777089698162139662081622035694495660590218411237819957229952206980002360
2977357832993566996452686082499582219042097170943162481789744259353686039563992806229937220065548209569996289590467038910300
3628148718543402569000575110523549528032992716568423991109660036649941717207095040907032197538418157520212916756066140357500
4408398910125319470154712418136099570244934186566416856958625560696490570702666681814127787575294097706949711290533934985700
5340896488037767786348305797366967990425770289122726055476182358308407617816888484655603875522355826767517413364278490430800
6451796612927856076845231184223850767746535572061011040910937687883408762610297853944352194454361012338340600493478447699840
7770987779126874572714569438824989045459398449171062268428554566904224612707032159404466565300866262059023418581800903497100
9332472256217828450813706030885784078123208272408590888807634877435716994500204538510955312947785503682890855267790552744400
11174755816672980128835388297076102858744563176960084039151617290608720163936200014075288563101438024187519116654000814782800
13341240567579053894770987349238552002725331847545084877295331413068917962104634123638246378441673250998493515503153530402800
15880613323955470640248251950009796945851276714986816677155667898352333185302459336977513145864725102965573810869766563025810
18847220502119818906131592389364998119088644678494867139000380370690313926562137794911987777067911889165993638597542241700600
22301419003594063974430937080453848983815399548805474507356314337373300022083357917482358224702153055713095963461179634042350
26309891040714451992371876332212812852765908354657901321022643195180052196942690084519639327532486438518965096843266920870400
30945909370047723573606055735446139934574954285805630720396744151200725138376527460830238935305192893151512057281561326232800
36289538002552229729367981027790642892212605881030326664317648198027891806128180108946355912895586628689140876565795539617900
42427752211290980117512338145850070144398275539817194340241827465065121314742156568109506718761690801020540311498349816496850
49454460626161445447107204795685501712809454445223968259168801368345134621722873103111729336149352978449752722872702864555300
57470411463588015515770154023112163712209603027684126726129394340381022995586011608504640694489607320322782359393226614066250
66582964563913307263432405884895971809972831080760897403134448941794142277239496888203533994789938894317377212804001062528800
76905710977947370350763142607142304593094207904194393414686531129522479820955942925826176530357895842371790500246757224085790
88557922432760420840345651339117646035148131337466469421906871415555245895374987132997917413906063635100180448407239078588700
101663814186430136875533573324648424620794092200605268165798422529451512208509574478275563019255218021819240074704889826454300
116351606614709225556301650136550805787683105209575357508883172411955685973931276461138367832986004960588777607459222190603100
132752373409775633557547710749318956718968958013464031686065648691558007605238493019600515661377039035601190496967724753213150
150998667546374461693475442860986359475231002880794515684715024592398939999184356281133119635625302617202716384030278704350540
171222920197499567222090598692207491184746483793467535683539462013436952776370537429622009785359371924017679320440458272670750
193555612550020102840326677156231571743971504309448795266484862162317821085803525508397313356154713695140124881241767690544300
218123225942708338866179958009498839219593411143774700522624761419249643181170160936574424482652950612677987414187811268568750
245045981857293323086017065124854670014415686643677090626673956007053944521771633322633280980576829389176043898293308706034900
274435389937872463830992473607017529540482173042042650911347554899123283931375211201576381271651755404241044287446386751237590
306391629262996362360810428275626555102297542871006125220887846213459523486401631582018634532634020019840798798380452710827600
341000795383521498056392304417313361433597552088365231699194551420735342435136945392729128764445555272048161611048855274205500
378332052973085675586015879048932675106709314697290254696097427432237413159276680191261349074631868002006516870629989555571400
418434741095053131483245945099464625060942887281580420844034691457301256532224531409800650768757598624532943935476766625547700
461335484826287372558424052570560398648049855063528901026569944815782804353211541984314691597743061729406712808234769191278280
507035373034985741900257959621083360709702812559956025268355441122577414652839323075404055673938051821830612491306495654483250
555507267220426816487018408119489463688244389341899884030414834513522465584993981718635361535854806514770312425145555707259300
606693310221990266553705029131405587635389824597275024740363680976875876715340884674527933815951335057314637791943775941988000
660502706040380393699385278759241080143434859232279163545363684071894057330348931028891118454216090545242533457769862118419100
716809842755719030413582482320851080379737919405898491494633268135086841089745364537831810390795492181485323588528043528701450
775452829379247771066476429000666822886889311486496726649479780046102520815072143023759530676017939490831505923932196645758500
836232514286964104491305211674248568487665701784232120071635042108574740601854505855974804611653645397761930771469794048082000
898912047558944841846015581111346594964238855630881565691058386448529449704591628590211144656483752871255440692978813460763400
963217042055773182076803113388161544137213376854870638929836849923880855339976224306686112975858178050205788522432246077411350
1028836378442922392834487554045653239655432912417610028644590654821643166186353899772485310012538378225398045964757441780481080
1095423687740658891294133054884787199165575099322545012129426503169547344038565492302584639442843338893775705167565563854555550
1162599531524577923436599457572822135870255550079539756531304708378494481962376144210677027385929314582055315536242624046952200
1229954284900991698350619419644641814945120311866748081382477043684138026194618561788012918753945664983681625901783425008249650
1297051711175761652735324366737227887708373092071589036433556234656875418317260315448209517939964849412707241169484886767694100
1363433200134046875175002653628759415323487356033098375265354254648967807881404482133523797866608788275308021038355043952581200
1428622624515929143580931783606649656010577951233443304311824241086110359295790188942025492178502332298411148914605255798671700
1492131752114274226074948678068307432605550647380953057956212580743763939486416444356663905839767802350158520922989627125023700
1553466134466781340205240979425208649576636297507174676821049725875126600264819881076214468324421195687831075506260688419396600
1612131377900979067058865838830680516571643575845444219113815798827377848015569657586930378354016535614978814685579687883519200
1667639689243132772538354244919854124762551442355927770743823404562593105344593686543795876284569513935628452154952507458014180
1719516577310867936956452530835515968367669629582842082251937368446403863548026297753042612162583012580982566596206366942026050
1767307582813256639323929382630061089467127316485458730265195368363834842402929147933599666260167458436778259183181297130166800
1810584903848260843138935266839060363016777647402525042398333750860413256522660257613219803881136636637717577654317052060689850
1848953782094965416428514310081300358939157646659813434614155855069678429893916552893380703512727905653974729439338951481292200
1882058516224586630448578044981821946114807426200199074160848665019297325944512838660063102139117303112360710548567826414140980
1909587974065793189446873229070214811263381984971334638962328616007935233778470617113082565897263438142953264164521996844194600
1931280483604865791835510534073281337470932157264766551229789554862472371113555220805460023483440917755916788579046691795038450
1946927994809176694719068661732264595043187828696326636082641792271136761370241318279178452833151076406279187575343559277856300
1956379419247379338953076366488490481772027298383916687207402025486013158656640081689253570197498319489223881466306440337032600
1959543072148073760741662761899218835980654388968760820318383407940240793308212626924176589362836322489805288820421153633820480
1956388161402117116707468146838279453315044382005410613807637152447704737401414565802487251612180998253634717941040432798340350
1946945289505292146478037955844754776574513451778101983865935772182323864606830006351323395667363037625108047985774116416397000
1931305956932223153308255243184846149520665666111999284209194145137151401436988703175407776403859555167625082638476319258916000
1909621078267448186374468322845183537234486441133696021307610777787129509372210406428975230022887257482247446093432572575133800
1882098544921234832867286540075760847536734794728586910928785412781409735849504493433672388559320537921988332831132519335601800
1848999889763918024290652609425213484454922485514756062692982126836450780190907094623721255846864417279471430555655161506733300
1810636128897041319787315953436604969562495081140329412444721160989623552438783318526354228961021806802019576705872260097949600
1767362873474516932239546056311109303227772356423008878764895244804519180235891646100560676972937889575531762291201310014698100
1719574819502705451631239514539532964681101631264070822374597112642825707820854480260614866660278162682213141617316207864351550
1667699735489847559597790288972686063680117064204292659590236886692943005137446295450282962657249592238714899214858703182590980
1612192076395117538908723239755585988079342668156093753086114609545828825631873065323560287760144017009509929534107238336969750
1553526357373687943171973583910527052532939939724012005008625273742325798930418903841999260448526508039898311693392581556333700
1492190422273534266684585303354902278625982690401903682348675183812061217245669284626231465533747153590173035318881751691727200
1428678739776877158723370319397443923503954001322527501613842789714828525200256742694146025787335054490826069952778570000019300
1363485854670593374820589992412756381921988288002616028534514645848322215365997676566880502971792578761951611814989677459919080
1297100113253873254268677195085046367723385909447312662539425398302606796608914990474971372097222223166182869359973716662179600
1229997770714302459854763829455041296120964635180512035684738898664230135135645599710426991600796362794304766699258719449849250
1162637574863513589856643136357038674168125793688444098565270364760070684409787742639577271379844771871974461670177267606377600
1095455905411773015135028367096738463570971535772265117250039321163873830826478547679667323508936268911435311409364603387940500
1028862531501774036979992765300045003914200472534708382250013147385159274684057247194656496616478746235486056719175707830485980
963237033053037620966646042879046620555327474665237745004611782323890250052412369825286210041959854472213535424273943857835300
898925914120705826679203391588593266989024920846022128024415630085538952731673898379907675753551066017580936525869493187009500
836240419452380465813980487498724300658074964643533110183240462935681639918876614993463244818864247107760467923100602929268050
775455049199161108180520958157156905349251194244675388154769979407488944804407634541922797259765408488607777834241952670441500
716806751712531488252906900915371843397054829918448052737073937101171427795502438507823231573867845003897826863707505075440070
660494760882062216095305122360743164017598681944129055614572204842473727957373380796213468876216910174446084188753099760035100
606681032811828406111243427101695531920166622937992633261902949996868120223690342150871422596753700986961409144923562087365750
555491226990525020257743176431517648281022301657026668886479655466706955890559640716181403568859282647666772734631360267254600
507016169597835803191296650614337250278786108352796777382971928093769038818905685091614743921285539055068374758957723060055950
461313731247881031131530469768815594780316055760655293260366595481771560091752416763748418195988648888557477151218705417185380
418411048268405634494118284253009397790246677234534393994218495207779497133829620139216254938172961362660300003548588305077300
378307015456392701491666552588863815401487433508239570068040871965436039017214594316479996588690216434251386774339436107372500
340974978986263010138779554894670858457873305301867550530722415247179434461311840712459431706834539921771958031441368314656500
306365560579841574074459389253534613497910705938385492316403467888756835467508156326233057261173572640844082623574999943548500
274409547947694167499114395400096474569569444323052161633091894617652410257912018157589639873206548421941236270568240509925550
245020791626057493111963547427235281292051280413337099819575056146300781890238304948925303840852327615400658416153590986365900
218099054397080899244606955368872354028317770989995813623972510565454216910618385931750911440694660155846272506673211484665200
193532766225298406414596476402986729590844405902830019851511897887353322592556289895604794499804509635029089426191587477317400
171201644810424433318995011146437860205295362756182646626014941282387502160061911956693873035481102856094626228856952110600650
150979149201420301123703643755633446254153463250653728441411108316253200576296043526342665888241035997169407902256300012598280
132734741217003945764086040746385121276259890909691862143147294821943606466935080318686666486375117219624240306220671953536100
116335936478047029056745744137192426696798581874190843977348468574977926783298270447669129378211100377263810888915718760603200
101650133512698223138289315942149834439493372686238550477527834671791430035034484529431533765816193775582634678971431645529700
88546215512960661843584338370946726562102459199023090786502265877801365260074847206189150582940415649118294730775559621594000
76895924801979863535712630285672851770684253971500234316535466187035250473528859212256840864291762434667993068699699300128660
66575014846600393439684673130440269051144906444834992287529012000255405169831423579407883927521475028588429084100063135789900
57464188682098472295623543922154984685126455621734655307017463118954451531429207918126725107536439005370130264517630248877200
49449835895097672974079903579120084522320047578624750130949924826513653696558150495665370883103041578503400874936420084763500
42424582850316408610935381023434984296668062168737537478427687034807276259719057338156323678930636855640340199098191811798000
36287672681094291632231866801075805149121171887651412712492688723152701072460589083150643065485932179616552238160526636194260
30945192743065179914242917076825220328946765180344090724056404748673290397001084793079172166948357172780526778502737778481450
26310167817703319299224466378172933307558960800363123729553610610650323796458698391220891802389361637679178072417684757780500
22302537419064661306000164666620502272728906152904372893012977083159131602276392833508752262267674451096304019665748395442200
18849035179060418145817303331540670249179099124552452520028143758096488690535089084113956887499658780144025910143322164019800
15882987541864876455692287716741270339155700371262759001392740713330573050289005633284058675359568776641142107914525400070910
13344047963255020596173832605426159017299296205985267343750079462948439703153097457410038404895510121732620859714110959279900
11177881559014654049869301870712150487337617940055075097320585957771549976204919285213073903928276095950195116086154211019050
9335813745918000163978148779956265265930532753959258813615766151718038684722985362925367115661147134932473645377688781541500
7774454930496611185115919856697855597261493940798214016850507370665987905271614937607449792383019716960313463477609090298500
6455311778509667197673598043687780884107589693458795672692176608696548777822769634300647113859078615837253249373843223680340
5344394087488061896298083916215569199372720721916917135593468327765373141760986743294465178755756218961091708427467843755000
4411824823486944741023028679557187182926616548020446140092311398239539208262219747410064969820434930667140113684886216341700
3631459500905390200139243553956436826716045665411013971926207779792321429534746195834185878810515836742488021565686645503800
2980519803064686397554053170793460608998702439387997311527138766058298217855385005684257130589810767688640351413249478098200
2439245176453200685726374088235537506403117346744294347607649711034085669980677177770970025896449144552634779378116936025050
1990565092297084130169711654482417323876828400540928481775391648413700996973425212290558172567719182672288909019632784165800
1619793759256959671065214835539141122464750040314722770989171195916476515010979130013892300801435635462383598148106992637700
1314348289997859247931760492974184217432234928885619696553350151988215907838165580208132995383068570137025134100966408363700
1063490667963046963032505819171666123090875637616333357648333565631792106823720938726788053362232790866447430644846437549900
858093321959183198793030488712466423902867302642074161984443847343929994197195457840358878048551409903100117829712755773960
690427686167872141943625879407601105150287823311633470899846482972070568234615525048639325070668716763851729427563599835100
553974791630210213238805948703576277934453673238588433968433183398894005887488326637093517866764202101608590879389696985400
443256691044217099221912713953963031214071055006289323796386140092129564639321951666999104414658601957537972918908180463550
353687350549078971969905375867514431613989310194947512332505692990759971842010090222956030916850858719338166123845791495200
281441538870755119856975137609767426182601415950969591731395665498735201613526972645815121858645601581823244671646319326620
223340195060594728842275209751251258775722594404863937563913637626868583469368206856759214956049467192776407484888246565700
176750751062169605964663382597256730294732395968958356467218927903457481587476115486473325223475781959287394031304828121400
139500915344516840447876810809596576404856050320957218517676957672621639728005953381843417298317434272713216467774800409500
109804480657615430988632786352702837977169875381425049962100301531674628744226761811173229433346131545646308171127912106250
86197795421276793535206287975012062358581753061907978033430198346613091017161478802233915691717089984827543798078688186140
67485628184574798427861157459436964681035295519281675575685910126682209400387052159203173792634224551948132653563266346700
52695252799795826159112179196891840471692722349384389992783050157048376613259730371690105049320872395406335194251639520800
41037684172602514247970295846240360652679085926862349940102212608186251649455843383786057939586494197557605772366902131450
31875097252712896281620233063458377135575704200609565877042196680989675533433794020923931237873132663792465403224602707600
24693562648484101898304014251586296773279124218913013465950340076491116279440473365345054328181293465256457317649627407900
19080328881573102384881607016761786831019329228680143085666801883228153148019941904581750086876026007303196151142503668600
14704972414417471255387663370037928585713860026246798470591214639331120359365360870216794794873716127944648039253570445950
11303821236521638321639496617610372821986123174326287436969314362844783234291970251889704182456651741430581513693760842600
8667135436310207397452964300413704095738266047257903714300960160806308347161385701910037889241949022567561974691276652300
6628598584679611038483677865767860079096880822636946870689663500638389554041335804807004720158352738702020725363965574260
5056736935942029408120151205700466144621609787511652785860517614459969070184264444169012738559828858963539348994079090450
3847939622719199304852721972631309796651324731554946885567392601992221300642298256871155815008177527707194859275680651100
2920802531779895013004179837563704475873504891576286283376067608293844915125885092348053788725809485614660845194235916400
2211561839310160288132054133065399099963597591242754783420901940876989127232003970181551748557587369831083939387494775100
1670420755276088576536671136870849548443097857365217835549647051938841950390389362757320375691033191116094015370416349940
1258605404208765249939143750781485372094854538842031665820250066579407292716066068396806036635578024058114094691595061600
946013486389141678592983594008349976492164224176243458854796265900433894202893853501272058716760003913501514118108069950
709342940159013587531574718506047642350629987939265198855379368234833093934404244389128615644237176416811480318413908200
530607760397174356130512060723488960075407707125517793993157991124191942169493077597774241746513934334288240857253339200
395964885506620072071812564825325959497983299555481613344857025786242783788898394397821419589917755563235526296505753320
294790073769495162216204111900070982936360306308153546503248175044563075525102840012552514733171410356070414027560873000
218952337982552733148493364339377564755038891486269555748860675487696032817144084284948678729145967219894231130067604500
162246142667112952451597744144781946237043061685936478517136357373457827400140436832636863460361078028455602246147544800
119948498840035296248180981860177356834875591685637365740172057491780611135652468265143515982468669968961549464926742600
88474587339444135641562269664603268375820674373626217122513623837171793710594287137429510100878891787701873464410078710
65110837552315586850392385050731914454605815670504595941594751763855800472886923899706333912118495611844241761539839600
47808686085760752638069729297439503773583730109407774364741350941975273607613720649279464985813101970180177068231126100
35025712063885042413595558977516384028828048630905694089112939074752204260301414835446486610882709937963056764361787500
25603638720810367756701045561434217527700925121658522531720376675485473927935230999748921986705946924776477783014662300
18674928116981586216229443158111538815815745926159375050998633860592125213510842736605361445201572486659888764127728900
13591480323780077584739259051680099840569743510932304794531746103134902888621322372603995721665255028813158191280671200
9870366114901739563799977544170291425328829221811418609252147024861555543312101323563886795025033444962658822777816700
7152644009296934587843530479001628814271265788332800316858218720576446261646217345007365196231528206153925458561985950
5172196735520655412522739636124317124330644761998652036360534864961355859841475457698245380836762166772571431408456100
3732216492652985676027019252878823997933298189586416387418265407106364631455456877792887767529726675759678488736467190
2687511524023415182370853471779165124224340735139307049527445118342703520825759308116478085369230654939722698703387400
1931229850449795247907633480027396301016643732881817924256452164122258115747616240033887144589480987320489082726262000
1384924770522364938932073038138340629767874482536271620269457949704449123397931157766452610519122220339784823484057300
991141149971773906714088250563299370836236526315484047660553618566340316420447426480814898388831250574657903679044850
707897718794981734396628797214713024120744804357366393390881761008234294869740302209565108483690674099276398498595500
504591378597337456181895502905940001312266215768262866212173514500500878435838856092953046486250161581397662683013800
358965015631283350280044854754598010499227353619442762944746158993355565420766535400784416621928041741074731453345900
254868484565937455821595967734794435657542032696886070485281247291717042820903845652922352916343673377757647765246000
180609519339550165203641528969780958935811438409239703542088006380810707040580254405959868530518275024572365130891100
127742216112039687438844376297610502459080023244907410328105996445614338071938887306170920839034129297078239903237060
90179210624795187138642311132542340949870293048985050011225832552217066095482048315452295869242003315187723775396000
63542674918651988309084598470538399385693014480235765357346455977184622229835387147911655046343545145340082253536900
44691052556837245900111469337170117121417145950058543507057708182611977729149089180474316239568485993491273617053000
31374779545338114637854701816139898928131320351907910277644186703271123756932707891035846294715015789779923570704700
21986434696491570266346780164302479674617367840355915827580207406444125593810000606796524792504658672644087679259760
15379847003567247468141239099422666865079489784941289084069645457411843535310181543761585777443188471192434906839750
10739433609115949865427144746026962534308413630587022952014786406724481988622631162830857066630287169959969435791200
7486037593115334168386296825796102291778364561466276789924617391071406336524079676365340379610815702702224262762800
5209223893441382628003449192386878818400449803377631791376313381082592261231574660688194530703879655345990533681500
3618708405166451582950335347411235152136395679396708668772340741407750309636651350773034628681652813536853318434790
2509590537573843212205915897526157601973832299364314549431940503651001342661639029692384810689729405533134137863300
1737520927325727319870035248858485837850325370624412824495160385052835391184729292826821538797577414313424938632400
1201003605024375943424224806712375230488150373304540232143443509493207747473369312489745125991830855668061135927700
828809786705154639990792925189762839169011825783344961988310305513226471062930004573599795560876544962035521528200
571045782835457101145133445749844279418643777576998942342882542625630048334853650817097690504609844533482865354780
392827326146860175445596027191658728734857751228040971729010259671652037478208732107665422177680294798209553895850
269808954968769531977615016688679640524860458916259948292191192733264388203381297872064075289618806050616134755600
185030844271553072949818411607813381136916492615749439136222053844512196547648172665939016239925263984356658090950
126699291529464338681674523153438590399877045551106824149723537504059461339296596882080489036686056793073105875500
86627482995708027536482147683027219258777694301929297373168995086548280727895336009788922170395611081427640771770
59142245225678609895271303585706631453744344969842980782599972713140643179280576058361614640005002171767162671900
40318990205561680871434035355896858133272419279608281731596400871980112044571752265568799073913899041310459527950
27447343006762584530635856023577240692724756663722248092561807796829062445957248333662492278367069881347695421100
18658591714489619996928678021167256236277640480137775437644650270819497362818285962080917684076609857517463736700
12666433007957690001117648339530247787330091459326308977270973628916482784641425161696606963932698966608467582300
8586886124579179307307222486144561394110721425339360882130604470915463760139678168378348551925609968104797556200
5813422972726238899987141794413590216165976580214619120535452258836484114121463145222915138445640986944019899800
3930536915546932627465058374570438753785684875596167166793310701761703595194899221695492335412452610189874122650
2654021353066802897321848258252079749957260289169443047518238948091357361443548508728590722988650666271968028000
1789774440080897440971260853943681598832066733712654708167689264448216729200653288011185349270908292354384473620
1205430742235214269704425573251419201626924122251701914608202524615047473522212921724630577837347098972695843300
810858263814586323564206883362449020185681495795050974156022596216443448293910148497399464110640343784720448200
544772193806506777813856509659861732462771507098252580887974684265376354052608101618988645385333162594496480900
365561728106813960802664232765557717554227094291567480251206577423325597249116147551293434839743586846008762150
245013908987121088364273580966966124301914083624079742955781697921835435458456375233548656907689643116279385860
164026238263192016988194550552493737200317478493650156263194589141032023475460614448831491244291356083759465250
109682346306470837993868463720085320763578903515846427463344807094068185270722371739786855481506270556783658900
73260372541953422321891439896698334986259325107601196691182590436714920771125231522498805658841802954530881000
48878578142935814621155285563593049006036635959915883458981469017319429351218237739623408806130343567051691300
32575645102878175219688782270216533591511538524188580252147141582237867326337457171279223722291056185467418120
21687044631307150221825976000693792423617449426229910225733614475400020772328283040087753138743444091651743200
14422759841851242323540256079578038968027777781777253653748814980284891037434405630738445100898129698573308500
9581746496434191732187840200259743927591346544283445007817484738371415730385754778514007419648439438089914200
6359117240129823949321086320892325011108685538529890669254377200168265023851851077295123764567673024634514350
4216113268966223176705921479206711604939198804961880049388904763032450811836879557317187061832019561981918960
2792532956137808105781982960340384981183420165728890280993237244071649840906457452385814950200049915643018500
1847830546276774640824566601387436630016371755245671735653369118646660140793407867715557873826505331657627300
1221548891154298626301650395930537188148828501772616765589981820993984176537197901357006833307915875592274850
806773082305253946006554299996740851496780401226138938346306956636191942081557819331800290936578103934696000
532341855505504655794915430000769747797589327996702819650869200243026332251099274395165023825758645497393120
350941886647877787718025073917760401718088698684333745102763920903252996980604298655961560629125362878279200
231148862801372698992730554896833465863029192574949942069907032416942890595304519143680806473188727258597850
152113141385544836327858162297157274509809054279308856221469835978118698131440696268879529179339324204115600
100015303906999542876129147027179408547602662738712816259186732459008192107149262067502868358631572708628450
65704805494045865059597096019830578031233579454580568157857132489072859168312849543915374392349203246696540
43128547712580261768087866316838238794166070231944679643317711610469690188954595451368638147170035317116600
28286258429101361634215791572234631749796756959303771339527550247747838864606445854295534696814194550185200
18536808484501307329996821797397386323734332134175538090006944648650367265952998543183111372393431129048000
12138049311872857635368639866675033450851186651363110758755755265954125249409445345874972407829681182461100
7941871754701935473372162802067051741052113905160142739939751199583064168889785344514046706264112508486980
5192330332874442040556942328168615923268206266565058588730678791748121864565508948133863364727856121182500
3392130399894512660137023932784623699067919786459233243831305988105364235444346970254072568289332575515350
2214413534493779917571320638001083245902119318798983942705274649530507970858228073897203138226347351813000
1444527911341289866167566203560625431709376581266619751196572675824231379786741986467202825880336158311950
941627442252962275070395826923328074243110271290503556165203949873515505642003506089297288869453957625080
613370732280192506088719798621556514986253289473864555175343762868980506020504388704234191553558895848950
399266120434478270264321299324043176624493834276705098750911877953561311784259937036493317707966346159600
259717919570511649802289832784879819959868109171734594164943554571230892752029260022164931938057190417000
168828544331947365224864708430722187294322924847074630036750216290257859044747988939917930312868546186500
109672738318286480614857391263549287587688686323390565533116891685701686281378761122512886440519847879230
71197473359309946107638854834930656223458348762467077286027500413738393158223498184422500377497224219300
46189970198303841125730778245375220276985513760382443665538632444467350616670314483755566812907349633200
29946908901558776089849105755667273171960601996513736761239867531980551956771969561594573288741448736300
19403561304530751632384819449863679459968199010793835081245455125193069344941247362294297629133012098250
12564344090992686881443013624147903327179816307278519781188769865125717823643631148220313966293190809000
8130754078115896741124666956457073329564624722976326867930258074350234469522856823340820641273208676700
5258453767441656620896007712871021831739634277063522304587513227590450566090118829458258185454656246000
3398795445920122154858668668277186376199556073881989552359991319933036886024066606290366614381219495600
2195508570094091879424765703086480934798834482782639267045798622040733346902146517790835996198006437800
1417397628804179729138223710085193170697676767256545888349765443250420975480272472459544638887682054950
914529980702240777925632311386393202908264794666996575252852707148887651942058044797665911703673916300
589735143233275457589155211217055565016631850453766324059863014799835327850503067843866467943681479550
380077303114740104383809887849684357656193130852517526426919414017440653128383051715718854570035057300
244819323765947566890222976220740963380438363240885052696128721924763832799467201070864732217846822050
157609055812334970447065229832583051570137154118561956829739876688818908054432367401053733207143337300
101410088165899473098054526736303156993505061806385888422549999405143122182621596340315966550120012050
65215135379068128786030741359123569805811626028023796314258786841462171133196613607881770221866653300
41916550848801988751363326473860412243162933734332682953458434266967484153152775850968044852589054000
26927445524924671879340639719159092800187365851817642100710998837711426637490657813276789934924629900
17289393512591350482899280361728284771133401862915657174967497920416960245440257930955965352326627650
11095369956119837060722467497393596919563767475607264913003843533707391131480554038585529823464032400
7116781195866804436430993514961228378417963694779804216981143997444867917398715573139579726120776750
4562549031619092079538561049277970906356334178839625649426479751740956884313891325074908974741062500
2923585669673050761662144537822267158539436861890093344996297350120455546576651657724639995374254350
1872451752125149960359701304492317447125493505338929716505354480824084126164801394447414444612328420
1198654726967323775894637129008131021320191159377740301182792485665487388215252723716533432386875600
766952185407152462854437903405414017374116996742689993427578708062270498164223235180974498922592400
490495701881130661102450934613532805716198329536013763041558850023166306701726367940397535554078150
313542782265749055986038508957024414224826754280570413872308443175014880867440405914049703885714200
200334154084210933160633536414393834089196221882075634674639004248974040188627566298600511429749322
127941554524211711849438739396832919328333152641489558036379731624993225225411298853799043672143800
81671115759619623932237186526053698549904427317308227704558528474804883538595555936031782793630900
52110752664374986636821839004013236731968263634707945556675750604211797142364853469418154894847400
33234557473017233413617170408360545964423494541821865963645759715715687801920776519523344622977100
21186431447025210810029475778160222306290641091282800750633440250440022710315806227739890364315920
13499966689801065058384189792164180335256058308986878273718220352782831147487364213730436285977000
8598369957261144146495716022426441577580663538262686806788370830722058841189215783967740971757300
5474061019494569078846398742101657917617907100954559831753978373106969029256339986427688202246200
3483491118406754236671739717044006340541691154470951514409505723378313533761438205644251356600700
2215811428636936686175531855825567107873002812766824452807425099516437521665291507690815243097380
1408851820732813845067723788574715884301948720891815061133973344735742779102360651163259142111300
895392888710221482684349632282077012421522801567030278629131362665586721020708557448825802196600
568825563954819752595183721480328164570908688860815470849711343278974124032935414629148805432700
361212703793874747813258063148536331426678657080676977208351893470624564497497068845990043778900
229280245910915952859620642662444310332301548195481626372829140723912322593319813535277316313660
145475952477049199467855726940581730602172714153823063881087479147102459460058585535175679865200
92265200400938710830838804480220218332496666092129161893825462654582110238993446711419783779300
58493548558197412119676737103012175998664891014769169564126211369272514766073932873511294018800
37068282754259490995440079816901963248293148956969825081290463698990866038383269205003483229500
23481321371090193862517173988880878803434843018033891554358478642972181753853142752349759045060
14868571444310509218031350115942057555468979612091674038622051274141647267990217855245739050300
9411170728494570140221993797157814026047632248096280272116602475746495560949009174117783627700
5954520279320578465728343075321800413812775177300767619794656496190979902823648975517948903000
3765993954453450965382179363501861034804521069318693593790341310486328163224553876661065945250
2380910878472448419038627558715856682489257929602490141085612585003160658769458223049288945492
1504659677482528608905069246804589685572942608507529687196669266270569303751718316447146735300
950530298305696319203108906025184438583053544830511493059207567328926083605495621139254375100
600242961223832388902987980732592376046310331350728002316078306258254465329567733560176022050
378898148622846695460374219790164013409632025286584898412058018491071500412999039225522601600
239085384891149922955514782172912796069172524590656994939085704989602593122974759064442732910
150806316357563698458062080200498443671138583589312810218734969189105232477812716345712004900
95087359690861240844526614651124481987614057381481948270807510820895396104175380842124966900
59932662579688150358794376511068853220721905995245237063197567375990445601867335598802297700
37760925906157944742533301931268434056202844335772407276913750670620259375488012680405429200
23782675282519863483111827110481177915768918132591514566089953478105166609125253598601244480
14973333429286258055965671438639752120423901809828107291981502003417170136317866474674139650
9423596694990393592961959048396201176816346711091230321275197660556842594061984712779069200
5928652026046221749890146135127490943252622509269506535955513016614279740155858323708120250
3728524081671799224798572502142651560468397329373701982462594654625600375383546460024086600
2344014503782637105901189851351745549172388308983630737872574547961831153710791223375381080
1473080893067913169815091931379605340788280651857659431832940455583736631464744832229246900
925414816018998374366595441919322691840469896743029097706268667487497325082328426930235500
581152917116177485346802424883688258532378766648950677951513435717198962870913658727062000
364828763561041242476460412420104106754096363089097208783983173131940522915997487523159100
228945932261200327447742755424691588935364097018036422752592977492625151292543478379887680
143622512969538366396507788803396980404797111505730858971884957406066633835140332163861700
90065474400387108763439998422513100676430943272060924036645576555173995595426881846972800
56460000047104131733109623080859233686525877203896288973212172659880755795748144952204600
35381039468527574384525165677816055716197844619017640880429640307363645506949368073673100
22163989350225129485243825046727202777524130097997257850072609675014759013838428842830390
13879484705499434852245911843607314767710474315245280568183005857488122745186341320160500
8688548617745901022124328296386368492890641734015151948666422137793654226076907238795750
5437133716950776738705609596545751907967094399338433897592096771868177558416760329061600
3401277483719432071773820886945904561825934365076475902076779080001471052930771890404950
2126981720062326078169523704432348897636574609399866835092114083797405285480579744028920
1329644220249577991294734668764886079588691586496311788453121776131940877882821348541500
830916691140259944667309277394150801189987178039856057351172450830381798739156665078700
519075083510504134133651019746351214902603405340669178720876442843447322171170496418450
324155847370356179060681986934582077633108489682061505397547792728182715678698688733400
202361930217378971835863345522875793440370790384810482070646656617200572054513692394430
126286034023580996053006077498722531958279532482435925102644480450165466908216273222900
78783208377566064627757429067460283854431657869814808317339635985304908469227979759750
49131959301356271988429906658453929866367584057888368477869229784525567524286130752500
30629988012967587821602943664798075737177708641111092094588537797852023952172305565700
19088953514120368900139928880608456457513829406835630384824496943037601546682786427860
11892418343908604497821514159860648075927061995846905106724687442041181688871241011450
7406468840938335971230282273001922620690229001674451647367847758272273391288044372300
4611108845425987951085948305634723396739164707193271543845462881570939092471077869900
2869808203675525845031347444426364053606740401862783320336950222228491881351353601200
1785475348086513574943317832355435057641355138405273336082435070425032885713753058560
1110474211897614314470825328858460249617275084472185966282448630332551711511373547700
690425569136566938210344915690483302449077696719421851701375045499745243977962573750
429120385700725763285874054177889627232929313096496590075089769442728908409042777000
266621660206159176665720886610275206016763261661911045605112537974400309761654014400
165602087699530774304128214910184450596029177926115154229926250174138375045026401200
102823023589331254352101072538588392259228779408860633233732944710471694628225318150
63821820348380319211154228063984635515731995454536163662272372936230465602802329000
39600650498651315838633993331474869690886885172702938808599851622486852716282883250
24563475381645960272009468939954849147462726987470827660311717762170618805409842600
15231115311729145492681725960931855485504520246296184535868517169278082083786826380
9441217820876053348702999757639622310305012102332269279640060481303958653562143300
5850308433405533118352306587821309019308620324260557029717797665308263172692122850
3623964516478112802558977931593055556537221471685909412817776688935877417624869600
2244106849609117636335149991819892275060864659263495194469470871609393986543098250
1389176779223232772208097897078155529385529031924094516420974185245820128830491680
859658297445112823976893115182522171094453880612931751999128790853505561213448550
531800212052155280494912621224028937080342401362196239666386259622620333726922200
328870868364692630595043900671583020341753748470726030494731751877643073845697700
203308938282217097704753291801721983036586546682807601851107469800548474639848000
125643966032191802379612186240461572222020792175777402615829078063987871254525120
77621277799024181395094826129573317354647008163508052650967553716172757556917300
47937329213970513450014125326578573817323781802959075594077003157011277170206150
29595156297227619978857281003366278015207910562754269152267102027723497703591300
18265059384673219954236685570694382563006644259617079821453524954117906816849050
11268731221642632770032515362422641484637000514506887007426828964884225110655800
6949959986736625707000727831879553948287699319520952135203871432475208431524550
4284920269340573057814646145987532462069987924867270054427179456927307957981200
2640925788617529991567068523636344382589353364699624213343202779698086823016750
1627130685744962766364561861167108936233474803805701911221455099243488612560900
1002169767779716582869106789946339443520024505369353800894049657247843704191870
617038874065687420194416107342836145371151722620707318353241115258215788543000
379783371108083152089390083996157562741557520372986651662768129390122853009250
233674468706587330613517617325323994988690525680906012056412480513124349749900
143726977978810229221191345815111276980049676577891522435886382288521046963950
88372411979762878996647363964500921430711491198313485652349317245305530762480
54318317458491639919013091986799152665945514366197368447958173508698787824000
33375419224984916019388504403274285797717589016459879778883814598121887641700
20500184268794490467465704024332006621456104968328866933851870600247703852400
12587486188826204116206649658974463712001717359336141761662312790485556813100
7726276506274594799036058257841836101903167107389624145160714306451005959240
4740793407677331568020876009827826529703011702492628468848140404203526207700
2907911249728337891932870556620247362105200991551584253860307584428327726650
1783035935947754435425378885366174178996520420844169470985523097942893297500
1092918226709232775742375857621338595577848893953341994197656871632458827050
669673800837480956729180991933075218807776019237850820139411369800152354400
410191651257575223279659892035133265066354660190248730087943489055414187000
251164107357314806114278073087176770151183562149615105050460387028259725300
153735938258463264510159503265611687365108911768634365336559287856993151300
94067502218369577766389918246290473414449361534601008726942317009274803800
57537374457708440974307424779271520813534839460598364752192024965757741990
35180817753055478505541903249683612193501416672028483702631408678368760000
21503400526715855451805417936536531631405570883971389618401460545224239300
13138713543754373599534787508073045658953341784243980168597671531251880000
8024960957950142569908974404702502509258819363254663375227712250077994250
4899778708877063423759968552969808205249670997222784751603362200857136576
2990566077662952239293194236203844702317363374320411207908329278484498700
1824621149246653329728431217593801983087314779969872825634155838421442100
1112844216910034900335104891189145561597768631825211380208122818547147600
678480328326499328225193400567817855212212368640954451088812123603446300
413505640150103232064921831953559218679566096657547828181399674666087450
251921728087202674996355039550821415313528392110744100118848737386119300
153422828113519996354572355218361331546966414578778606568367203620148250
93401335370970980456036690849621514173464515320531843894989330326753000
56840146474049657530261832711336215814162729187046501966452557466703150
34577588763005972530818323378641319403905203573881720197470420965972800
21026743267176581899210012799106304021031358827369346450057372535511800
12781603390939283514704363915428958819487443157802063549334570101427200
7766676195869955483607247475766262487267888295255191928272614104933250
4717583729583971236181958920430384154949311650965566113495456147963400
2864436994280911436362828323191188832632215274732406234599039629041240
1738569098614651283005016612794633021491950241780953839130131061120700
1054820444352485208695078901264153073464232284610901518905259446451000
639729744803550987814844403791912592594585199492682118938233448551700
387835063132910856194763515719160624041903720738450632960071712254500
235032187732682572463813889370602916038500227410501763424581811778640
142376632617980951356280037424614028019488661891205210518144185462800
86214057844795548426673350411405460793909461974558899804857152082300
52185169575836385175547922052215657257809910723095790317686853575300
31574921235092316266463241987240055832125041069020224489788130708900
19097019932877096448748241301799062750014521447951733653393939576846
11545511493069537676777101737265489725672583953073214872320028316600
6977299639402122444521501935802908740320481609571156579861169949700
4214866489270900386305829038308048328449880639237066232930952466600
2545102799341703642303110525124862068774773042300001862164135440850
1536197305259567954541699252914245107861058596107950378616489424780
926855721712071946264896624482898621522882028751828923059222381050
558978694022090749120598852806580304382951125812009429240417703000
336976969777415146218935838740632521948879135135474732831600766800
203058368014377746352087170506353250389849931475775291297285876500
122309943302256117162571837677394663377488238886426457892356012260
73640370220609212722695490763899327771496180995078435568503258200
44318872095972816104136332106891475652976348894448356875205984250
26660744545929686395889737708252971883952971909861290699232320700
16031446253484938856144905212849056306722691911022484893067545600
9635657917233373082054486499857214182989293733493907045448631080
5789022042253512923065790752745699245204152366366415794719715400
3476438554085424849711024013736033606091617047158457569256547600
2086783374394152922999901082976542746460870440612044602740787150
1252053434284025002208728243799184044489847381421872301017396100
750896548852159387986586850988066497486135517490165497460014170
450129077909340217894091700919392654053011620987736510534346100
269714362371380503096998582309781074632416041853602799088874050
161535390984593603156463290637900421182766179170150179909124000
96702933566391544181360997271913154525562198238670291117722050
57863535814243482631265473602071806277740834833062000038962020
34608036088081288694301601116561901642226734342839257215278100
20688971137229982265258292630566894130418625066094033082636000
12362486861817201067546534286489020118321105595148724266211750
7383447246349799555153280802816575873524015882905018738855100
4407739246694812815396648549738037685970600539912855610040570
2629997018297609597075580171748189036945004316112460327866400
1568542961116057126411503963780202892302937021943724275951250
935010094191626045709831372279312371073764315176745242933500
557104219108021754304925278086228621891100577228312908175900
331765479922647131286804356752669512870232221230417547223520
197480736870642304194597265639208265833214989920021084201600
117486659582513499935872736784484985931320249954199531976400
69863408423364857790591786081824454556109972878325195227300
41521851338899158726067458436508171353534713632289804970800
24666057211969181852983577462902647679639266809296672463020
14644808636539086296408486862184502996554660080110863196500
8690855797387802497136859498699501656334222881493216780850
5154627555845282761831554800655923447412980114715900213100
3055806299624631811658101954080707179495067119362887972800
1810526765356568426535849036761487707395017374938099730140
1072202714388623825610774529897015300546469563166753819450
634590921655574103585971340215925359021932940654375232900
375407398362713739451193017495601493153770514892707272550
221947823909491146325169667346884477279422048408587686800
131156658381303869597419247833250729134392615263630358770
77457351862375210246755609620798835962128076121244323200
45722071476049688382349455690231074108739151606950406050
26972139757561538478476064024762402108317487266445223200
15903607139167012329044422741271874578162575255272562250
9371198573322016456739261635120866118330421368986990400
5519317866573160043579697012298199609454634319909342800
3248534885184567602299113222552262958677951748965356300
1911088208481921115523994872451082561379574478879787050
1123512591082203881527908927722918832992998710242904700
660186800174337353654794119629498406652984522793942900
387660373626273715801844720229543088175830962143833600
227524735975624333146746653408521703019015495138740250
133442034265618230770979760264164713406158523351824400
78225916140704272004744546332388375481316728555514750
45823269132217687218962156317986461589225580263367100
26829785719499695392222605779736625741440978290050900
15696965996890788514873858743194460458701746489804800
9179355168994301636263443628037313187166654567396500
5363710388261387935410574772210868046637642823110500
3132702434749371709858542378765226661107732476978250
1828177057223943895368001198105421644096980803590600
1066402971640993055434240142692593292468387511079700
621523485994232795125836240504773182247397152453500
362077599102318100927497327971019640086833122933350
210749160641938000713517290371295472143592616590340
122614714366988588040413575387128728208564296692600
71273071883410657715903632695776450838904953795300
41412008443206316714276504246435469150010943973000
24039107120686779456711926596464638404665282945100
13948725658199679682235898919403266392348259673140
8085855001649490125141830585126869347808954895200
4685421703544346518316438678132592041867318905600
2712248376429479042181399858934646210537855846500
1569458111211115859824533185646830687364631099850
907213659509352786926471297169822955343813204940
524225608158247529572162859923170325080257687350
302584457910462922015192307260325631480099610000
174596019966283072219357561416479043103124697650
100628368561590925751560198920004509931798479400
57979939693627098698285868130141998631736343410
33366483628660476614902364024951570731403361300
19196751828354722059065496339619298046599717500
11030510035432891528114944264012124174419287200
6336699406745370438728385554478122916169040100
3635418084782573346175819794737786844845898120
2085269248032230660477072790087754842081821600
1194441049214449441134475412573225012993638200
684073335835330384617022634585420776561049150
391204751644719625366298763613169505561654600
223697934308109676130261472092172876715129546
127717228187042536422698937402163036572030800
72914992356318832286489148084226472056354300
41560156200148412917024058800808911211254300
23688821191167192567168970237135370828792800
13479164146665236970137927952931750945347580
7670389858262417491486771268623848579178850
4356944537785993998573592166058943336500400
2475220134672427315619487000388447900861250
1403488708177214884346700340604427173841200
795988904905917266675403847093659493183320
450523575665856307827786383247781102838600
255076655178865683536068541308843075580250
144105655838511168403988484444554808311300
81447548323889350130820424206155295749750
45927405152324965440599713087308498907680
25912018162720538189107642581371369107450
14583504158892298905205357577667485611100
8213191191144372899254854645553546541900
4613408580613130543011821315202500472600
2593468865879684172268502429748105833550
1453858284108920611915915314163110865200
815790074577072383360968602484164806900
456385224889422732409151298818126184300
255607239773872988623340897764811173550
142698322481111423878963141587957178876
79768950920302779425497337317533871950
44437652333850127520617337625556236000
24792898704353223658199343252817624850
13781442296989892433406867286705663900
7673967114304049035805763753929947550
4256134953768725946306277342434761400
2365254984189489364018029987346705400
1308809011051044304384019194168788300
725877762682305692394191585996526750
400720053271883973101851469757703220
221789681358667513111851131628344700
122144263729632030563172565929288300
67464358330648955890599226392951600
37061907289740611387080459133792500
20427613271421497308019325622577110
11193594128633246410890126700327100
6156560677269811891038987127713400
3364789137387338297524240438351400
1846675000806707372653968460742250
1006543065163004714693570873453760
551215344145764751019539322564100
299621390232022929494111637822300
163722915546258039532738895568150
88740623685828761798927312798100
48381763238908233226195265648720
26145213887800749391679979113100
14223009234158922710643551325100
7663405915199829870027229859400
4159453689352148856403754670650
2233990760918133192763371642920
1209667392782482395038079636500
647528375278637243871666572400
349879146587026562996967452100
186702813130098814146572950600
100636824596038139435594180870
53501883374657756583109380500
28766572477508013524256338950
15237353288941198773578199100
8178308708359493516996001750
4317562416613797830436753000
2310552935749544043701401450
1214143063120720185205553900
648162646050850818040686000
339349992357002793675345900
181001663886670603368587630
94397041751293067257807000
50124696275848228049373600
25984764874983459279919000
13777959541230204393266800
7122961253111086374010740
3778675685373796091022100
1941887144559578915793900
1021850440561050525301550
521468747875491891157100
275071408457236233908100
140325931288261817139000
74100716655991295286600
37343413749010192956200
19433544187479286946600
9749977286467685362340
5137778554383197143800
2584248591663103955800
1357523995275993132350
664794091017379699600
341534142384287662590
168857104988723619300
89573549430299806200
44280568795044079100
23028193110659477000
10791347505497708640
5487918446921724300
2702396749470548700
1456630044826759450
700129747456140900
356221198449418610
156193952823800800
79976100607845600
40139408773858900
22036184294878050
10041002360743680
4903710142898750
1954969704976400
1059123035004850
558769505361400
306159309527000
126514516733900
58032120991150
20342404207400
13003068779900
7306807311400
3780985547700
1330484189600
564990288200
167481252500
152615499370
87406058900
39186322250
10818261200
4294981550
1022137392
1715078100
896026800
312651550
60225200
24019090
4173800
17284050
7127400
1674200
179240
91850
8900
138550
38000
4450
100
200
0
750
100
0
0
0
0
2
