0
0
0
0
0
0
0
0
0
0
0
0
0
0
0
0
0
0
0
0
0
0
0
0
0
0
0
0
0
0
0
0
0
0
0
0
0
0
0
0
0
0
0
0
0
0
0
0
0
0
0
0
0
0
0
0
0
0
0
0
0
0
0
0
0
0
0
0
0
0
0
0
0
0
0
0
0
0
0
0
390
16200
351000
5093700
55768500
490527000
3621417660
23159414340
131493549060
675947885040
3195808167240
14072602046400
58299060071490
229045260127380
858886094640240
3089930916469230
10710148037272860
35891791814128920
116633062074696060
368429701244773920
1133751517588124730
3404937202567112700
9995918932111910100
28725513473915280840
80906276811356133210
223585662844871595600
606848366515203406560
1619103832150202377530
4249853201490300581760
10982266161862105798500
27958554604456904980860
70162228913129089518720
173659025970754440756030
424147357081452115562400
1022738212586323092756840
2435723566988749133084970
5731666781268161290864680
13331664790670235050533440
30661124259382151092102620
69747936473638966286005410
156979928350260257436643890
349661272066366316138148420
771000618811372290899420280
1683338398925232181429275000
3639958957688965733176949520
7796906727683035621843404300
16547617034266669511479739340
34803005427136425737392330590
72550743745459241146094766720
149927595484624830156257858220
307186413721319719398470040300
624115440783617121364580314680
1257557937925218078065633556240
2513303804876788191549740130300
4982713840199221243283545741320
9800256109076503915092778983690
19125052456384977917259473109840
37034083419845161992974191003800
71165795301090483291324658379940
135720619787193763914210192095580
256895489100820312334164451433870
482649507265391038869637088686440
900115134788770556147101198007220
1666397734972332555184636723992120
3062632563622044907048820679500310
5588119443762097244947910779435320
10122964964995272883010867631101220
18206884054261069097669742600223200
32513360031448626249321573960866700
57649679146792132254523986608740440
101496081646347197739010125329183400
177429415912909363238708905029864000
307985811509679185835551766852552060
530844729863961124469257286802680940
908525753406026167448500552419155820
1543971973495297151535279313988916150
2605384685967184425659447238120635100
4365467687422593358533932246076234060
7262912169463892611674719714274471540
11997892322966564452932125706436681050
19679081623328123774913913646090898450
32047965332902597843171058802150593280
51817981857849175682000886412009663860
83182535322503812783324779945489322260
132568793910244231052955933604429319460
209745425629815031113496709122943963700
329434441039323864687668829315498011460
513632918351702125140331381308260139060
794922687714082774644551519105828529090
1221138261648003960082898519472472184700
1861878399169577075859498063575748579120
2817486906386632365603529287728944872960
4231294318165283948374706548734229954050
6306102154292079071824434734772160516080
9326099856414836278051817949568111915200
13685620284234580256023362650052903708810
19926344716081257901720640737138453716900
28784735839858602092731778890921636551300
41251570227530717697009671500024932384960
58645412262081308701307459670155383682940
82701660740213147239044899722114649612230
115678339970737783052048392690341249169920
160479027111225006651990070465104278307300
220792137029663994307031667155715644870670
301244167685179185511925118219469440438660
407562410626859524428971992110122094186420
546740061061975422781761675352559347107480
727193685705363112426285754186993788211910
958899763276788199935570124932283811254140
1253493726988965399367622418774796233805560
1624311927422508961677597335497187532419760
2086354601958175824376805607949710837105840
2656146756803790511535877995129426416931730
3351474347890913308448730360085364498611320
4190975779462805719442012373265050916404240
5193573933176911866974276740974107443379110
6377741945452898891038662069468054647296980
7760606777026371505585409960262377143751880
9356907966768549668527549554629815538823440
11177844173091283975257334340379077772424980
13229856147994328565533956814893047363572526
15513410285800944283102665131780593777948080
18021860207814125534598534013990280479522740
20740473233240070289428372590179406337224940
23645712359121660028103828970287877853402430
26704861121179987947448865759417130804111168
29876067526559535654830380571490944555688840
33108863925880324051706331329842707134984950
36345192844824803027795115201188932634231130
39520935927635835555866665382091899897454300
42567906589567002284299846431781132727997312
45416229729805061019605759863367718375831960
47996997312056614670711704308447430174877670
50245060213808757657150182833153089326549760
52101797572363744940142523624795943950704840
53517697292248874866920019595159016835983726
54454586766340429418505058057014281447535620
54887371302343454422230853008628858774011300
54805168030342874616588951506947770164976900
54211762772638542599811447647876908712561110
53125363083869099868609033230825287509803118
51577668401144206557576455412020199591994800
49612323783560449377402688956763873350011460
47282863144812734998321959722192390868759450
44650277956647339224520060153438566285814720
41780365900861918586506153278449740681438828
38741019854311414799896813090516253272221420
35599611135845593034085883914802620113765430
32420603506804366283394451303310584082814080
29263508303347347653494170300572967287671680
26181259208748744637237442368202642768508324
23219050726151237988729514224968445009070280
20413650478082219905227843819309530122848240
17793164738918837115462311661918687300224700
15377211186434136229082414606386406875857720
13177434080339392008069712483591876771005270
11198285505219342053074657288026577235322000
9437991798613162697222926474714696721428380
7889626073317316877906194923399676616943680
6542214660267925416359801062229098005980760
5381815926250829313731303747591721607532990
4392522776280030588027594603088413084760560
3557353838093683479648694842893850615319560
2859011651183429112432142648204118180224240
2280498222071828989190432737150441445176920
1805588438233138443093136435862835123658824
1419169724495011177640138429789908563244440
1107461904417138586156915543385417775979320
858134626032276984531051222439275162268470
660341201800372614676247429408787308446420
504687656766490091604188464377205468822500
383154568741972782560173311269775233863860
288987301434861045966833380810346893862190
216567816872444437934434386470269910978760
161278689425225347969560251157685663977540
119367446050597929595317487638790787689846
87817075986667026086291800042232118933180
64226578660854638688970771488926652207180
46703792283188848689013555453174525712380
33771470751872798935043428012005798398040
24286629754361751591548131880166441182070
17372524434292843989892442896672974165140
12362202728518243665291077251091203899900
8752350730707251989747594578874236447870
6166062187481617676848751156180197758620
4323181909240320673527950072174572926096
3016957712991288284283570047344442569260
2095859879187902540777616999747425960290
1449570122386331320047748946241852605820
998288832641029247692033030202027074980
684649885800365751212318523038202738940
467660613085217341419613679471017568760
318197477698734315350225411760016030740
215684638705394514961514759120716489360
145663299481999883498946776095592260680
98025799597956428208793761965272151070
65741522693898940349710823605301395060
43943727001572652537915252411379900880
29279201582994760763807693876249771220
19447912001749500749323710214307751920
12879026476586967153526964822187892542
8504189796802038190514712549790828980
5599701374525413965823459586084991480
3677219417996572841566783930984672860
2408442403490002819024313533268867040
1573449610403125101399078747874738960
1025428976835225370400664527764246320
666698251433944604246734789752364440
432471339502196551251724323760929130
279911938939675042155293018348012640
180780622925124797287073714603026224
116513835752262871637652924888872260
74942058735287477690369834764279890
48108534562127672793007591227285300
30824178109216520413854862247175800
19713187739722648911913187379493242
12584615673272621158468233163107450
8019758421906723690423816981947860
5101995681413220731104201249791600
3240368557942327238984254675237980
2054665675773408080098540236437602
1300757032943547629476309036987560
822193910669077909652375299732380
518906610832477429597274246077690
327004646929469264636183828193720
205769234430540749185537029271140
129294475857542343722120731403920
81126538287294076033579490416590
50832222087772343937094665182070
31806615712524366823977196103920
19874969436973941590094930499620
12402634377829295016235129985190
7729424427910088757657629636040
4810750951233117208876913507340
2990317941292991848866461072160
1856378248537911279484422853934
1150974120912567634164788471160
712721176905452476012199560920
440791642295537775226892693160
272276992526525770273753736820
167979502254885512168391333018
103507796516875071476350555200
63703672222657349556805610520
39159178593394735099568328630
24042688087768919394913244080
14743998522162244801094449824
9030930946986350158107194280
5525054601944005894671078920
3376208558724610827304910070
2060685471022422921744707280
1256277301991304278277029308
764981586005664881773093440
465274913691251078650310910
282657737064445681904217800
171516632572323029336733360
103954709400424721983910646
62932679839651377673586700
38053969749500878532968980
22983534458457870022297800
13865123579644153436282000
8354520805617180580548138
5028139558929575883729960
3022596973716856475921380
1814842175258359994739690
1088375927512141396515900
651932608027513589210988
390031517881142784483420
233066281463684827949430
139097956011685407609860
82917400837099781461020
49364618108818097531076
29354426231477352378140
17432291083342076249280
10340269966776371021940
6124937571219148388720
3623960881180527217374
2140999014465884811810
1263534230350880650060
744484284874705065120
438226296310625131140
257492645786748042122
151168442497963473540
88570307576423144760
51858803451313624380
30294919240938871980
17689683928919085048
10301849246693723500
5998850513198108100
3482412199534627080
2022180127030940360
1169958766430333568
677414134439048250
390483576075169060
225471485547437640
129508498439110980
74555191619450130
42646460718783660
24475377823750440
13937040770332140
7981320817368000
4527182464624686
2581859360621980
1456042672130520
828285049012200
464731412270520
264327205516944
147542688919920
83150458446260
46052810055510
26030645427720
14352846230532
8130295790460
4425179831760
2448370201560
1330923070080
755390151030
407324721050
229513416300
118864055640
64175180740
34940133258
20315893440
10472783860
5766519030
2700852060
1464781272
856242780
506504340
231693730
120549600
47078388
30211330
20543280
11031300
3853220
1892490
544200
641640
455940
176340
36430
19920
3180
14110
7440
1440
80
120
0
240
60
0
0
0
0
2
