0
0
0
0
0
0
0
0
0
0
0
0
0
0
0
0
0
0
0
0
0
0
0
0
0
0
0
0
0
0
0
0
0
0
0
0
0
0
0
0
0
0
0
0
0
0
0
0
0
0
0
0
0
0
0
0
0
0
0
0
0
0
0
0
0
0
0
0
0
0
0
0
0
0
0
0
0
0
0
0
0
0
0
0
0
0
0
0
0
0
0
0
0
0
0
0
0
0
0
0
0
0
0
0
0
0
0
0
0
0
0
0
0
0
0
0
0
0
0
0
0
0
0
0
0
0
0
0
0
0
0
0
0
0
0
0
0
0
0
0
0
0
0
0
0
0
0
0
0
0
2470
196000
8274000
238784800
5241553500
92598638460
1366872807950
17304324049600
191632300714300
1885331062379700
16687225799347790
134282176507842200
991230382435182100
6764156396696149900
42961970717838089350
255506358928365640160
1430562952946457797400
7577208056418272898700
38134538969969487297700
183092368237637146846600
841674371029934928498540
3716884796495479771303100
15815615643082307164207800
65021748338227101172162800
258930168811035553090193750
1001026242469344547698228620
3764820282305344679582512750
13800475200348077968182116600
49389569629893942176770797700
172838578210864613474067597000
592273333798359874687599356410
1989924213094417585660399359000
6562828780942086653663849412000
21269075490719281313435062513800
67800357370634446438166171243650
212778663134847253467118718191460
657947849362814478309901339809000
2006077386458091686687365111910100
6035260852550908895346594648873600
17927193435988608180589128175540000
52607892765378059381409919292186210
152597370735509630832386474160474400
437742301903140260401577603831434200
1242416738845795415929028120662613500
3490446867653649599596432391840604950
9710337932392420202397177446586135880
26760238067318158086376150202176003450
73080216682380402641536195922216947300
197836271195603843057726446788321092150
531057080431130918213123107700034953600
1413937909820903204110778758609583965250
3734997873002885240131042354514297797800
9791095657548690029602962892934709110900
25477494840144265073670747954171818502200
65820969735239407930787823590137200561850
168867508192140529557087003169204969022280
430317727767572479687949726991513488983350
1089371634418367772746588669082274127797800
2740214532718564370283794817835812742200850
6849970375272080197852687617543926197859400
17019963732803678807695872344790280218559450
42039840217628724004131491913602765313552100
103242708095638088332490060746833789289574300
252123885998543249700824364578708429040414800
612325567570585418676951214765695096652704250
1479174645534329399739346946938699823612933100
3554492020595173414820472766288562843296687750
8497803765673849049378639163343833467071148900
20214116369979046917360112114444732687964047850
47848411141433673321339670952954831548239967900
112716846277381348047795282789040730425026227490
264277820948279435500746279004789036352881668100
616770371353033010044845151733571737612969582500
1432900010207473055897067159802230732869746705800
3314171976666337344287973714687201067224347973850
7631970814757738211381489676747539382432317642560
17499886697237564517681721052668973563192359059750
39957998840004269040189707803276361091601728839800
90860273666408449579667730198252112027108518758250
205767543000210439069403988484889204610256598598200
464132338746747019583888942284110442060116229482120
1042791484553134573312179114024515608380814901254000
2333841647053423393725740364739160026504797622855300
5203435665553940657683708825386774078918358577005100
11557918394636488463687262487671461905728386970670500
25577881545090546595965160823274465427714887419323540
56398701298562241126345844589540730684998161305656350
123912898022257800201060992662803217137665320261994600
271287234925334692053281251619735866504553766251628950
591874305954612174400238272991915901865771230386626000
1286880061363664078861090538402055264597636774313714110
2788532061947873568505067738514424051587586217209970900
6022296147698671567106985884098379374689826182174659100
12963336330949575174440038956576630111927388601348512600
27813678884201304032164306760051633152938768646985553650
59484697758529281272960693725863484117179860290410787440
126816261167222776958236469772555133945111926667352432300
269516079352299230221415873219698940435144983365427812000
571019804554264390630728547774866887478509680814487185000
1206120393872270321815795255831999549394298044223806236600
2539913631739192859961461961234781799322278149701459375100
5332752238279453130355610187473384481980024832905385492000
11163567262580704903374796392745028766878659058081640420300
23301735687584528163016026175181448083111121493978963589100
48497731123403909394338040837218732387969069465634638718850
100650573355312355640849552808571896449744725508650357953800
208298537883923965739428776991492371160800558420281620003750
429877225056002978422494434128828503108532882009729192127000
884715583173990202596052586018161207311349505283914137577050
1815835065520717043548236048903205473739028810641993301730400
3716847538905485852350472672151919223860747691241479684802820
7587707270384617843127877243403517585050761263684018320546900
15448823570298362171562035346210214203221307702953248403948200
31371880748258639387660387660794396144365468247020023850472800
63541431000331210086305605082576953959465761053765788762390900
128367609196332471194320534357191683387294031331114058132905400
258670209190179588586447985703888488032977381890863970552852650
519924281687754844189893037772479625155418476970019596232554200
1042429019160295936297308770732990528479473192526811595209737800
2084852509262905866281000037780970878855180792101722218428323200
4159452300040717226931085127760345992705503885779435189280839730
8278243947025743361779889997658445919611876822077192331705540000
16435791686916901197583820388123892230759803751408242190221592000
32553840867716160148283207647390556287657127472670426760231958200
64325282489886197159959278768931333128955624152362245014721473400
126805322568911901412778134616497562636153550131573236517972301540
249389314010137352031109851657580073521357231960765082123633475700
489340143398345520210588299703433676233412544398089480094669787400
957953393032082252353701101419369409081196210671595760169031454250
1871053251516040641811292083075694384769089530527824411508353498800
3646226752981362494104003861886730833788520467183124018319546010840
7089642014727440570109522864206246366666896351386439666596617098700
13754196624413838914044311755210177554699052781109059107265155195250
26624622245404988360091479300186949284803125246819377583752782347800
51425181996815902350399773268753482489493170141341533001357737625200
99110363834410371683466660702019035405241537112755327854869141528080
190598593735853374498165287489578726458465068200183242407943494837450
365749792083088789575836525180134311722869487695905625233798719483100
700355420984612738488404553219194133940255245856687612981070633929600
1338224578770951147479925677815818211764075894758873783607536918199100
2551652665689333873736885517759930298803753662248088159321355186455800
4855142330821548647244438298083380111611797058128736196801091019938400
9218831899277077865460560257111672094895692732109481765259464165535150
17468229108076933414528858565071484234752611502460661568662661998557000
33031349368523148735478704921750571776458332805113109377921874630717950
62332345990111741110182144663750138804730844889127842852633481620181680
117385780194919018751524916530073098836432305594582281059169166764068200
220616191752069441256078324395190087359378771156175497236393447252094900
413793858377858717691733922132471736338284420010466692594509475682142900
774569209251120327652831596690045219082671470845671326877106503663399500
1447006879893712451752838488838033749803329419644673700981295363057700660
2697861626134041461019435877054504214973593884833049908383271944774011800
5020094193298766104532872055257255848491951103777646920116962241966510200
9322909734851816135324552185211715316305152115286196093532041441010128700
17279958532891790365186427430195444986997800270904974685194768092377091150
31966095270494277747456019636691250300811585800997869195208527253938183180
59019581266650038709798361260337255383969313646653356995022843168159685800
108759237761830249077335706487228223686096478839054209624201801942747011900
200033821715216745887422410698686050104370302321614717510709835403625148700
367207547872750012943154238228364710363197963415333537398930728386416430100
672812724561194665501107455439163586929513445644913881912050666050639215840
1230423623901799755210556862882858031796545812003890834290055518805041238700
2245930583435870875147781659827842592876105282937219343326878090265912231500
4091875744226759792580657133675087061857224023882665747115386746128632331200
7441082555702221606942932501379901902288168521077636875138316343360576544350
13506425449310050205318123526320382092172822377078809298935035026315650886080
24470243401341049848149981505602059773844688439837472306853855954413231048350
44251965084705805562880069847675357425934395559215081503673576851789951949200
79877781548458925778394260366542956430637680291008358338521112108985070222250
143920033049138658871682511673759352699254047155876364448155845929298284668900
258833744222735512939556684153785340025051249704960721744179330609376397191660
464651565597933576508177947831138120158563037255358890020222558935944969625600
832612957965104561343107537020611385226654853614099766348829234020850778359000
1489259820395183901244668951622513400459715769511256328549777064739325720798400
2658958337952799537576284555600161038805697540915013747861635691871758841809800
4738800920733205652021174681642432505809402612390699896836287031586059679569480
8430305216129723351066765711035083489411784251226934375558026892862702158963800
14970557710562113010757251536603389031545512558421676161992218375115089198079900
26537155355297277471969519732216008197023032172091674745161289562794373019127500
46956339410109046372326137120180721915334554562139454372929425421753137604616200
82939090210214091163984509317862502489961914881771299237960135278464460166121150
146234913852057752077970776122592080854668973805827866832987318183715513856429600
257377853096485565115758012822676814846175104731995637090759173267388630574821800
452190054867069668022348555606561207929779846780929897292359580086797982267635500
793052480381743406016296745436210669163824982027710839921036589205020499679030850
1388401940616043562577224949358507081156447078595244767317273333565931892113086240
2426398073633875093187728733191538487286888292934616465822761392380503815682103200
4232954123261064750294526638159894648864061270157520907729159411031385016639818800
7371583196628538548992052984520533401015831582479594831078443460598855082256262000
12814882662162624567314269280854351762770685656059805536902546595819206161022511000
22238527213004534381038669926367001781082571021146168158432678148009736011929420340
38524386264049611968991368793716544802318153533794689789338201453960255331013534400
66619975526524561632424086479184378378172374247647014686481531337943261190375190000
115003982142973683260879437309059053284552447659738169718537076978264675716093213800
198180772016646083937188515753088993482128366953632569388016099226443874326368807050
340918729230349098968307879376543234190601951962733703805758202227116814588846564960
585438549758994027477878693115214513725417236268709116036691557080569519864258518200
1003582794692288234582818704704569176617024657712896415882596415094894634341882056000
1717381505893878540708413858854538919913900575444181231371957614275681174165438811700
2933743978491927469614710782790816720135014732103162129170949816293623967569222502600
5002874288406412622599888025131826816924865340248967723571503113966435749420803557750
8516456579120310350329665056498363858227213146523438589244564714746042475169745929500
14472387827020611538125236602206446257506852963190841906458905384470385694941401607300
24550662856629442179895661583248202946948595000645528660608493700478299203578662955300
41574574847411900625107273831764615110272075949335421298372859949765070197715784376250
70280313251005107072086008642445187478228238276556082972526923467302410957926601516860
118598849337845908894109718870328602696162141768559186402754280199876063417481469806650
199787236286195431073743481294541604873311267543749070892396608398703769613100660070800
335965719266735221820378357488458643423543441713134709510191503988431745530666951646450
563977224088674887188771939587358892186546550098810011376709614581896067754125693405400
945076301975658805998206515413817389637431615588380720585794243662626623784057382641130
1580920925226542603182663528849015689763977531268732781514305646770933003847881354128800
2639918824329662670403280154212972207445320374374888824832961589751494411330614735479600
4400552999655543559467183440914375927041256076441409651588387577507543889955649444668600
7322497454320252427262109583150658584800392172522721463647314418450866469982151522042000
12163132830027547026995175582977784045684483927900442218148098713534880731850421165978840
20168091234333956029287357823032674074803852993099776456438338602241993121748340928396200
33382286299041210193861981173542857608402874249960299785866935942476342113764085156030100
55156667571538316548380641046180490635756107819053349988886141248778580846340077133215550
90972321173398976421470578223286071123943066038927330779874483135141026345769460117645000
149778137094182057652647971524819398403027901977708046077489794487163021006585961065952870
246158006698209706055783630026463637555498770017389360024934083082125138039595379619719500
403835344356850076972103186111128926029351833739240072089606163553845096689362992184328650
661329435196985540519113534051407675448972856039830220391431474635221435246630650919111000
1081067518777119518487896532215667607251955903742594059093929120607701245530804019856267550
1764035900651350903146823284125985885964698286910878946182811563609258485376444414863049900
2873292065814332883370657666014226204211782873240451708678239903622516576325812036450294650
4671624461973121777692306322137140376450987451481301501259587115486302702565447859331062600
7581756556158205956365966475275948060043011991920652882223593840303552687744006187284290700
12282404520683523147863296867947819354395555948842033078909335585779082816879716179379834800
19861242716109867646672209943651783529623706146942501897214589619058762085978348882299379320
32058015553093339262286911195424561539789969134279532007061196454582847945635018157014982700
51650163720636119306747060156465461582216545337269368006797968528787705349714179237212925900
83063303434405998388969303508628096227211373808665742919336592180621669051146343236992815900
133335755423668120693806563966769755539688533145583542912864895041467703967284542858232104600
213639427572468348969373047535588363595507425660538304802558509257425928645277788109607516720
341673175084556161481145203177514179846007193368578030290630230724879682844778251526163133600
545421591117826148043176874549343012204279833546834020671666821736873049126199337586492567800
869046313204885695912225905642606193077545693144214474780072113386867761104864571177836568650
1382100995902336544148981040932709457302541700594922315288955071594751631785793449694894445500
2193915682717321625624752243143059255191559075848987519341938635989934364389175286027000528920
3476004517918637429203090147203512312126102922860337372795474718743383102460821902842485412900
5496900207477314851523976837285614085729339805400573124366255264377184381617689291211068875750
8676194693951697776029633444559528371066657669835223894564353691252589867265597502680298288500
13668201015655066783720137159494758867882519244654667229367736832469894476410274940667550717200
21491201419358365910135001679830777102841150973945471272230266932479074574499764799817373029740
33726700702643645637550024903983099589152462516446360056297122634829066214175325565192406932100
52825951538412374859575264768917487908346858875060629126235851800271396683812721495968559953300
82580499255496357609175078004230635730680763648988477268291599374222774591621689027607466297050
128842963626119138055112667368658707178312729609711229912906563908375754988118691576177528830800
200628753604410053712195344259457234321056689855887421331088130864813832316884536934832020152160
311796384115113196042511855004893462395191995925685295558942722388243440947140627755527483066100
483604671021323206949299722071763118291757151147661529890957813794407935388332420495054325552200
748595853433725631757460066598981998059530831953996413586227888936517658490886767037004608120600
1156479105273400751321793330933480623034371409274885726634287424036625222697990958811061729239300
1783025087558486897415645096856230795085365815183084918507694530336351768074907872380543968843420
2743482379639339011263935471435929672834821777117977369273983633829270059843218796039961921604300
4212768985706367299668076479828951748092637846418587920593302467815231451356728120896337820063700
6455791166509504116602199489668150024006032274639720205821115647324404442280109862754830646893100
9872864923211753457607888985847126498988355124882670594522974000839988418913328200005043235087800
15067606377850605611856612801561707618626355072309657617602426868816067199693113102791731441622710
22948170354528308177063161977679230061341821999214092868914159175559255714981345667054350214098100
34877865097540714256375350062996743878416847754570205741733591251224166823662629715325015869701900
52898697220760146248718238202514035752769139453800112421417111020055445514736016739287822122180100
80062373832650742216312752076854809358593853259392468253591485021588863864598075951739928627797950
120919244611840310107118063386274476444171776727126844023959610790676820582998816343277818130796960
182238806547931390821651586061173425301119434755156461230221941162243662041949165512139481537051250
274068862587707133405178163143932052997011465532925995389221213969449342455688723489287879623006400
411288701386307174620325575325700479007317381545645585489795401778003716626601374050189545458874750
615881109146851573153219187514977541339236400202418095052427163245325803415228704354997831513736100
920247641157364876922362119091072316878866637275941516805883000513430049111798043837236853088728880
1372034080288564455300012241778832001738751750387019073117956774244384601405553805658964249464767300
2041136276574962302491319905057218752857180509279383351761699737174271594820405513564115281962089950
3029845681266904780681102970178889169677403221338564847375450979279507493824144064956022749161115000
4487503933962324925279681116208141734378159406746916309277476821988432198086395367156872829177251000
6631615713176663148545110840872385280725992764174198969854505535836435055048845030174216127987197240
9778186618655266786271061045835172897721907934980003028953051770142046488386493348124875710836921950
14385202123416886813123891577313570919651343469448180014308769699937746657992013574043896396206014600
21114774324684286068443006396412076431126815474662848022600244208860629441731970970510080184111140100
30921733697850523466620239752618570202792026101129443831104209925490950503044613743495596278173381200
45179577728357798424764269294850101893204068137524925210635944727289026690701279910088301479158032980
65859040901477248450384718054165981159868738482642645535003596208201071470726814528940150192315830700
95780575147912333880857395800147562852903480231204368102438855395789540952745828192249220007489472450
138970342032995006935047870533564317934291464669527100682648350646803552862428430912350298962258170900
201160749112541581580716551461314131503873011288884576171437996080083613645374660046216626194259447100
290492231577893698371259152197704850205881657783274617566711885426753539780593027103339124382861180660
418494385908582150657747161194323320241028382888624559216535423273152937533293421840211895170659394500
601453706506527041258748042085121764048357205050743723233833078624915356553054146700488735530329571700
862314721113817532930988564114966649924549550986427254823654719541512662459666418313320073478809629500
1233314791606739232578630004326388995290612335987353176711462426543568529586086681539719716528497920800
1759624893119066517478006658110263533171855716756263470197669460789352474543530869649042918847291001290
2504365412744178541886932923588423281879615151696059992575338139567969124638949337196890882478275456700
3555495404138441591514197970544531619092596145880560049420097441519417465266996970839764740937937019350
5035246191162616396131194199179015116624683126095382835109715589881663968864624967926662558639467720600
7112999203478088099786103658891978945800721403796854457165056411922739062790980230037414421026947511050
10022810826522178431525234426766320105518844162985928370976774191015138627057813902184749264230620176140
14087186165244269603668803472431183241708647536117605449133907646325694961298279958742084311541926429700
19749227453036644563428052065484270663462131789697593886214794219126478551590522475889812174650699167000
27615967606078304053832085769907375254961414066834469214415408706189490760632173541972537948482859187750
38516590928802381154414500447938369662570356922324888536313621414007035031124765908925022418109940733500
53580398818996829990737117644790861375132275536687817360225409596313815256422655723636565803723289905490
74340870540993411949607337740209410127897757955028188914428842271161585437740143582429241380009478499100
102874087313017739818597984255987896929143649741964140281544529651767061292822549157004779328260608820400
141982242816433823171206214893882502128181281685452774067162551712874838114892429904943116958397087070300
195436090791660472353934451813425691587778158744500107177900531588420472305414446132855191924459422022600
268294146620415610193794705116437466245606974657951657122476399623378337065623102366861058925878069379040
367321465880850563518185632691643441884632041600767689154487377204341322702746830675196718607554340356700
501537110873637609947393160661427078667630575372558278285962723168324628383887347564759427277580879148500
682927275119768300635416940712568858722135441692218516633082928158777995701478329876121930414009186180750
927370808209747924753855236354595744215913348737633503817070958980405085864926216175757992135860865976900
1255835971155205535508856749979461377843814900552044309523314035646072836167295308179707292396549988601670
1695922123166409366648998396083914084188196378278335169523175988453546115869720278615452348548152180590400
2283838232905411133662254139688284066684601782375898649652461330780856042631348365041219279205860330477950
3066932233583448660925719800121218944323896571293919621206240351655731767154443355429854865413565224112500
4106911990682457218501508778505046424186369143377732545007695482317194409645215249368503045244035458059600
5483930787014207493308086491276354928898411404079137249207707504590093593779191955305228832409220576729860
7301748584484787237401995434970121206003788328542919519552409020822801781749016896511968611651785022100500
9694225784954019102240663365470477044933315783331278543565721590476817322467169334702816666372076839200200
12833459712674497573714662059703286280562731138633220115561236185343961562978270600285312577516701190280800
16939936518577755627336678352703877268189227519241876846617661529922775603537515261133447971003729423793500
22295143576941252048255967263332889863905068446698477770367868212282319702749520953796570713927008659111560
29257170546499646359463004345854163244464248968665100155566469816524458026635461844340139696869663532571900
38279921799087231012780217832399817341771140082178856349741937924056557695287008991750799901794393378749900
49936669356495690547103931762302405838436742606498706209728161998043386385399130886904510768512178265607900
64948793978245091710105908089887330537351191201793640078770490395296631490055361934131003149006644177295950
84220692331500666107890121902845982513757761641473771738621164895531241517497750175016534376527548287083620
108881969400688365960650941638101752935215731520810596685824010955289428677447785344927784270666005058136800
140338185886006909320930679619020108920881605359297087661921605387057834845430888666054872452225437408428200
180331587832263879773675087219572289456147831400168308387751885710770083243836793256501825143765114768330200
231013406584785344462749199961429372552554223076848070601722527495077743401127223474423319296695968148164900
295029476590592237359106185147984088767643933991390140521395039953205185206855709964928173465874451306857810
375621070309095805899614040511521219509139848304937393343213701343786791316786584102731009801728142635997300
476742985708192214380265543085798565316261181942382059536496605948344268968764104756057901339807227505070000
603201032874336534960003132602133956849923631204017896207820014530637452106891806747907384279377076344010600
760811140661912320984891823899350814260002156476009845896231120326201494879670333766194732373714613902885500
956582328630431352538639489838808141001934788701389587929770130097573630834690571530228875194674807261561520
1198925748461397192168285661005457798941622356356814562979014079228672793210596732516095164856260548249313750
1497891875548298997682874920786899689955533973552182006403352981312151251515711265211359726249377859450100400
1865437706954393413552382563273339753196098203663796425952144396324080473838803473801790485372342373262269250
2315725476783593296178911136301272158637098200948797121489457773049492821504480323263025919020807972222520000
2865453914042300105577798893316102497764099068173780352953280537305149989081034736867010797009869196200496810
3534222421358064993480302447952761750801939937599130130055342051235933408725530928232119330350220540801503300
4344927726734421237007706912728184142181977281609243297730680612773792887468462481564222318590876218238629550
5324191538480132053256267683784429287770978983004822550681183604214695849865063569750568619588968057459028200
6502816502870903183823324844117665257044442551631642824065436445703953168239226316897162176422674436581413100
7916266317509053569827904056041242306967061582145473444606931585569691836982492286185913491809853693563986760
9605164190130158003622367615897734448969492944170984574945644316915902434326965397346406546626744080523911600
11615801960747373045226574718748342738051611869179022978491378745447712056418201038103250535400515174871828100
14000650142842027675353132400982957136492225296578920507937514415128267063632922174538995685866805322997585250
16818856917119795468085974970617181528482606227698973905501979881050948515652846428528128661485553907971233600
20136721772946862604764699972035999180701937970791023341123048108022923549863039380735181768511435604452275680
24028127096393152821192492846691173320635828138013892515654078552118731223704714279719630251180887171554589800
28574908623638443744634706509749152815338299314920671304050373797128882039029069667391333230858704527845112600
33867143403646714052759541057146383715222233228046562092081139229898011580916412974327936216880360291434409800
40003331848713909733195333312492123962334326087601397684670161418061551808869271956039134309003388552607951750
47090448713467922029741312897746789146845878386612891806922159755352198232129553417222209558068047691696476380
55243836560974391394278616249715694504605876303329862014855454739709026591227069955027336203903547027872103850
64586914585284072814735794377630802014430797366594307898458679984890764469245615434988239702300113767250529600
75250675702735978371848166902142547083963674163308252980966975410365197562470579935330057477684868839468635050
87372945736930661772282366566000724767413042912403589896646404744548767247254722450773870782138884582245489300
101097380432956189095506988175912948426413904257680336417812064688950510834768481899623758382808582607940501400
116572179057423135550001917717423367781863937419033806545237637941358333001888298496895681521096829457245806200
133948497560258360659743621510647300728582829057653299266056522209996665487800646578545411811913394979748221700
153378549747817034576214365092628134919340796135652074162280098079782381474578432611608184485300963544284949900
175013391660083336974807175984004825857522794707430831088550173686945494299654937854970811664601609834121737150
199000392324960936343561046015979794623795152116351967236222239723273689783106294715043185190599822483801603220
225480403192829391821924462152123510181382054265503882574390467945466683898521104001466425920571411629063799900
254584648688105134433277223459773728646620685716845234321140996215494600321741117930120792139423837636894677000
286431371242521118977457261331602409796026012182840577778199954111734654292927373901315222042604773687621690050
321122275625429527531118911244812817192280981523814280700545153417400855281380095685492396614613172472621840400
358738829027552568684785764612953412259422853424591177025256681366775190257358094887482059885797401629583806880
399338484799677210656404308713814898210435618615085956697878552504007953334216154718714644627005688871256985600
442950908564953503022876957632151493369195631947420398147298774842477921224028211241420886644967938135009895200
489574295148234232790344426252410340643272972726569519576837591480825355939261814906088000611832772577298181400
539171872917094371504574594032550006955343896108850548703539918181262483893787682493130027134124785785099958550
591668698227660519091921491449645318321194292385437294311397923604074828139698350153365255915378970422728874500
646948846258128921397328895230247125973939212337868405819180482813334918830376441003044516833104333163116461150
704853105183417085615543529407760628867488021594537295933044994948655472933923357579575225904480224763701370500
765177278053913814764209511310488482074509455710878531300571350189441087479342272920939652498634583040873757150
827671190638806506414545671086183092741940987643871260425271838396956083034970819432182179386553465693214058700
892038493740386774498457821727547916250253178992538149609761597947413131864740026735809386104014785041164523650
957937335069207274846398187382676870711958077369687702355844298768796835887572971698344815772858038840640629600
1024981958821885589288872548722278370104455786754257737912363111374123427398789931939521277236407716706026848500
1092745270904005312368613457729474039410816982982677828404820779376138211936210774472155845497666573091399260800
1160762384720913144146758142136225586234524274069359204167024823887202336340865111575651368252000443629753811650
1228535137195253827278179882455117934134109933529598141182854741922297444179073553670113431882805028107216354260
1295537537869952661434248665951848151417900882303961452374281463068967427124053851911171729939080342777689579850
1361222086439204027704786340026389222043740270446553929115844272636470191224660535042066111506894848185880208600
1425026866723193068230396517369298113354815061896563863008715729840350088108672843879276177256431485498835750400
1486383298922574444611066363137359466125334132426628784510647682965669656271513308983236899753082518707147187000
1544724407929094867870689507750730616692062432596437778268464688402202972464345257997071792567525334222588406710
1599493444476863156763647813272534527361652130940841861480620486636853124677912752202607542541796475079601698000
1650152678875511406895342929819929814596950132478231115521461771246621105440107242372552234911956149738628113300
1696192174745164996348064690316886499961369706186731287171435295059088544481433588210774650326429181520395164800
1737138343201688201250135912766368287957624124018859302223183251595850506292119899143496883963025498178965769500
1772562076768812449201322301683082265675748225585390082089154960453165511125840733442253701619006486838215018700
1802086267166949733923893594766029291430418203803407133592941986391764240552954994086997424230088395773712476850
1825392522070329078813581347912361015805473815144813613547239703628023715248414833379150600631000560036420865200
1842226912728231513645288965328210615502461085919367956001523251652177551164697202373418608484458055832803275300
1852404606578528811366837611010685386819229574684089307623017901504891833032981089538148202869245906132968978900
1855813265993490981306301647164164968630487308485092207713394246128751511358756442880362249240768589096649544980
1852415125247813935174995210886871118526606141124167657226728680224916327245903274214873769983029071305443907700
1842247691685762363373213782629558583940463795438235718781679584680168168334561943462782707663551214416179956550
1825423052766493149584403210413912540164127377430490011148069376163730991309098729883743102216379292711611325500
1802125806987399654676062352163431480642601688508703490080647108418236293200768795013878274312757885309410452100
1772609672402421167044157304369435007631448081538700471862150069019211229778888226520498685153576559777202587860
1737192860368266108480247647548842145575703399397056475514794039948993030149046136844562465399064669892509536700
1696252333143108023257358061770671934960945906147957744719498518603090197499599153290744638583653723612207551700
1650217091026035859277150902003865373813364394629952400046919588264162732501230810401363238310433146162659971550
1599560657017521274032017586178697587441124315953218907450789556897468714203623486179487739311514457922538376400
1544792943849334008462288296469528533593132289481409593629709896183861342786522956205454470930242256932312263790
1486451699239397963559018469366012660458922133061788601941652091117901499447545571514085365454362427608471398000
1425093730163431382715177499906914817047005944106968001588454583244138747471557922004630462155374519214080289400
1361286105821375882614876555892646315746501411779332813259892372600620822734219059625686799958438374572859854900
1295597532055363157976611445553847961776810920069513159944234420011106029660647310471468581482390020702166458650
1228590077694830973036817164546950437008135047826261923464142685108440516777202640602197231453215924306426868380
1160811416289757431774036551258814711463984140319006680251701916655776006760453033610377590279866734234855053500
1092787725717259773486326796616130241021019551684861567660553042224415576392181515684177522637614148397688636400
1025017364090680887233992540838019982983247148531803306974025345909592888839381712299460165306907951823993200350
957965414211937034330677119494583350524497201354781372345079149136564153095725643429733900802138580299749660800
892059161461358399776041608901397605870825966153003942870853616840289828680033736896898380762412041519794019590
827684542473940005713422311293545147431806792081248215839903899678072257445595583469282432697303508760634914500
765183575114179650027115950259596943404779067038517447325908688095074399709146553943658808360161626653816219000
704852754955931468499861124974820793026415134233549010832626080001988488341698982373709826565661900786232115900
646942380409456816635363616920955456358140248005249444587251906314635447437065211608694056075580515501651606200
591656748393460527209148557220756687141124080768541536794403794486321636795322634949610963090818600907289255940
539155145458521330120524217582177587234981583097843076695967464056465940877992957490366587834802483055090715050
489553545812175123090492461602460488395982747657716047539459589810281716915921890068137654333197460694840468000
442926917907476483848581221448427647742110724882476900137614715019810615485009302699722898130218136227569170000
399312035126468669678929359426762333364875234929359085233406186157017875851470501471114106380204252917787850300
358710683478794263409212873038151045606223805099772237553744341153547378276901119377326027430468667279013004750
321093159893027553460329281987220706899498072395661972599266303158096353508648139981484728792247352219399379700
286401958262238725941641966196159503774017879279076156735475837224866008407663386210410259561645698902645802250
254555546504902935042338044760534022508625585814910730820782783802892800481180745459427681380666652905272990500
225452146060739587258418708518085194653074394811278262954056592626756518124029578163651780332788528842555502550
198973434978277520039561207651716860065616395185400557239839571551562985445594029228856528086218304900173560360
174988106584548331956970930996924349815230101416069962592480497130439015616680684423866338791061685950002102050
153355227191612088766241894298462181262591655737505331372456978911369854872831220962836753561778140555977988300
133927347956539682906331405290500167176014029562784278045799929986316668690778539852435712779114369564642652150
116553337483280743972220522184160468824020605662878439056319455293189757817370224032279124855949792595303909400
101080912703417716240236768071843444929009576697765115821944439323724079888722956352531239656314625359140617750
87358855725474707226285691208178581255199347342868895479213710087308886221476552892743196051072354633210044000
75238913489552656853012051693113795992516301236084909803843565928696295549626723292371192120480477623661478900
64577385058554613472041538409834281284395014529725076621642165197684956418362128646598497194516282483109758900
55236408131779406090976361870886232718566805665946205558448640704955881599381742782073630153535641746335165500
47084961848511072938486013808512697637740192976980939350733115297144513154225046601756435418014198426846807000
39999607173858721439917366936384870063361688391735160541030018943535641692259993215121401123604031667332797750
33864989182500727414629834157661416478247145636892356396434267573555931070617287015514057718570160810894603700
28574127466577026780145837224849690513395304214496314679879519540659477569169516503994266337752739773542996300
24028521804371763593705755276231158061253390895672389886259379723920828925837772004350439570441795035079835900
20138100265507067691145068807147316045962997702948731549758034564018824566875050517197668138437300314206328790
16821036233893157807505162003194417039710219373235438667144105254123419729360025369875990168537585768508825300
14003459541770434595158197324149285499913072335102456552992513490604368013051274671466436743389680282456993250
11619085163742771989531188808315681503075774033351709253205891130791185885940608176579004497140328493983578900
9608780847920548296441739975652278621308054979964524700982434641102334746271572054135715191059206587386100500
7920092780189560930331253141655797311358356904510647704179846052133016401129918973310274012050331538216125140
6506745991664682467277666986668137360585439649931487428168354050722739071831178180724998363374040937398383400
5328133818053598972219167736315133581754550440604962500909355825145130891921366487768854346955566365177859300
4348808376857984107628106427671560872775504683042193946866234148670365382048624027132874025981372119972608200
3537981802567668530262984032365781051417539115699096711054549189431377868932217766993276362877860751667863900
2869045915058247937126893985929297825704645480652089590674025676611763927152805659399282690693531825880622770
2319116122569803173368460263846683152737390950912950703554635094717895817336460017136471702789564659748617400
1868603696179969283914003342404198350650101587605207290253925251577208824113589365963050811324014099587343050
1500819105486555756633234885401670849201986814629272152299461760650105071763439211264139970229133507896822300
1201607874574076213318718112273450159568254520744582724370461011771227113826455680088008241939587810331457050
959019395677846432939251622520015509189401561005498153434947289110668643605199891066359918660502227130449640
763008312490633338561241232292835997825673908918963027412967601692968286963779817389602540062431314957517050
605167439301888942872089721256939299418221112864566519926504526533502378167437487008378043955728962310961800
478490697298937490907639336740364320391267235865871120972231872456895063777572498759809844833701989475464950
377164205388969838461535586503170377825991230382244965159966941692309616310851798018039872859841419696398700
296383439587832513201771467163450521383874602378096051056291826525285837850950113812567484072406868861113090
232194252664743620287693161176030465589050936918321625429393846316384840956136704283266779400480881362022600
181355505733896626626965167698590802248388902407626226357051354306853065629428695520780571727092677924726450
141221088756180617637094335127391356629322400067673860805726693469748796005554986771743368955211670384120600
109639182134750483589599092153627806978782023078224241986479181615398752084150031746717741558736157652231600
84866723332666287078268057253186740318432442665955901531892418145307107497644153379324915002660857808061560
65497179212936634795926455541214035764565148179759986300289861920788219278357869974641953049199469383028400
50399876982925306925747580368364117300664489248215740889936193650315183781949305740435168631912999967689600
38669306367633608569789441613853298175263440069735111840620216220304894206182311864876240445967458574966050
29582966711466456089973506807695236546357864426339293135940386829964232881363857490850102454920361082539000
22566490333295578207864938383788521157283302844657707438074080383708338058860235282708003351997161935959770
17164924112393739219485714212198759980611091227367956756314512210018097563279757486272609341851687276839300
13019192512934162414542377190131215369886541464840954659758511850145368337120087964306648365440290151971650
9846895503332014017718109731427088750404734422473203282798581300219545635045174053821144027189991454288800
7426713257204354981939678210891565838143626838039992383085951899552716768614485433956791013296224678530950
5585795867830635159791048626320337892863763345482399853789862428244976377620582357183383297820061778641600
4189610734435650449987712061892461474321412745849858558726377182105047699670801787495657631403350479926450
3133803270670089396711675202488712067152929555830596596218691219614236286074239243672182517648637730562900
2337698847164804074082780067449205927327600887879316612876756025174165870017192085900050178715541678414050
1739136253920574476107921789543845617700022271608637414032680409867567269262720080412089868258409350937200
1290376372249450504999376657929181649170058383679598635365585775036900687121877473693449748359760854391390
954875122436506475019013319531880861904129510873046399495568601331741879544538056218800038104587612965500
704748031885797878111354869495283484123842117138626360345715722823754264882336516775252649595874128782900
518785839146930405320976414930811725327454497721880638835958108534033141521547884984559509513832301161300
380907243816264852103287485762019062120311641589615594242523039795558190305621527604429244239466536102700
278956993659916557202308437493843873053816265830069773071489719027299434174894666501192269968907651876700
203775656433090148421021487537396106310586293848044948980834792795131499892327663886803044127993848428600
148482266593134007862042275794062510198148680552882428878659410574579959798750923844072374632285890906500
107923103702702825627770513146309568182509865595147084464963902376672463640552063970314078113359740152050
78249616339599976979741914399649857343385543958722335655256149689462675769470142259978224244412415666100
56596353776706434376702931441872476202592465165458735462317046150753012851206581362272983121338474084290
40836049026065880360017680916441943781801160220288102807339544163384156582604856339970740280572790059900
29393999294834791745961069545926808112168006773025523304518148266052913813017803114803306613126488969500
21107854830878043146559407068135395151776625636153645221944225852442739996661777145721194472636427435100
15122055106342439149866642847571058417059951473711809866498516798608600214983912146781190172356090208150
10808607775238426476206923788614176531425287886521830916375976300194894139073807919479459095896302326640
7707826447714536751512408315798288090773778766394804755805374513337542992656346677348741690274434440000
5484138452228825048736125509786157819143119689064087000472947474062732729471152029236278060187405949700
3893232739174435842648186924788181835511814282996865186981429897435991181298733850911641239749132302600
2757712770575211654170191401953263060366044280368023781677929640503593199749306104187865267003827837800
1949107108588589294719613875240980502221378005972425854887988767649497221173686197537041314320510513670
1374617171165827880453674104226325809143121068244351681481010041756184485765822887168621954775584821400
967383432148882605873913992245863327096757822189962297466503714317402835379517979460418299955961991750
679356673111117100906876711325761505026938034827772937559672746036718477921031512208020852010692108300
476092042592349330230293108763459455846844196042273881704092154250749870411064341977454447880313042550
332958025198810161154536373633081744649837416465190524340445824088482516169339395321659057951280673840
232383452463479328926649778383559616177581610369979023765653511617706101100606042028841233090161389950
161863813297459618316458364372453045938640221394318039297375380587087588210251438626286602385138776900
112521351465849383736301021404691841911631595351846606191780155999332084153551285373339735159559267350
78067900872581726741146987767330792830101655013046664737545476138270574154708976610686629671061372900
54059779835881912125306620090120038557699662516889853641762684270626206080449335964557868233871919110
37363891065140914658900699603013195538560702161904562223602008256920606105874585007201309927690451100
25776137705617576346828655340920599903318354848481224616886129273076441425179601388355373899761703700
17749388477852807657348165768401270120274268205211890799673297434140649248989836934926642704531527600
12200022932187293749391848070743869451780194371828548140873623701297106165629757404440175067685216150
8370694648697172032112104731644021134273396747089794898223578752489385483726790678407311034327259500
5733210030473081455570236201846665706452166565565128517899596106904052569302480207223712319354987500
3919959638572195956873460528301444786585441109486495171838013646761313099327828973398236204363586900
2675621072468252774536013043482841297286307559417853843055452523941983440967977547970255204076341600
1823218615189847473816037430824601811727719081497137961856727828727122856098026471993420747380953100
1240325983448506035796873738402687352249651365818605436931362068069910902227841122181650671647985430
842418101529682626681089170766689141689493805432307406749594412931981262420616414152464861076141200
571249781508759572919351909433205718589806823673337914915804194412901959715023534572511963230399850
386760950787418694428146065695937789539717361122311166752129537268095048369955549254190521843380200
261450248392200800708927577231356547466673063923666003175341279194427631872970304466850144402882200
176472466193965967187538587326723105027578806997461737414042807125267134913404859916956179744940900
118937232071567153034180430791884156551928629125659221953053678843799096160662944228097015692673550
80042955867600148448421259806872578696430299235817410124413061465913113817832689679050862073410900
53790327117214870109322693947048379875077939913748779630403128140442323342438059290751757564532300
36097098577901995210743639047766592155440469445236828507801736734271312528404670149210344769237000
24190153039904542226389574685322630891737447724642532704610262203327650547476658560803250301629230
16188783255297176246226541669184940911640078552767241853672873909281679062979697640155667133149800
10819570523863244784751544096541601062780946252422511086139721988229684696136519611714466912165850
7221657474022957112062028570942725401968419768181567978262295759873769341835754448543996762701500
4813993535996575350841711160205766492834764575135622051005213468301575069797554472432466695621800
3204988261522108111659517488111374929419709077438427370625686987505596557687175891436171032884900
2131130960750003181161708748565444266058096140746383179680748426900745516557022133702053531641600
1415359861073429093216452231354382596942444689430202476515482617067694040537686633637862150923900
938872868120499271132251098782298618537651181466050315006287535320470118483142086212578017646050
622070862682210253232358493089407607368585455458742379067806305145167027004965444920480817341900
411695297941078663289216671646968644673565418353081621814137044620324058969603239075061259460840
272160179798039066424100129606100565058104714196557192176615450153778373923155904202340220818700
179719570400100905670655006243069416782713053552053202805440731524139183942599448674647696802000
118548914464724175789310062870648613590914542679469970742022056027307933493544422796844542517800
78116062384968489468317256213402273230256796634279286889959826689076317503533823256595465948650
51420063416579114118143690959553016183943668503626189068264702578131949257085504089999334902820
33812956112410899374301495819135537295943757316071763426315543812030774800077040288967252653800
22212657600779638520982568273535527284905888598601733434083415658734607271811956044755047916800
14577838805057951392981438123906212893116468427382393339528630854655251061755169224461710155100
9558047997872982134387874172451522821953918100168103678403094810749925610006296007090406886000
6260899363214357361114877189885394325049933251959579088238820919870755613276712630600187430390
4097354216388645300824982012720669860007643046708351872854745063713029439530591858150865624800
2679027647119758786109197321914088191903492890295013343412989387613849378738877489530026293200
1750109461397366685020525380165038344092606421411986644737129537883373689100543371084100670000
1142285869117569049086878664638956809708780180873945403162886884907209634288698106106491567350
744925809403978258800276206450452732889266083699286621352353132060829252633314747186020847340
485385418431301213749691899039319239400622317312062037714357105426915007951973567834263303050
316011282647678051907793728100082392050588949494382413914831877122354410527053082991966044800
205573484222266057212082763405069306766348594284155974172080865483590902372532841092325540100
133624640705188214698160641434679678568488487256968395574178971836474522386791520958074043600
86789476391505736368983895291856413337801648690823703930291367498881484500131076444854661910
56326736360428110884130834385529956283829425925302914489688343835727737177611182231106617700
36528755150172779915819869378840128612364563027757815841886930184061512337726749315011080750
23671921238201225145124897165668469037150558887981658701349504748037601161556015163060450300
15329073599465753514889666858081892485739105776195439459015615871580927834787108696062571450
9919443955541484894755246576641521031992286877167811875838020819983735064770220427291394420
6414352873308968200967936635352133251479022150820737035036340165434831655128243242720024550
4144931852369150573479897892809849223578165301492730204749402339254852118985803525546529200
2676613943250157807210780269814879105863794851331674792468382082776223774891523286861416800
1727278980907507490399334260469977902688761391943419279196540763882560982049356866455234200
1113915169900942015791473732670479682176022176831017416240644320619582573964088187160213720
717891728588136559502160899646109556167060432006883171658934191043085138887838332682198400
462367354836566103508142386269592122511069128645318645769289785789101828213207666292133150
297605398937522123405688240388011591474657304647638523860072708908788341282910685743374200
191436078351518720617478784735716705880208589402912927176252699023333293494067928129720900
123066513731967475761025703680907883401718822350201530797366952254057805899456341755961060
79066550557276645773597833257775608815395005616582496779761332909136332843099622679549650
50767527292411173245180688279468330077397282361595664341039055714885906087414825402610500
32577891803854531032344276575613415805828311980803708663334385979679572231197155716681300
20893298000957256663710633460256344299452657275021902328167236797590701716816181780129000
13391871622613850257613975258476538591363710618896168637858056206895900229002218195266840
8578846711220470592443815274679861956373935966659146339271115554070876839864855135094500
5492535629557892545844229834713589040678756592384398647988663959575968258273560076752350
3514601556791616609201088916119059280979097767864753025724740221097566561326066036960200
2247715550518768478099585948443552949168298401522329218417120121676963800333612066168350
1436717395801503378614492657757812605561851569998476513590291226059518590749082828843620
917843669286486458972461494852965823679263184905265014039019137286112353531764407424350
586051772841190014214455612809632781475694867502415136916978797280011705600159627480200
374003446251618902140629608301544053724714495607749138779562943617532081023732549766400
238555783088134200562251255570272389921947660709490515873727001803967386748864497519800
152083225768467840409413385979199044145915253668320374754667409524679480327383492073972
96906280609376669963535942495180261123383540710746066481401669054713653348269425113200
61716875110500970667860664088770350962292516315970439937574576708434690920549471315150
39286144303534438775909370601687348872591106378450575093984920930862500735367414327300
24995416495198825243590184381051233250976637058871285849946020048758352307695949304000
15895302245640126163529091218490295983728384089476783919839191597338377267324545101600
10103376442025436382209132175521214251072500591994215407025033131881784091473645918300
6418823593276997164495735327940417418327246422802108643242345308213945189092486816800
4076029126571888299669540125410759542005198603094200487054401817477402605078192297750
2587103276035419046550943923938755585497256856346377220005998061542273365921356465900
1641294686468066151899112744583991980846899445275517260046721368149943516883615805890
1040776028859605693331623462519286486500816499375155918112140330732339794105590100400
659671128944825337311557554470601379221400304624498160806982047078550837498890466550
417925299230076286612875770329768383517877608308412281981807817461321307007748113600
264650243525276898385279046168987243229169644393976131712816769800309634757041008350
167513495558882215242865399780608876130731825838895937545440076949607100830918814800
105982105676306796019086457814886849980703826322368836150896968183883029626559912900
67022689987865383383586728503082383687854715589128827312131381164440910178949586400
42366151952418525497292358119234803738391173920852917991429986200942051759793526700
26768577002082327209111397890351125964047851585385089248639567982961281505300874900
16906038637794352214807014827741563449737110002859891828441942744617737397112766110
10672591917788196080196360407127003577251163090657033398978538188760626416009624500
6734580606627589707597776434314725341339479030983337911620386776093749918138755000
4247808266361709982675499211967668903770703122371439721940623406633437565217562200
2678144547113693120180955134058882367896636976120534471195460098785571873165312300
1687791916061654615039933422349742427666656273665146615712092650656254254342880788
1063213697659288674975288633153106994407993264300267786957395378245469398317640850
669483615658670062622102120149462934317826334656432271215984578540653842093329500
421383957413968521747331440258741849663636361430235035654887937682746021016609100
265115787794213804675798866051006791822300722218494650067029019390605950190082700
166729941275916338470201907982520409842513612943604391964210982092463764858999920
104812444528713927100298529060236748458350688634956463809940304847302792419357700
65861884725062610815383775469572330228930439165980004897285610107051497001378800
41369310880760646055985969939801644541175403505762877497454622795624019529960600
25974428144777967975060438313951829354327810002432332768220816751956282660182700
16301891578575867779879309406515699058745782919522816535026750857110768694514380
10227158753674182549441248795972557761092659419491682109620387334661670248348100
6413537732611267749834303172549631321669039701373582629883367291324547329125500
4020375454898799455011660939425583247582715724238523489797635401804054087334250
2519199090073698872164899451912971542112798314121234224598252821976687033805200
1577923267513587534482262749264205192134136903161808780797903668583253019493750
987955422331451336494158259638539859414283275089124006009364556033828363795100
618325905118808921403158702742290779175608928962796904638594652433394998738650
386835817496012292028301773293945213890876408199367332933509011570793022888500
241916537592827815478959413109982261054713301277427085532144639404040325041800
151228816653863319988684048593872634142245463374873309195360390175491683837120
94500502722102061926836063860748043493888163754223925936668244258536587521900
59028899072061460399082768468466163114945766142248609833172179766996899255500
36857566366656128741254581301467980120562616241911596102371466860713262247500
23004903955605934299943958169457161506911563645549583160685178877175639704700
14353121271906807965190610853889486627607537192781889675244464391498695086822
8951684989792458530480080234746599777886309571377738621717923532323920875300
5580794863416908283182552485451789050128667293381480926536210593680572974850
3477927008932223165434644379106774525907945966285074490142195232996527231800
2166597748791497277148724558613622624034848185560958870121265756688642573100
1349179694419903407860101676747169674422930583543748255835837484034550373580
839837445615375747341161183258550519963991301934433595929150872686345601150
522582457851379506847827524007155238603489875410397310162359806921242909000
325048959922838703258511684999048922722761960526432747582884562016652294550
202105104149688585192621416864423000465591455339540103360274355056304223700
125614709666289041862340474950932908823987973334347850462526126688682560430
78043831181615788825555902002873279889032887504959204309697023218064106400
48469848166889223518039928373743114556819832917864533468615049741687128000
30091223437817349153026015794649639394333450495282287874046356039978960300
18674252852562105800382828722424470011666050726395803550623937516924890800
11584622913666103557364665315234665369614093834278989007313221143023192460
7183827676257389466413561885622714623387366181312930241713774010902821800
4453129091811848096911981466644688498153921492042376451841930748850422900
2759370797876834226957789932415554106077297566055175202661924549614483550
1709189606988368811941153189617955384272939035706415572291064269957763100
1058292733438464728599181328002106115423377091230461251426685091379769980
655023287777781090240613870724216808321976463119154521238872724647726000
405268621963409754254468536877438407095552719460359091379678129918815900
250648124365857493488193089969677641752682025557390950022370158711113400
154960533503318325270199797793341485602862425399429868712681632654911250
95766320578218013626736214592971483253297216838355394821271764620520528
59161536915393426509850127360172550764828695469309315533395358042791600
36534308671202822159770768939611517433699443799230874287535100140732400
22552619911971650767992055878362245055299232829639378454731656579737350
13916421791140181974597717499456185007943212852967973661365698119130300
8584054615263621982363403651588849618055407150525204932826360429562600
5292872627228675652478111404267206041219489614551901501400172252401300
3262303010561194578677345000467865378907190733803198170902269925738950
2009975526094421593778541488818218605666690910864328970626706342773800
1237914454992393973536476253471197272554164035069065566165024298860050
762120395652588929155933601500346466144649067368252313891127487687760
469017845656736661424496354660003391500670777630083263570800027494850
288527779079344120188018154492346330131904096022087292696308472630100
177426344176978303857081504018628847650134925284311740639759063516100
109063739344545212451713428745033172157422209784078465848451905440300
67015332100538751226920624288577998526514865901932943807168339772550
41162242607734186069491671626571667752529887704419667425273847860800
25272873826543057817459934684561021894721775223493768400081570338600
15511024269730663702851620129803386180162906946556725665471988432900
9516039608738901026928411896712734004645209345363868143916788646000
5835812940673855092134902737374981965319905283245246240868521727340
3577465874111814652465086209602750489738545362550328105437863039600
2192189191379091741975417653335760137289520687950131991366619599200
1342791585625854190876856041753965167984444133042980463751264978700
822179319562159893356968657571986896712739239047720031458490125100
503212586632584819630742724430799974765601442184992260865877182132
307866679713206124014974788406241763829708583980803082238593885200
188278089790661653575319584320837011684174691999809049220073898750
115096451741584479324732461243406850489102307784226306118987515500
70331327501614637807172563819967660158578723272058945134725799300
42959526167077492841606892908152502664848626668210747442620643180
26229718774532479857255685175949503146334166473294963330413909400
16008484729717105906456049278348983964841649509205602024178261100
9766275897784877510318274797187654776865133271508573923453041150
5955644443611179967358979340823900840199904781295368076346213900
3630356918721291963460837340614965635841819927003499264113386520
2212021706444813637034313210296993033889698387198795258745566900
1347251833173967334432771797985707349026475800832553751538993850
820211926215030354290254843410444318630793490015524696469638400
499138646834479513521618716603458567554155548181766488877825100
303621502831211721170204353627469351346394705068373130310896480
184612068533463318578012316848938518120619579930734597627535100
112202384055304482345456018654987008089606806335150115628419500
68164564205585477900416215072548741832357565810368976559539300
41393085760254663829960344691607676622532816283780865254050500
25125216094344670220112703051152505058564086448203392091575380
15244121624926094982122766782029255144060721157794796532488800
9244982239328663411648341325981754765566498478713761212173700
5604260179489772941613428271739017637420108694802817024691000
3395781398381577322945140334104309128205447460591564534773650
2056683792794491944192176648732433673725492691940202555810124
1245095439157887525863530190587206349415442485876269452101150
753428164925643587902608187526954154082276835767760332871600
455707738376411731880298074895705518955204807358361819850150
275507017646542447061725548450025924859593420425245120451700
166487733181263056086641604726985822230082391600024507110890
100561334614189417857630911204900474630041540809431363956000
60712909011706464067111107609944198893348538903532235718850
36637653848091054398174051138621836455961674040703975186100
22099037213378530626310379801987698728119324509781262273700
13323333918895621403168963817000997038746726111350858425760
8028776477888908586939623909501216471622755863200884028200
4835894488778418553904524342624743872168272438498334228000
2911380209366492734159488806342651690798495887713807909100
1751898852006531440470145816799901469895969602835189866200
1053686734529378233123152159869016571438770603202930771670
633430321830659290670608790045311752233465294085417032400
380606545801603305239500561842565602408232158190309087750
228578416471375161326800680429032969325640911772413794800
137208782029069976482646217145015283175762812799492851050
82320256699099949081596551850432643860000945149168731540
49364742525364859066893951735739365474785759695813706850
29587041784559928249340315368010734222541254692567275700
17724303588484314929289918014037063194748229446429264500
10612251720188978296335244918853439441029526910996954100
6350771321201683627205251042509461326025250053231281746
3798500350428385329363085325039663292429820013677263800
2270785114624501497595042777252829006946276470390666800
1356758381647248109178231724114133676957474476521517400
810223380283977999644785208178675898067457007128345200
483576595753428805188004039345231756347179508472308440
288469027948372422721361719330288538655964759921242550
171983495720729826070529953530749424891135624916729000
102481490229598301162419372702443541425008284170288400
61031345164320330779313645219656820010725674321068400
36326975456715546000792204830680374107649152713483640
21609729329280030097740827166905173152090985330820000
12848013138077851948695074159127225044106355650802800
7634156831921184485949308511771601395095374582087000
4533677130011370707659851672131631817112638649542400
2690747509824632926430720526095855054656583358934400
1596091015768767021890662856882902413594069054865150
946170250229230913391066013154360366053868431977500
560584814496214395610454644098705522563297528437400
331920481325624219373501214643333963041277905414000
196419849526257294712247497933313655752148697194950
116158441398209344578702840910364680979783400842600
68655152403468235968359019682717470399911885032600
40551095316322046694848423575988055265187891249500
23937982626034112676892695975010825752046786532400
14121219390762087408330021915086965744843862279944
8325515314791062964609269955065772891983788144400
4905032559634139600923891480272290506588883712000
2888191295910338128739591142917962631387253892300
1699391836094418055654097410275448472798641591400
999340983256482247342267337221741210087862815840
587230384445596088003174011617437277396539821700
344870125660586243483707179704744336333426005350
202380117590127265601335179692721379238145289400
118694982683617635038505576916006498324493409250
69558791396044154105944301720207048160290723440
40740314685208840755097590266414297923633251350
23841914884143869784325130906658264152770204400
13944774288128253004105957322456505382476622900
8149195850410975597082817055349054742657180900
4759628754144450508732158070441521722469974900
2777486824071916907322417215415177754214523900
1619899444380335681177703767879003683125631600
943912007368224040591167962342063655041009300
549711511201374462255807441600999935583655700
319838972759397382818928694239860985714683980
185990734213987622517601917293170727633632450
108051106571334851373506469659660419623862300
62738607078862369262956106211801154088083200
36391678411111632687138826237204497877762200
21098052495539565085048071127560513488314196
12218742066864507971473980736200801766399300
7072779070520028191753254569433707436792700
4089577077598420809502088984364632249749700
2363489990822111836377099856381621927552200
1364373096820848522969387783457784794145320
787242490086922303865479010666344841532150
453696568431196878503831046981001425743800
261353844605252288020835286247781701734050
150365969148513274817087708078304258965600
86474638673743314577846554450514063377760
49665956216067870949206171192570281645300
28514209920779837802171723145678067820800
16348051716679390875037761089766051105900
9369560192192288674830406512255623970650
5362202756508574400543776039310886914880
3067850373813624219504015203398497156700
1752515299347832322952308858046779202800
1000869208817573458729641131543671343850
570679545320369837003797922875802118500
325326178776829990829796934130276887040
185141782242959272972636473906211929000
105348583472256986365953082676679285350
59836628597231665821461977157178726600
33984041499902418292069057371549344000
19264082081649732994987795038417972404
10920081086877213411244288101214314600
6177533644690608000546677638598696000
3495005831938040115596061358536778500
1973029600827827477491727417657853400
1114055940874879440549878164596995170
627579605098471451506327409707228800
353645656787497157258336169980640600
198785483205058106160118048029672600
111787957007999299937608359301400150
62696599939695352559799927500285960
35184386291541247451228333583866200
19688316789128218787942384024746400
11025429294229523993829972669536000
6155142490844915270839909827068300
3439453917383851785576732089807400
1915544159492258196382537458902000
1068053114739537440259138811995050
593374693867325816380811184812200
330114150941907327516198636909550
182936815920150643713246356203160
101543646321462995869748139297050
56126466798247659468343707400900
31082955719772200297597708033700
17134902123562031751173752996600
9467216993181595400423455089332
5204515887744191969958593189200
2868736449749598564035246348700
1572670480779513470488518910000
864781172601482902070726786500
472701245812944636535579525160
259291023268027609699720027850
141298386799484765683803904600
77316770992146102773286569900
42007619511447172625923372100
22928391229689113287098428330
12416587858913179930792755400
6759488929285756051203195650
3648001564308594582291163800
1981167938756149579103274950
1065874859024731925529043420
577275511385801045528562600
309363781664362369518869500
167088523268028065344367100
89209202527884662302903200
48084386793155601554776380
25589419783151534352024000
13745279084603063939043850
7278082979426368960700800
3899217226014665749328850
2057202363435030164088808
1100972715758633274768450
578671560339470025839000
307963473111727965474400
160777667466509253688700
85480898142627881363690
44527450218157067739900
23680991452010511125650
12256966923333585768300
6449382678012110340450
3312483245036753590260
1751803510079600395650
900537617811321999000
476188192254379314200
241220275478333392100
125084255721076827430
63184227592688444000
33437129226713217650
16943853654596436800
8889543505036778150
4354528363702725400
2219982100421465550
1109702719483286000
593750907916097100
294809928781727800
152160972974196702
70642643413309600
35608245586391950
17961544050676900
9809748807481350
4682249662563000
2336058343694750
999226418147300
513187220436300
270767742831000
149848016867450
66012265076200
31081721118200
11831448122900
6733319490100
3847227935740
2062048912050
785735153200
342125629000
111328787400
83538949010
50865104200
24171629900
7296993200
2944792850
777934388
1008904950
588916800
220535600
46620700
18607100
3638800
11325700
5369900
1357500
159240
80350
8900
103900
33000
4150
100
200
0
650
100
0
0
0
0
2
