2
0
0
16
104
232
232
1088
4852
13832
28104
64504
203096
582256
1406048
3215544
8018412
20955008
51828808
121437264
284298846
681527472
1629751564
3800415264
8718022260
19998961880
45940056932
104703318840
235899161420
527784261656
1177263124804
2615477649440
5773298038154
12661025545256
27630725776484
60053480628144
129927478493868
279696570953408
599266655919784
1278563997276352
2716851942340536
5749254821799368
12116136106345748
25433351854430672
53187324527902064
110818230746798840
230054007928396212
475880616470891424
980986235587449612
2015416381090566128
4126985113408059254
8423546518170496888
17138889132465985426
34763895271382614248
70301015954923998984
141745353649631740864
284968204875141263936
571282358604390031952
1142083325268575920620
2276993370781664755280
4527580801035845570824
8979126457110938420376
17761836657411450023140
35046878665618030549112
68982602039883595798990
135450001742660950431096
265330769558472340718884
518543024168086948099312
1011089103078998631857944
1967070241630773710172512
3818510341606983174958998
7396548806837959077143024
14296912568992942255397232
27577179055203391584430200
53084518117677774191295744
101979286038819096836779376
195522733851011477987272432
374143754233287324427168288
714578602843969196332090772
1362215134469886084771337200
2592024447903465595230592412
4923152628498664677920188456
9334069739144812943104096318
17665854400686553896641041504
33376904598708689126353332190
62953057753288834217340569368
118538147698623690815738275952
222833648944126119277825521592
418210710560077284270343160616
783630468431375326763492383392
1466016725835203062903003674928
2738339434506890465204957670776
5106993498526130816683934986744
9510022750045852597968246734144
17682522770925560682523768209700
32829263911667262255246410294976
60861097898594973907067507484156
112664540184335131030666383323840
208262126154558716559475413956432
384428281914426735444141990265264
708611825665061132151287370860986
1304353151525759964127577953170640
2397623958522058597435283548858062
4401199285744782265701414473615080
8068071601622922096349383919059932
14770034692123780860451894496998152
27002894597952767137140522463055340
49301461173670988150699049574346296
89894518535687799749793757636615324
163694287086387409411298303682481096
297689367599700403177373188061523448
540660772581920103568039673566966744
980663544614330602955970065743895576
1776439313814886189502274338283032400
3213786897480407235909035056076384366
5806587105285452032310326103759391368
10477614735910003133783851778356276608
18881720958305274269850882576530941032
33982714244429706534216464204910565236
61081705991876337884838170783987567544
109647747490926767384672728649965349310
196572228845608001704622499728231428272
351946371903747551191457307863297897556
629303640420487287904724092740378976920
1123752019404563927330389091151607473264
2004028061778694456177929239653244864616
3569079839415236029981658939022698930792
6347802935437349538723708831004913774376
11274578952626704880482434055011502792908
19997762522295461228638546839643358822416
35420976731839471612536651457735385828672
62651429036164051264508969390457738360360
110658658702195064714220062573196487333230
195171230181096675252261703223727195972248
343726896139708373002265751128265569901558
604462287333756051767758214288443523077152
1061384729743137363638276388766672438670040
1860859664540320096882279620127044676067256
3257467281987367116281450253774052564731900
5693245183883118342352086255781996483140552
9934363706348081059991611491484545558867860
17306400002781393546429454748671524823929760
30098530996731911654910871764238054309534916
52256497494473845130980673900046703761743472
90568142921450383421479183726655399602168344
156687263379417617110921751942283955985341776
270580851575969165185322486548314453499880948
466387364957588353180509794163175544634482344
802348833035657335347888242013011624702609100
1377608904698074202200802913274949207936844808
2360552249565414412107525712354800790678520726
4036492127221793622986397716892781431483994096
6887703450078202046164344870816861700248252026
11727374861059736071867817502867447749914630376
19923177017967492969430914354981808821374013324
33769324793030255295952905050532984518670915048
57103922856065243952489983111967083949215086024
96330164584288376457726573611223948566200124560
162100255084396010325150263809106241296967468720
272083140721039276772862521538052167370295874248
455498421627903136895708659906204408990439631004
760517995473928081141130009582983841797346353248
1266306575600903488347035229602828951076688416432
2102537179909631205877711987513450395041814866560
3480903798167669694335073370319003149898487379386
5745810594462226319922696203808652731885601687304
9455584295220556974265412132323719268589577210936
15512059701164551008420680866234337285329463235088
25366485025173922801888153225899701184052077664328
41345286721920581089479840902120727431405034465440
67163182976638940872501039181439894771223752817178
108727711886702684963339860726479583199569213000472
175394776573177235660018747006740805622415885832096
281918623981620777886435518624100210815747791502120
451465377045510558955899764927531188518556198052496
720246549229534673572446085115680937591380813959776
1144606214070053325143134699844974794687393222609856
1811803019487987930814078080136241956813151397644272
2856322940089323210580748119882235346646358952361116
4484420062592866432862542482680207109960496598654112
7010820738839909861661302610521358615210029858818864
10913291458680419244523921689613283784024727153926424
16913265973616886575017826794488418858437987604111846
26094223681128760713934264048484159615383267261525352
40074365959701770548575542222622603468332253192839134
61256812834348941731464734775849766648076825699257360
93189629363139979474835975202931636122356238067950888
141080228618113000445988614653559906084708024824948816
212524992335124339350438175352949907460851886017765860
318536385447329545058120972560935075089227872058371336
474977676372192165168764358470561123418993780859177132
704551021640777517191612351965683773753790823143317952
1039529636019843927790760389246498930670128454460023460
1525480544726843604585036861514048438737173323387896320
2226292330121101980795592610094462309989230011366665020
3230903261997220411271712867088967375040479264592139456
4662219425110016220600532101117882165390449533556706248
6688818955356774427653845160973345220140216595752169336
9540154600456988776699905934470382088912630640041445348
13526087548092039211855905439899809152352107330467070176
19061702821655208042535164419957083798269270107581048812
26698458823624764936085688518765898444150174622844159968
37162794748411666527264061779564754377397197881619420762
51403338721303035494289185014747385065577523201839485160
70647800849841849698827623522021113075331610491647088428
96470468567085802275298249926010126784537419701096890360
130870912949389634296402833092533514878098245362795207640
176364028957402164362762054591545210072242292746480475632
236080836348229653691797233221100202975688105307012567972
313878533919329183415276822400400039495998322050699119256
414457111811395267607489027142834460065635676405698166628
543478386738262858783102124770929824657278953472281379344
707681660006231677177630176046919432074949622534093768240
914988366560708722655491104204090090735818443844154377520
1174586181218075952090519079591030779783873257562974740534
1496981213259705736271223016228927993594877664339955261136
1894005331972571802380522441049865947367931513851726708620
2378764540181998145329094300537016109637895973831864780304
2965513894193332630796059281154784649726678243449638306332
3669445011156391651598181974654884695314329950324098627424
4506373950102083054139036900247138475919928660604826377700
5492320400083742366958403315441069720982083754478872471024
6642973781986423596385797504435189421248736704584353681760
7973048084065837937079176370625653300480013021591396329280
9495534878604506836064799571069650162051868951128111327296
11220872716931655491412145949757236385699159111885187236512
13156060505159893168043475882076723873724135901415816493300
15303751885987302567584133557724355580702174595525044957936
17661376311911899451936454276247151308459575221800376769544
20220339516530468437352883442113176606064791775271260295440
22965360572693652056462571440501649907703401244474893851420
25874003830785560247106209021980015783310587555802541757536
28916461078126715333013334848805833818445078584818132378628
32055631828684332531943546460157479375235379141181608423176
35247537660078150628022290149664927813859637295521560010790
38442090285073636423698478336583649632749865947530918300800
41584213330327092854284541873948766990182072781543192243420
44615295762325520435470704853398126414705915882987674674192
47474932064341026102258422068568203590466258197756487957224
50102882382431286819990675463777750226699463904575803862512
52441166766692987450869053542206049655118379822106340011572
54436193096366734483275231335796254532809643572493806845888
56040809790645329214191596546569314654196325370623830559268
57216173037593731162790344214714655410454203903522429720704
57933324525189370394542070577537176055667300639660665704156
58174389391451780198107718055787370332626764234101598142768
57933324525189370394542070577537176055667300639660665704156
57216173037593731162790344214714655410454203903522429720704
56040809790645329214191596546569314654196325370623830559268
54436193096366734483275231335796254532809643572493806845888
52441166766692987450869053542206049655118379822106340011572
50102882382431286819990675463777750226699463904575803862512
47474932064341026102258422068568203590466258197756487957224
44615295762325520435470704853398126414705915882987674674192
41584213330327092854284541873948766990182072781543192243420
38442090285073636423698478336583649632749865947530918300800
35247537660078150628022290149664927813859637295521560010790
32055631828684332531943546460157479375235379141181608423176
28916461078126715333013334848805833818445078584818132378628
25874003830785560247106209021980015783310587555802541757536
22965360572693652056462571440501649907703401244474893851420
20220339516530468437352883442113176606064791775271260295440
17661376311911899451936454276247151308459575221800376769544
15303751885987302567584133557724355580702174595525044957936
13156060505159893168043475882076723873724135901415816493300
11220872716931655491412145949757236385699159111885187236512
9495534878604506836064799571069650162051868951128111327296
7973048084065837937079176370625653300480013021591396329280
6642973781986423596385797504435189421248736704584353681760
5492320400083742366958403315441069720982083754478872471024
4506373950102083054139036900247138475919928660604826377700
3669445011156391651598181974654884695314329950324098627424
2965513894193332630796059281154784649726678243449638306332
2378764540181998145329094300537016109637895973831864780304
1894005331972571802380522441049865947367931513851726708620
1496981213259705736271223016228927993594877664339955261136
1174586181218075952090519079591030779783873257562974740534
914988366560708722655491104204090090735818443844154377520
707681660006231677177630176046919432074949622534093768240
543478386738262858783102124770929824657278953472281379344
414457111811395267607489027142834460065635676405698166628
313878533919329183415276822400400039495998322050699119256
236080836348229653691797233221100202975688105307012567972
176364028957402164362762054591545210072242292746480475632
130870912949389634296402833092533514878098245362795207640
96470468567085802275298249926010126784537419701096890360
70647800849841849698827623522021113075331610491647088428
51403338721303035494289185014747385065577523201839485160
37162794748411666527264061779564754377397197881619420762
26698458823624764936085688518765898444150174622844159968
19061702821655208042535164419957083798269270107581048812
13526087548092039211855905439899809152352107330467070176
9540154600456988776699905934470382088912630640041445348
6688818955356774427653845160973345220140216595752169336
4662219425110016220600532101117882165390449533556706248
3230903261997220411271712867088967375040479264592139456
2226292330121101980795592610094462309989230011366665020
1525480544726843604585036861514048438737173323387896320
1039529636019843927790760389246498930670128454460023460
704551021640777517191612351965683773753790823143317952
474977676372192165168764358470561123418993780859177132
318536385447329545058120972560935075089227872058371336
212524992335124339350438175352949907460851886017765860
141080228618113000445988614653559906084708024824948816
93189629363139979474835975202931636122356238067950888
61256812834348941731464734775849766648076825699257360
40074365959701770548575542222622603468332253192839134
26094223681128760713934264048484159615383267261525352
16913265973616886575017826794488418858437987604111846
10913291458680419244523921689613283784024727153926424
7010820738839909861661302610521358615210029858818864
4484420062592866432862542482680207109960496598654112
2856322940089323210580748119882235346646358952361116
1811803019487987930814078080136241956813151397644272
1144606214070053325143134699844974794687393222609856
720246549229534673572446085115680937591380813959776
451465377045510558955899764927531188518556198052496
281918623981620777886435518624100210815747791502120
175394776573177235660018747006740805622415885832096
108727711886702684963339860726479583199569213000472
67163182976638940872501039181439894771223752817178
41345286721920581089479840902120727431405034465440
25366485025173922801888153225899701184052077664328
15512059701164551008420680866234337285329463235088
9455584295220556974265412132323719268589577210936
5745810594462226319922696203808652731885601687304
3480903798167669694335073370319003149898487379386
2102537179909631205877711987513450395041814866560
1266306575600903488347035229602828951076688416432
760517995473928081141130009582983841797346353248
455498421627903136895708659906204408990439631004
272083140721039276772862521538052167370295874248
162100255084396010325150263809106241296967468720
96330164584288376457726573611223948566200124560
57103922856065243952489983111967083949215086024
33769324793030255295952905050532984518670915048
19923177017967492969430914354981808821374013324
11727374861059736071867817502867447749914630376
6887703450078202046164344870816861700248252026
4036492127221793622986397716892781431483994096
2360552249565414412107525712354800790678520726
1377608904698074202200802913274949207936844808
802348833035657335347888242013011624702609100
466387364957588353180509794163175544634482344
270580851575969165185322486548314453499880948
156687263379417617110921751942283955985341776
90568142921450383421479183726655399602168344
52256497494473845130980673900046703761743472
30098530996731911654910871764238054309534916
17306400002781393546429454748671524823929760
9934363706348081059991611491484545558867860
5693245183883118342352086255781996483140552
3257467281987367116281450253774052564731900
1860859664540320096882279620127044676067256
1061384729743137363638276388766672438670040
604462287333756051767758214288443523077152
343726896139708373002265751128265569901558
195171230181096675252261703223727195972248
110658658702195064714220062573196487333230
62651429036164051264508969390457738360360
35420976731839471612536651457735385828672
19997762522295461228638546839643358822416
11274578952626704880482434055011502792908
6347802935437349538723708831004913774376
3569079839415236029981658939022698930792
2004028061778694456177929239653244864616
1123752019404563927330389091151607473264
629303640420487287904724092740378976920
351946371903747551191457307863297897556
196572228845608001704622499728231428272
109647747490926767384672728649965349310
61081705991876337884838170783987567544
33982714244429706534216464204910565236
18881720958305274269850882576530941032
10477614735910003133783851778356276608
5806587105285452032310326103759391368
3213786897480407235909035056076384366
1776439313814886189502274338283032400
980663544614330602955970065743895576
540660772581920103568039673566966744
297689367599700403177373188061523448
163694287086387409411298303682481096
89894518535687799749793757636615324
49301461173670988150699049574346296
27002894597952767137140522463055340
14770034692123780860451894496998152
8068071601622922096349383919059932
4401199285744782265701414473615080
2397623958522058597435283548858062
1304353151525759964127577953170640
708611825665061132151287370860986
384428281914426735444141990265264
208262126154558716559475413956432
112664540184335131030666383323840
60861097898594973907067507484156
32829263911667262255246410294976
17682522770925560682523768209700
9510022750045852597968246734144
5106993498526130816683934986744
2738339434506890465204957670776
1466016725835203062903003674928
783630468431375326763492383392
418210710560077284270343160616
222833648944126119277825521592
118538147698623690815738275952
62953057753288834217340569368
33376904598708689126353332190
17665854400686553896641041504
9334069739144812943104096318
4923152628498664677920188456
2592024447903465595230592412
1362215134469886084771337200
714578602843969196332090772
374143754233287324427168288
195522733851011477987272432
101979286038819096836779376
53084518117677774191295744
27577179055203391584430200
14296912568992942255397232
7396548806837959077143024
3818510341606983174958998
1967070241630773710172512
1011089103078998631857944
518543024168086948099312
265330769558472340718884
135450001742660950431096
68982602039883595798990
35046878665618030549112
17761836657411450023140
8979126457110938420376
4527580801035845570824
2276993370781664755280
1142083325268575920620
571282358604390031952
284968204875141263936
141745353649631740864
70301015954923998984
34763895271382614248
17138889132465985426
8423546518170496888
4126985113408059254
2015416381090566128
980986235587449612
475880616470891424
230054007928396212
110818230746798840
53187324527902064
25433351854430672
12116136106345748
5749254821799368
2716851942340536
1278563997276352
599266655919784
279696570953408
129927478493868
60053480628144
27630725776484
12661025545256
5773298038154
2615477649440
1177263124804
527784261656
235899161420
104703318840
45940056932
19998961880
8718022260
3800415264
1629751564
681527472
284298846
121437264
51828808
20955008
8018412
3215544
1406048
582256
203096
64504
28104
13832
4852
1088
232
232
104
16
0
0
2
