0
0
0
0
0
0
0
0
0
0
0
0
0
0
0
0
0
0
0
0
0
0
0
0
0
0
0
0
0
0
0
0
0
0
0
0
0
0
0
0
0
0
0
0
0
0
0
0
0
0
0
0
0
0
0
0
0
0
0
0
0
0
0
0
0
0
0
0
0
0
2470
84000
1520400
18792800
176677900
1339409340
8531342350
47066616800
230472514700
1022119526100
4174903483390
15922655022200
57330448484700
196571756568300
646223006898550
2047916313318640
6283344827165400
18730503022905500
54406514629842300
154365087706431800
428679030275412840
1167229268584600700
3120827603901576000
8204171177161526400
21229546130255707250
54127466602121004580
136096048906232772050
337723800102329273000
827689954102590392850
2004630383111182600500
4800713358318620335760
11373741878531543476000
26670330091756891077450
61924808740113562634400
142423182463013707239850
324587158055154961667660
733262540569740748970900
1642469675082615409143200
3648946738102322161292650
8042369390247959777111400
17589485358946476837567550
38183363812962833168395000
82288691471172542784414050
176091449837236533880354700
374240249291318606331528200
790048932989827341074203000
1656996177816240892914707250
3453199918930501153688360900
7151869219686761898183976850
14722327829942294114081782800
30126640446969438952466343750
61291103576499474403354755700
123984987986686156793330944450
249410926679891679982959590900
498980842876324394890770466150
992931500719767824290558645520
1965461461686114328759504634800
3870440014521067373701767249700
7583077411886209825959782539250
14782806439377856614836043707600
28676733589493553876917269610460
55360156346629761304908591592000
106363248987366543749594374593250
203396191393729228820052713034500
387150439826335073616273144860950
733550077664570014324160865015140
1383626327944149482826691165267300
2598193800286693350990372169065200
4857482976787581942883231089232900
9041909330194995146420755818396700
16758649009843695622757030821926690
30929119911414152852393098595122200
56841348597703396562023144163003300
104027191437820744529853771528287100
189596975597841721381566295960904100
344138485796248511793648023310337580
622109189996739663059307511903563050
1120068877026858729247903240203501000
2008536741614117840460295644043962550
3587426231653149003584332102029003200
6382114100496322648528356836630979910
11309250284001317641053210066077626200
19961770986619895718070654277305654400
35096816693560060834785693856284105700
61467602317800798917686734820904185150
107235918012213270993038935352089266400
186360726999358271153760732618240479450
322620832098267831845066671934229947100
556361647627688558494519632490633783050
955764115559196566113414518163852791800
1635588792830949595992367470368409495650
2788223816944827743618514777120376769200
4734897656467641222127471897914375783200
8009796788161575759221753893165079103500
13497643210034678007357174106968049745900
22657744001849256877588500408240963124220
37887287861161440195389358617728003509600
63107863412460293013069720580334007599600
104708186804615722458801310217008796017250
173052634879918282102412117926282510125800
284884310700143995149859676823820704567280
467135657676216876841474071218402466433000
762943212434467706053695262362365550137450
1241097068917404129921225767585441876333300
2010816116517357598780351085962931509143150
3244739640740783715584909005719503798425160
5214529692749832976478190938018404753651100
8345727722197285904378553297030014574822600
13301852142628805818478266179345834268644750
21112661820474556910232418943831497077482700
33368757973274743275779953494944626595665370
52515262679390868455019057340395691201857600
82292609682493190384167580906068428423280800
128394474450989179807176649550873848687376300
199444252516988578662756409697966149420639650
308435937192324990531034139351877808203864060
474847687182890103967161460762948321342191800
727723377273167368242022497508327050024553100
1110137612250382726736173207738506268928211300
1685624219455237063047594016460135427218332000
2547371356621612116768090353272435065844678750
3831285931393161054564414565624467191506589400
5734427985479987407990466990672960324702282350
8540838465759423337860522813097352882951627200
12657462339903910504434243533465744725421214000
18663738432559244959144663864238160842983747780
27379525877944115284627521145884073411206872150
39957403977896817524182222255966587973948784400
58007054468175506658988834812685050967176875900
83761442262582523421721487530496592073415300200
120296867596517312117813250146290032321430221410
171821659851624464031330134139818870491721288900
244051275493174511220265287554374717459781985400
344690752519809520182975534811488128662926114000
484048696400507094399780604178191692919854234850
675809975976393993056708819311387886249323450260
937996736210600108855340383825617594721850422300
1294148712488298154226707775177537061390614085000
1774753554372306951512397794374173612080478367450
2418955203864702790587335838690503271661093765200
3276562481651032119238378685886166359825003153730
4410369997119760478411367988878897847875402067200
5898788383809558352030490421726527902847628059550
7838759819029874009763133272371941466382489638100
10348907162435354222770531244977070613007598398200
13572830542414445842479935790638602815039444331680
17682424056246403155339811164511744811752869132850
22881038366407461437000899905641867435657590084700
29406264196706653966917131556018085624577265228900
37532059917990071380816167938135060179345189015600
47569897539925389529056311249033239169114821747510
59868560569356085185423428458043555492102980706800
74812200387720086916932308804646718289905185837200
92816251720429096028238352126776204240678820068600
114320829270001685144455237893796331025164884298750
139781283028546639548552887273196076640293519614460
169655684254702246258937499282661913831075712471300
204389150492995140746594159813461262192637387372800
244395096132927781197586324189979951443186930985400
290033710742234638109881968496713714021998495709700
341588212145788105766279359701434366422891851490190
399239681585522429445043439812709473354697367084500
463041546383915463065548237419688007878794253208600
532895009692771987060324330529720151628190244838300
608526913117408613559332195623095964332368606592100
689471631804145467199477438606228079794719685776220
775058620448226276481868421337988956372505427002050
864407134668920518898618610575703163910086945188900
956429434529199964922658541483784121106892173033350
1049843434309899403269637366353936707753154302913500
1143195304689504703820465000437267380857621155529890
1234891981630096842233129320615125203669865548264000
1323242923088166664304198615038610653990249375700050
1406509822068343527133593114635157886390149321629200
1482962380744146293785661186642003989192564957384400
1550937725865397849742199034453102433858616651419900
1608900648486920092789476448919963736717027908847500
1655501621885012523168789344477412151485194642024300
1689629519242725548226073550118223427379082705802550
1710456130745943404503347203235297721729848738401100
1717469964034089567342383361819850111425196778854420
1710497380380481262035524465119418550033548277307500
1689709832849567078693905003219019538533205997692100
1655616779928994242906175241538967246838051278008400
1609044687993738107830494318758814041068588381056100
1551103344583513213746556524580462163535797149806360
1483141420924429452047640939692522287377514725870550
1406693794024911863731627250087267215999520595962500
1323423526921150518988776315594232275828230227609950
1235061587669263377106973248875374007692260054740100
1143347358933965883486396074921643667783199940144470
1049972763604394485570070048454919697465872074327500
956532436392905004074661232445413924605457885914100
864481847430621828921534518783633787005011006654800
775104679528799674646044684485652620436714966732450
689490126671762414102155145412820978974485293188240
608520165926721807403663568024642217571435707679700
532866300519099698287060265319091122462794629441900
462994811207048765339882948139015871868581936984500
399179207981214263366465964601234902315473205298500
341518354446369694260947354208724028990920460812870
289958641814981572471616487373796537394650248095500
244318607537486785397001412747661339753607108985600
204314507237560173792956664084268792919521677434300
169585535209328392945536673884036517872930785680000
139717623678965207761631250138300212145296863807600
114265010163224522287028848514244281796617686765550
92769023772005935617041328771134232781798859222300
74773787165631773624371174614321979345070620565350
59838747613835221988412482873529438378635573862700
47548129525589106974001687176307379639410946611680
37517537783645946180808834962907133325481537222300
29398036024431934641563684292405728375574018246300
22878079570943237819659267253130034915077084003000
17683704171382202555491297660731146011868664963800
13577365431597211338476071294200362611528725189840
10355796752604654946474324425417926452454734463700
7847212419945425658378494546950445978728258064200
5908133307029346915219578376769708236286687491000
4420060554231603929396167949267806096477587078500
3286171563604505929599813416211547584101238200420
2428165575088364847720283340066711387792031367100
1783344791788737127494734025773160715907812475850
1301982432199246228298915279998571845934928641100
945001424111144169800604764183788074322740592350
681966408427222212330777662474182468013830567880
489376629282477411376291215298425804770060328100
349237288323769536070762463968339521126178164300
247881097419649281729539728794500624142163227400
175009151679447315674169963061993925608966312300
122920016082585623053918520633220301692060887690
85897339693030042087969952542632106119910748500
59728775600339284596751887087995777865855359000
41332016283868682587026443512575396424951963700
28466997225744983246174195544105630075939572100
19516525379881086790054681346313635366141661480
13320589395653878956983226837028122668038477250
9052309510733921425992825136172104608006980200
6125842215409779562896247678963272202046904100
4128559925621758278799943271000195611194183500
2771494803046898472653371240555297239657928770
1853398762287307193973824410806022431455622900
1234866074905024231654695061956290013001906050
819830446114668663656783969428671498612887300
542423439889989115636718945677917460331136050
357700890579874151825890720712147315710665560
235139448898453959327351414413619692319854000
154103061011714966931781252482032086218533000
100700874485889654436725097906462990898763100
65621584425762836367589563094791909841031500
42648738119747823232121768270749809529437720
27648096919260829055361272687776200332047900
17880364969780852970071516167606648495518750
11536945743291994733238459449233080160926500
7427771273543909641576525382527544780725200
4772299858769067231033747404814768222699820
3060166891013369250158290039729149376922100
1958644149926954516147750307159661458212800
1251416691210309137842974178774401123949350
798224844005676745923393778570826666742200
508351661919381255398833876633558258289190
323262711216578254990631551165603429851500
205273912965560192584190486421375855407850
130175988265814360893632566103155710219300
82447389978309751819223349966129205460150
52155430986894181211959963768527262618460
32955222261450896616324524556989637863700
20800527526618523358609498394151801637900
13115083803824019068952514378681873334800
8261018674312235875977482180095238117900
5198513977830592168073533460376775388590
3268310729330128311956837718870885174300
2052956198691811543571347425398802571200
1288428564022364430306667889576058919800
807934071669765044573962898031183129700
506215736261035573325379701983282972700
316918401606527372563126280452299078550
198252273511696480538599572698716697800
123923470027572367191137133239558838600
77403117512919864066335736686005319200
48309976419077224296262120738992182702
30129499861524848308417965254192815600
18777004812422861918603769412310471600
11693432007185014948252991001709909900
7276799654980818216208637528168531150
4525041774027904548297246035853068240
2811830386076803667443605339510904200
1745983934550229596817727678663387700
1083367722151575220119840803542844750
671731502078521440435874673910508600
416197162119451056118334408411245130
257682701775819639910378020932882400
159423794787900360790259649446493550
98560190913030050866849752926736200
60887629423297599988927563383382500
37586699543406764315661913245799220
23185433871203005532267132306672650
14291254018714832085702026682324000
8802328204480857772601066370138000
5417448366398882804839348989858100
3331653095354135527847387293170310
2047340956127367967972469612183800
1257139547369789337999513614188400
771324444240973781920340618595200
472877058156247046970208965690150
289677028126588333589101238444372
177309302626519439163421135877300
108441994839521403940265000977600
66268739762978330509480094656750
40463342465921098115777188909000
24686134011578657531952143316550
15048008142604229433108164048400
9165068975866704366177799356100
5577239494450808501867340310300
3390982742370806439855218076100
2059920077146250716841122827340
1250228141374965084848390559950
758119692780220684251759888700
459294455615269147834941022100
277999979987445591181246594000
168109971945670593869026783090
101562240335022866523433889500
61299350296745599360099690850
36962294085803720946167185600
22265673699938316698137702500
13399265114797198817738941440
8055425507199510793749368250
4837849775930649361915130500
2902462071491716487486481750
1739500942719969239277901200
1041406793820708900065237440
622797734831294530694661800
372047182205343067887471550
222006755609422519652439400
132325931152106746992232600
78781908604082237014678180
46849428627941662948593800
27827220962431812303438700
16508843414005522008985000
9782174667273298067991200
5789221267929240924408130
3421842722874026518564400
2019993803943679503704750
1190907396370544488875300
701195419358986061926650
412306180009564371159240
242112765351259195961650
141975916576224909065100
83140301060987775722700
48617047834213441568600
28388670018684799789870
16552370257947492871000
9636993463785227863950
5602121574968486608600
3251704970998744838250
1884438487576219226940
1090361211811643271100
629863045215165612100
363281234720527830900
209156560356446964600
120225867084133949490
68985543938392088300
39514484753294102700
22592558602734320400
12896612130052446800
7345884281402792140
4177133116213763950
2370630163088427700
1342665204668912250
759003088166173200
428396743624557740
241046294765868800
135420171580651250
75924142598942900
42462114789479100
23710003616889640
13216933599242350
7326724232645700
4060909002465550
2247302440080900
1239514761878250
683252364786200
375136416488750
203761813710500
111466777948750
60959319715880
33118349342400
17986289833700
9637459177850
5090049256000
2778868312150
1507421550600
801545338850
424239980400
217088440400
112156422300
63445452650
33777626600
17107529250
8566932000
4085329820
2216910300
1359160550
657921200
300878050
136122372
62674850
42976800
26471800
9702700
3909140
1498800
892300
839900
390700
79240
34350
8900
15300
13000
2950
100
200
0
250
100
0
0
0
0
2
