0
0
0
0
0
0
0
0
0
0
0
0
0
0
0
0
0
0
0
0
0
0
0
0
0
0
0
0
0
0
0
0
0
0
0
0
0
0
0
0
2470
42000
380400
2381600
11595800
47203220
169683900
559989600
1736152000
5123422200
14509392260
39647248500
104995318700
270509198500
679985447500
1671381431960
4024587851250
9508726262000
22072988727500
50401521441600
113318505065620
251078005615100
548662385599300
1183288272209300
2520182215620900
5303600711323250
11033807319761400
22703543330084700
46222835240858300
93149281467444000
185871829138715820
367364899984946600
719381688205133950
1396097951853171500
2685807400538495900
5123127732894126340
9691421037540112800
18185052842210387800
33852598890020453600
62529980340507142400
114621250909745855840
208534440499176484650
376595471768336402700
675149086869371843300
1201677884079425101800
2123590069007033195640
3726249679267406356200
6492474773556369464000
11233058829008535645700
19299301645202969126400
32926171551267920610550
55781620075961559513800
93838106856000526711800
156742697177535284707100
259950572206902854581200
428014670013637366594740
699605991650043092925100
1135092971377554779239150
1827855670921310568663600
2920975055527884582197300
4631542465422517796089180
7285597605481427384198200
11367629896830457642427300
17589648204037411610518500
26985977682815408864107600
41041059484001598214875440
61858406559583449441796750
92379200480598659315187700
136658375790534351534701300
200203889554837740161835700
290380586597675817816106880
416872998715064282320258900
592191012288226802465405000
832188331207321214353611700
1156546276768622346968650700
1589155674699069443573514430
2158309325132793221025542700
2896599885963611404784915200
3840407046535679324848169900
5028858525501490121333810900
6502166751475814469912280380
8299281350225719062328931200
10454859053605696823620599650
12995636383905284553925741400
15936391118373856585183330400
19275785853556295085425582180
22992486111210169728130034000
27042018293491301110110490500
31354860682990542371550051100
35836227657924991398253922600
40367904021284564583337940380
44812313500729598366491736650
49018775841263693549722866300
52831645409203830070972710300
56099765431009866438763591800
58686455229626146298163119700
60479110543959022889279551900
61397467616570146439261173900
61399673426178411978247225600
60485511543714431209642211300
58696430797000944749982908640
56112371881967735796211506000
52845736021378194301741229200
49033140279513236329375685600
44825815136016017283298847400
40379595662624839513692575300
35845431568296150120313883100
31361206017253151819447893850
27045436632569489390548735200
22993172090974037566497900500
19274133979371768066149332120
15932921358545731474717279500
12990920269221801325177731800
10449455432254677133198295900
8293687518147752237404048900
6496787194595137358725834160
5023990591582807349418957500
3836240842359498205728255600
2893228635467634390786288000
2155746210692662501836209300
1587353573258230393001794300
1155417542603111889105269400
831622642117520006562342600
592070117551247822751013500
417081896336784459619973100
290815169129406186071703720
200775435065911817655794700
137295447716207203490789800
93027586761797102556515650
62479712327689819909135000
41610496398077797510784520
27489792860810098507827700
18022526289408082614937000
11730295584353559428533600
7582753313210854917473600
4870200695520079823219920
3109189226613819936422400
1973816176081652110207400
1246533964153693581535400
783460015518883512212000
490252870258163897226860
305552629402111913051600
189750069705079193050100
117454466806574484018900
72494199449131004665650
44630219533252706603940
27414662573072731877600
16806990233009961415800
10286393662595302781400
6286408879146553144900
3837029761093289481820
2339450927326868686400
1425012299619763092600
867272864651423913350
527423588880011093200
320518186819460579740
194646897541689810800
118126469291385991400
71638638985938045400
43414695191334729000
26290525644532085002
15907960259887077300
9617430428314434800
5809082517679402000
3505362928679986000
2113039509116764980
1272341558814347500
765231852666412400
459671216872448200
275765808725603250
165213307695088280
98839953735432400
59044737461051400
35217903807454900
20972363171341200
12468765047137940
7400516012084900
4384435176538500
2592959536852950
1530630855508600
901682220205260
530201322688100
311142795031200
182142122089400
106430008628600
62059102038586
36079182629400
20944780896000
12129794252600
6995120414000
4031824673040
2317929932100
1325471263400
759192583800
432584887050
244405069240
139108008700
78612623000
44022712900
24958544300
13814395560
7594681100
4330427400
2379365150
1302875500
729331980
375149700
207832800
122679200
62255500
33634466
17417600
8066100
5528300
3076000
1264680
697000
272800
172300
151950
49240
17100
8900
2700
5500
2500
100
200
0
100
100
0
0
0
0
2
