2
0
0
0
32
176
224
64
568
3056
11568
21424
24804
59952
216720
622640
1317936
2188464
4487456
12047088
30146102
64526544
124070216
250332224
571917464
1303480496
2752527080
5523985824
11189545944
23679050832
50576276344
104618279648
210775355726
424478232208
865774167496
1772620445248
3585753467284
7155608002432
14231473408992
28368773617504
56525160829288
112005553471488
220412942877920
432101775714864
846028413795144
1653180201911280
3218684641005512
6241060335593616
12061875421736700
23256595126741472
44734133530037976
85797044065577184
164055637866506350
312829545438819616
595039049707662424
1129110113717500544
2137163781694224164
4034948348529287344
7599448053963273376
14279635502695381952
26771103734761718932
50076766664276742752
93462031685445487808
174054403506011326160
323453171558754279998
599836105121759647120
1110101341642074807896
2050292330464738055664
3779270429304069023464
6952746087893574334464
12766645611207165636824
23398242665121663175792
42804511007351908487052
78164516834893130466096
142481116126918784432576
259266246817498763214560
470964850282635766756060
854077392529148040634288
1546266678903859288372800
2794872179092179270648944
5043609972310360795569492
9087288970350765198580848
16347503754650441083942944
29363207195115827162583584
52662430027056020411201206
94309142331409936577862432
168644444092416433439304400
301137750745091301581845792
536960808811693168489107500
956121837528835383161385456
1700144876644064056503812464
3019042240655701737299982656
5353912583936086392442847488
9482005503056000906265746608
16771184318735427190809955200
29625751668275701648602816976
52266619766702813311929300120
92094961195839512465369395584
162072949455291074239584370416
284875413959144891698278572592
500121462789969436184515092528
876956796534057878930489511280
1535921253973486052877330410856
2686911654811426158348154876752
4695014362679775766579529178928
8194543407283434838484121476080
14286369217691552558782564820144
24879005572518927465419572959840
43277558565855959121311578652704
75199580142456801066603271410640
130525431770887905752799184001048
226311095637832500927301368242912
391968588365765491711165629063884
678164283717271169410148968432304
1172087719547587777807613124551184
2023624818938287824913532883520784
3490177290072170144062443835794008
6013333985942588784391221427501216
10349897614320256079143298468732576
17795575026225844779572617649097904
30566478430445614496111426508115932
52449115734547609825792578640788288
89906709986058356245785403343071464
153960322080145622872178511267739984
263384188151747483860806779533872496
450127965334481214543169913431208208
768508608907499236798602883550690272
1310776880541549554439253832245537568
2233452717413631647454850751848258652
3801834231396086911303918939848133936
6465145331574572700096835706044310448
10983283459803663965950920626852663696
18640380143166908923372444950885327996
31604265321001051449308445305120451920
53530892206544320043606289730279179672
90579599377758817276699112911470727536
153116683410500701150554176280363383140
258570929408465415909432097789042657568
436214992360174524027847845157434770280
735162945018322711032268152825456625312
1237732951792134611699918561479975246536
2081750038751138583292073914058976510000
3497729459147247106098904060533878912656
5870800586033135479132543312388405515888
9843717610530368296394329084063913622704
16488024734794880583770230996424835158832
27588143434208715537612189836022057299888
46112333534005719333836020097501195978848
76992538732792694325364541263013561681020
128414165960171099453276290307391520514144
213946666436591054224878599069980809129040
356058723966523000222573361168974018676496
591910656303319691784620294221148214923552
982887190970390187127483968072121753259088
1630265749966398377987682854608383702849328
2700935505608441167861162044704915874845200
4469558263805981905251737009792021527671832
7387588401501899861010888632088362490284528
12196106377105611445715444228853483650664048
20110018134474472387213157705595160557257152
33118325288158392090795589083179134333533636
54472886325586723513875985110809855013226768
89482795592448257515380400747411655905713400
146803495086610588368040469680167801445807488
240525444418186252508787997614710098275351680
393552818364310673329749524151923356265757168
643059981777908294100075874344037041581339544
1049288612382931239885767455337245588546264368
1709706169029368310583856752720132488891127524
2781752656878487542513691619082956014863754480
4519318585900840302863302754912622992649328024
7331133529671631454260514556945557671657668224
11874046276236676392875101317278677000957958156
19201752544174354462832293450042991745059284576
31001447806040291602583340932402799600406627592
49969598474810615133375420718823274657973780176
80407331289843427285565672574611889812098459736
129161709882828899846278253697216031617887640048
207110451278238088783174703521914288523759982648
331498342949548359485685417235923164936780247952
529605053886966097388255439390813034699738109152
844488696103815574713947809094012879947950383936
1343956807605699866698219763040302712427191088640
2134541249795715557120457593723755483319906353264
3383208772860962765104925559184347760723385553836
5350994375387724580972368165129968881428693514192
8444953904247707747923634405608026492436282917680
13298173657792997898761511935439374608203009949856
20892608506136962945927431464897636090293831100312
32747073019522408348328271841122057454314428740832
51203995880830416642653174860381264776154826296224
79865338380957563890776050586275319049200182868384
124252945978912267171191649109991994513246279048348
192805262249981267177522303858975361423991721547392
298376117319005978964255099574185998333336927708560
460479808708019246844269234543203067045266965572784
708640687668982123587214643608335218630655702439752
1087370092801388063382504189522597542724042787029760
1663529881771732499408512467524090149961028562295544
2537179301596721068477166342623349952923479795074864
3857480775024634213033663392663086026210797177440698
5845915224746836190466332317818386449273058730493824
8830002863334289620199807788889297204984343713390072
13292039931872892934535891573024928836072654378330720
19939176598104200191895642182459489664499243406104140
29803647331248314874168080537662236824140230367153616
44385343689994538760554268527619239952769733258185600
65853472384100775117441042535638127073601112649441040
97330122465911213537318997177930921388820955691477476
143286611345700697139494058100065285290087960173304720
210094019105336593032629500308934492768733256938099976
306782981284995894580268017148347605883484355103913520
446085315624412013698281874714231854386283116788612180
645852216773783710427614381811885367307201855860698112
930971430946932299416737567818887423015948294062077056
1335939894675177239431231470519361635742387510978357216
1908289594134864129870882739812519503908285054338675604
2713113497456750241613462831507906917587941778332994672
3838995616296417949467535701247274200270437892537103016
5405714303818649232488891459208916326101153589792943920
7574159729282276075476398686496764747429089894534248710
10558982906016053929856026236185529992714308470108498976
14644571044915613637873888020536581172634464727336150624
20205016871701412299612975206589124984830315037820486832
27728810181446192465168582306152717317840778378743310764
37849018074478917352561620751039325812419001004589450656
51379723052864538211691080139673202101435291669288682752
69359439735308856023388263687285930608500659260004962256
93102113169524780149753509399483297206903531393539420336
124256094555960703753043355517892752825874372027242256160
164871172920246554416662676140654072015065002032469184224
217473294154636238914608914624738376555567492509613905680
285146005457949240987518190557863705414662529589565770018
371616913301541968034507614788303665146158674037750905504
481346536007229836054628221887629278498690052641665071776
619615880564247550279064352977447826026603870257055374608
792607907279459897270909112302461021914797405669018231884
1007476815588971449161210947854145361587110867545685349456
1272397863149741531193436935256559444223129340603767838488
1596589315325406969509523406843595683562267576473372800848
1990297233111142963179014675034615347173744515402232632352
2464733282651307742530965731197900765668295466660404458848
3031955738226133384969052481074528910659708154750511400216
3704684502757761968092675071656469171528755156125517598464
4496042421638084943548665278813020750483155303360601932220
5419217522585172978825102373272612825008252828721066883088
6487044132855821941740055649143184320634576312429174800712
7711505094591796252192444768047313791603368210154022473312
9103162424679295374421226062189181668904205417375237879648
10670529556944180323716855050083091775267924380504401726080
12419404470965984638549275066239408658790401147158199420568
14352189166257407519076032157461947233189609640960974762896
16467226614999704097378479858900746307876048156265218210318
18758190998683048633236979417609204511921448104787614870672
21213570165205426030815489423115102423661287327872000456696
23816280325114314973437057375009452387325389352810327199072
26543451613789459052251070485396890522310118063232635865554
29366418992219766639844311698394303121315757237182682660512
32250945939753530227369555726656201484052953900573839451192
35157698627974109489251061053370288629685232664621022403696
38042976119727463309063290073899230166729514559797044517564
40859688218508998484753364384886471749030326969463957281456
43558557726121165054509283162225526116509267761723369159376
46089509044058953458182961835092654210383823894106036294240
48403191365721742591999622795881465265420791731098027819874
50452573248439936834502814547712914001387073064905913485472
52194537131509992327125859159131543509065153247437152319928
53591398195699315477751951687569979866128152257699223515280
54612272383406305549762258920868662327891678872974182536468
55234223619986306083896098966739126295597049919168483645952
55443130124011094465421001387596876297289716969393269566016
55234223619986306083896098966739126295597049919168483645952
54612272383406305549762258920868662327891678872974182536468
53591398195699315477751951687569979866128152257699223515280
52194537131509992327125859159131543509065153247437152319928
50452573248439936834502814547712914001387073064905913485472
48403191365721742591999622795881465265420791731098027819874
46089509044058953458182961835092654210383823894106036294240
43558557726121165054509283162225526116509267761723369159376
40859688218508998484753364384886471749030326969463957281456
38042976119727463309063290073899230166729514559797044517564
35157698627974109489251061053370288629685232664621022403696
32250945939753530227369555726656201484052953900573839451192
29366418992219766639844311698394303121315757237182682660512
26543451613789459052251070485396890522310118063232635865554
23816280325114314973437057375009452387325389352810327199072
21213570165205426030815489423115102423661287327872000456696
18758190998683048633236979417609204511921448104787614870672
16467226614999704097378479858900746307876048156265218210318
14352189166257407519076032157461947233189609640960974762896
12419404470965984638549275066239408658790401147158199420568
10670529556944180323716855050083091775267924380504401726080
9103162424679295374421226062189181668904205417375237879648
7711505094591796252192444768047313791603368210154022473312
6487044132855821941740055649143184320634576312429174800712
5419217522585172978825102373272612825008252828721066883088
4496042421638084943548665278813020750483155303360601932220
3704684502757761968092675071656469171528755156125517598464
3031955738226133384969052481074528910659708154750511400216
2464733282651307742530965731197900765668295466660404458848
1990297233111142963179014675034615347173744515402232632352
1596589315325406969509523406843595683562267576473372800848
1272397863149741531193436935256559444223129340603767838488
1007476815588971449161210947854145361587110867545685349456
792607907279459897270909112302461021914797405669018231884
619615880564247550279064352977447826026603870257055374608
481346536007229836054628221887629278498690052641665071776
371616913301541968034507614788303665146158674037750905504
285146005457949240987518190557863705414662529589565770018
217473294154636238914608914624738376555567492509613905680
164871172920246554416662676140654072015065002032469184224
124256094555960703753043355517892752825874372027242256160
93102113169524780149753509399483297206903531393539420336
69359439735308856023388263687285930608500659260004962256
51379723052864538211691080139673202101435291669288682752
37849018074478917352561620751039325812419001004589450656
27728810181446192465168582306152717317840778378743310764
20205016871701412299612975206589124984830315037820486832
14644571044915613637873888020536581172634464727336150624
10558982906016053929856026236185529992714308470108498976
7574159729282276075476398686496764747429089894534248710
5405714303818649232488891459208916326101153589792943920
3838995616296417949467535701247274200270437892537103016
2713113497456750241613462831507906917587941778332994672
1908289594134864129870882739812519503908285054338675604
1335939894675177239431231470519361635742387510978357216
930971430946932299416737567818887423015948294062077056
645852216773783710427614381811885367307201855860698112
446085315624412013698281874714231854386283116788612180
306782981284995894580268017148347605883484355103913520
210094019105336593032629500308934492768733256938099976
143286611345700697139494058100065285290087960173304720
97330122465911213537318997177930921388820955691477476
65853472384100775117441042535638127073601112649441040
44385343689994538760554268527619239952769733258185600
29803647331248314874168080537662236824140230367153616
19939176598104200191895642182459489664499243406104140
13292039931872892934535891573024928836072654378330720
8830002863334289620199807788889297204984343713390072
5845915224746836190466332317818386449273058730493824
3857480775024634213033663392663086026210797177440698
2537179301596721068477166342623349952923479795074864
1663529881771732499408512467524090149961028562295544
1087370092801388063382504189522597542724042787029760
708640687668982123587214643608335218630655702439752
460479808708019246844269234543203067045266965572784
298376117319005978964255099574185998333336927708560
192805262249981267177522303858975361423991721547392
124252945978912267171191649109991994513246279048348
79865338380957563890776050586275319049200182868384
51203995880830416642653174860381264776154826296224
32747073019522408348328271841122057454314428740832
20892608506136962945927431464897636090293831100312
13298173657792997898761511935439374608203009949856
8444953904247707747923634405608026492436282917680
5350994375387724580972368165129968881428693514192
3383208772860962765104925559184347760723385553836
2134541249795715557120457593723755483319906353264
1343956807605699866698219763040302712427191088640
844488696103815574713947809094012879947950383936
529605053886966097388255439390813034699738109152
331498342949548359485685417235923164936780247952
207110451278238088783174703521914288523759982648
129161709882828899846278253697216031617887640048
80407331289843427285565672574611889812098459736
49969598474810615133375420718823274657973780176
31001447806040291602583340932402799600406627592
19201752544174354462832293450042991745059284576
11874046276236676392875101317278677000957958156
7331133529671631454260514556945557671657668224
4519318585900840302863302754912622992649328024
2781752656878487542513691619082956014863754480
1709706169029368310583856752720132488891127524
1049288612382931239885767455337245588546264368
643059981777908294100075874344037041581339544
393552818364310673329749524151923356265757168
240525444418186252508787997614710098275351680
146803495086610588368040469680167801445807488
89482795592448257515380400747411655905713400
54472886325586723513875985110809855013226768
33118325288158392090795589083179134333533636
20110018134474472387213157705595160557257152
12196106377105611445715444228853483650664048
7387588401501899861010888632088362490284528
4469558263805981905251737009792021527671832
2700935505608441167861162044704915874845200
1630265749966398377987682854608383702849328
982887190970390187127483968072121753259088
591910656303319691784620294221148214923552
356058723966523000222573361168974018676496
213946666436591054224878599069980809129040
128414165960171099453276290307391520514144
76992538732792694325364541263013561681020
46112333534005719333836020097501195978848
27588143434208715537612189836022057299888
16488024734794880583770230996424835158832
9843717610530368296394329084063913622704
5870800586033135479132543312388405515888
3497729459147247106098904060533878912656
2081750038751138583292073914058976510000
1237732951792134611699918561479975246536
735162945018322711032268152825456625312
436214992360174524027847845157434770280
258570929408465415909432097789042657568
153116683410500701150554176280363383140
90579599377758817276699112911470727536
53530892206544320043606289730279179672
31604265321001051449308445305120451920
18640380143166908923372444950885327996
10983283459803663965950920626852663696
6465145331574572700096835706044310448
3801834231396086911303918939848133936
2233452717413631647454850751848258652
1310776880541549554439253832245537568
768508608907499236798602883550690272
450127965334481214543169913431208208
263384188151747483860806779533872496
153960322080145622872178511267739984
89906709986058356245785403343071464
52449115734547609825792578640788288
30566478430445614496111426508115932
17795575026225844779572617649097904
10349897614320256079143298468732576
6013333985942588784391221427501216
3490177290072170144062443835794008
2023624818938287824913532883520784
1172087719547587777807613124551184
678164283717271169410148968432304
391968588365765491711165629063884
226311095637832500927301368242912
130525431770887905752799184001048
75199580142456801066603271410640
43277558565855959121311578652704
24879005572518927465419572959840
14286369217691552558782564820144
8194543407283434838484121476080
4695014362679775766579529178928
2686911654811426158348154876752
1535921253973486052877330410856
876956796534057878930489511280
500121462789969436184515092528
284875413959144891698278572592
162072949455291074239584370416
92094961195839512465369395584
52266619766702813311929300120
29625751668275701648602816976
16771184318735427190809955200
9482005503056000906265746608
5353912583936086392442847488
3019042240655701737299982656
1700144876644064056503812464
956121837528835383161385456
536960808811693168489107500
301137750745091301581845792
168644444092416433439304400
94309142331409936577862432
52662430027056020411201206
29363207195115827162583584
16347503754650441083942944
9087288970350765198580848
5043609972310360795569492
2794872179092179270648944
1546266678903859288372800
854077392529148040634288
470964850282635766756060
259266246817498763214560
142481116126918784432576
78164516834893130466096
42804511007351908487052
23398242665121663175792
12766645611207165636824
6952746087893574334464
3779270429304069023464
2050292330464738055664
1110101341642074807896
599836105121759647120
323453171558754279998
174054403506011326160
93462031685445487808
50076766664276742752
26771103734761718932
14279635502695381952
7599448053963273376
4034948348529287344
2137163781694224164
1129110113717500544
595039049707662424
312829545438819616
164055637866506350
85797044065577184
44734133530037976
23256595126741472
12061875421736700
6241060335593616
3218684641005512
1653180201911280
846028413795144
432101775714864
220412942877920
112005553471488
56525160829288
28368773617504
14231473408992
7155608002432
3585753467284
1772620445248
865774167496
424478232208
210775355726
104618279648
50576276344
23679050832
11189545944
5523985824
2752527080
1303480496
571917464
250332224
124070216
64526544
30146102
12047088
4487456
2188464
1317936
622640
216720
59952
24804
21424
11568
3056
568
64
224
176
32
0
0
0
2
