0
0
0
0
0
0
0
0
0
0
0
0
0
0
0
0
0
0
0
0
0
0
0
0
0
0
0
0
0
0
0
0
0
0
0
0
0
0
0
0
0
0
0
0
0
0
0
0
0
0
0
0
0
0
0
0
0
0
0
0
0
0
0
0
0
0
0
0
0
0
0
0
0
0
0
0
0
0
0
0
0
0
0
0
0
0
0
0
0
0
0
0
0
0
0
0
0
0
0
0
0
0
0
0
0
0
0
0
0
0
2470
140000
4222000
86980800
1362047700
17156449500
180574629950
1631215668400
12910621291300
91013999123300
579336551279350
3368663594012200
18073756272921400
90263380311163900
422857296927621150
1870863475165206800
7864120300326517600
31571547220493909300
121611415136558289800
451262041637399649400
1618751779587752896000
5630610878173034405300
19042025396305729401600
62757666446741398224400
201978768614306228580700
635934739253571116070900
1961906900023526815102050
5939033358487682200651000
17663203793755798370148400
51668506392948112197321500
148806117853905928939084540
422324095762151557744595200
1182100802428545490872962100
3265626870266027740133478300
8909890465243375787794035400
24023502874992244586373695260
64047169131536208638536586200
168921267573357694487806995800
440953283376145446631500188350
1139755330787566035513304127800
2918192985375973702206991874780
7403878745362327351940171367700
18620676125642188209161032496600
46436546137675296487414369092900
114863132684932218636201624857200
281888302863684898759786247463020
686531808205597051744845185313850
1659724216533232402260680473137100
3983830164430003467726245179867750
9496145180592904253551468527923200
22483406504007999536549356226111950
52884294996309092473093009021450400
123599916801285787443116438223177450
287084189604594500622930913982578100
662779233443023119915485724428946250
1521115885749597184589082382182104960
3470974589327019251222619973718175950
7875807972606787663021879232858149300
17772531920493878408785850346175840250
39890295490438822497843804536983033900
89063495766672934167007310421648941230
197831384012836804574077494959972992600
437219842734146308751410426223479997150
961519229323373912798476253522742044600
2104320185807630488092704818937491352050
4583549338939866033720374283054339238620
9937269330938190979892517931967746977400
21445911148583874053228455345868344444900
46075490860003993980620382290197732635650
98554801959442024029040817390519607638200
209894447790052386082452333409560605193790
445113928871209429007568619768632557637600
939980902382172973837897111814162079204350
1976850803699425066852177267268269700662900
4140607925876039607800773675267900412387850
8638075406537766764741812492685232819671960
17949769817221545599569697242379105490728950
37154824028621225585483558664728659787271300
76614418125525784581777444268660209518327200
157386863910342111888831715506861157544766500
322115802349672024183272019570951868117606800
656845589330194387442065367126572421801654900
1334577047902153165134121613999812531832776100
2701928280720336690824358924076671862282190800
5450970168363571044196346759082964877879775450
10958799708581228491866617067503024169385002000
21956348767102400843305743767834914363171514150
43841292715524413522244314793955131486686194700
87246950765795758024192091184686622641372839150
173052492935648503650535749709397090157388159100
342123293211224519405806939658514256556790924930
674187315209976019805647598273556109012790424600
1324302283779196164972088667306507139998489911600
2593088157730979352617608037137366442139455833500
5061573595942989095197091943948995233489040052150
9849314716315037724149273443588167238545202196420
19106990312433571476849316322520173556346812913600
36953668706873456269495561672962114958691357251600
71254883238038696580578796934255520455668842866550
136985904563012923705573491485944257425898192580800
262574955444568836843130246701246420770186032383270
501832172127225694635663718221882994805088336278200
956318862991328401839705115497120870664987784148100
1817175388553440282462979922263416864185068153410100
3443113982785863566558071537123804069805684960544600
6505438383932411875830009392747156531724653954419100
12256943885563841390700363888682627754177243670238150
23029144802991686026256126268729747815944336230830900
43149185855415080647141544169379868793441704066361200
80626065987403732814321627639859558601172328892959700
150243254001157266548150841035633306695576503086609520
279215432313248588978283533202326762674679997330400600
517507638335179886441435749365785799599088992588542200
956609552926480915287709682206258485182607173316690600
1763602380110334004095969496157404237024210598604341600
3242812096409840444790467739764389147431872947128654420
5947095273216287753436176580454502107746994304195116950
10878189009251100450551953268203956530783299749851763900
19846467733327172117413191304063275580976265039024262600
36115266708425845477470071172318488474055808141209233200
65551890453857590251966740234161599137791730824729339150
118678476244111543440477098043041556247104101073653336400
214316869061528950549592400601542318250504270708784449400
386049919598581679872406281591608856379314657308660688200
693646361723681508193746915053855148949865847761039863550
1243211092979468245635294613131439725538499749741700080120
2222634769696898848649046060893199461137181978251567621200
3963801589643494439810006913145224859453899096009111906400
7051478238034954238492479563470270532160536705224771910500
12513435119692681495209455389908160649689390465008174567500
22151567627002380650976015706279848337802534159211775425060
39117143710679768097178922340321437784166376770748049126400
68907666145555970044017841473820230279555709739075446834000
121090047229486241036153974802949583247586631186101799038400
212271851629921606636319242716460493213481432453624530481250
371211783907049982542594565070287738436595723099931206498140
647587723463133281092106818692081578793011035642056830461400
1127002489510435357518164890131315560870582654984607185176200
1956600935196146821952412759473692565376840215905416657611400
3388693108472728168660044756324374647471526974338593130204100
5854854452656346285584456266149572211557629105915047308943000
10091481329664599171751812573340834649912251097286618853859600
17352000804075122062259637999620471343686490116296487277309300
29764643046636035460650822055731670088150954407421599316773100
50934111661374491906473641952227577209348890135293022946972850
86950880466780907868335991881804038141959662194632926227987000
148080022557121238249951519254043011597945329138858324404950800
251579961426451315519505903952917347871931538009994093611576800
426395243201072253060906305312851918616542032929693754192925700
720949473242734901245579481133549883642271710439326026709602300
1216053605712183725870170556980974867242461102917796056065010150
2046232898542222306311988273225705927972497224484515282996758100
3434873087214235538025062940557100381063238574350723694545639400
5751991731042143037611942830518856713902362921239500954216074700
9608955246513430481295880520978641486611550329063366217998750800
16013367883116033363415287743931348293714905400208141051882895960
26621701852073791532546341515450149823638984872261888622943810600
44150273943340837080555193741166809862642173215238086515596891200
73042069586501800499840201951121709523324165244575050976011049450
120545844008237215954790999212629258512550109328161208768638708100
198457785081919250433490827318888033569528360689457923957139063450
325925081061891244821023295925830094664408693320286529742719096300
533946793657741785302171086886658010045112360920954221977233673200
872580196349163292105192472070760941043538792695358270245961922200
1422447660649128494417870187274330007573886921220374756263848522400
2313060606582409515481008116473798178319510187583635453050265241820
3751919371559174002285627873651840390737739948983727295428816749450
6070598868817457873819989602323129366954123369724771370879691739800
9797532483236740620512302732040969629199700961052981377679537387850
15772640175573672737262947973273568148862539790276582386605806954000
25327350027060313400210338015463466154682431890786050526075109875260
40566518533583999124466729144513359251509962766710468362583281050100
64808668339893726600733231520275636664388840803559423848761838140950
103271472524831837748556601468767710995869851656860843848321471637800
164136012676157603035389922577566967096845729215473062800995281421500
260194277906547162020111251512306070695051469183070183861413569734240
411392018238234815578735846972166679417993782935901659438913253668900
648741874334526106290075016685544590978226834725453710328206718928200
1020327124632112499776860154015629238074271368606124339308217814815350
1600485092303931695396333589184390307714458708082856057368318967364000
2503811278933307674563550832456678193339340518040591081688517646084930
3906448936814134298818377867704400306283506222067098099494654521247500
6078353409292328246197631391209371000044785767174302146328894010268500
9432034910361420657311962995188359712572816719548233717129634933612500
14595961811489141503591779993802685780775190310553738872037506027412150
22524746047832010310853825174988596530642811079722050019009396409352480
34664005362343577553906842611325425309995341771680982267942709627000000
53196225446278646745587698462892203179182171259687955674623222922028800
81406203014685147682777269211109524908931714849524611117285274377264450
124222409698131155837701272018615761263451178441450128461922085583280500
189016243927712723889687697242385374020245604060648340791443261057530240
286777972568436683021111086580010042132579210948437869269867686392311800
433840892469034908404882999780956535335071680577217336094358613707149200
654400411286316399963296424515593492377050105716598806411653084543207400
984181458146535994235348916216229573248482881201866171896977428195282100
1475758476817158734480645518429405973141741205342379990221699872630685480
2206244550938902792438750435078714788835617282960625316315608248681673550
3288363676958228148941637920963622966464393360047075527101544792852502000
4886335122857144786225120257085734407114133614343387197740214130260343200
7238574904278528690654031227119147262960405726660420141077653544712045200
10690015522353668018556452188838152941373302047827421346769037144745274790
15737939992612771297536401935494317632572114954769958626531866600760854200
23096724600134728774814028997025859586922776601281149218275418492761271400
33788925187565824572822962101018741361941758503659635426073179821556694600
49272905904085883222570146631439680020620534004484347655878778832208223300
71620934282208943676327746021779921333627235985913100866720537813182508660
103766659237626825704961134627562694877909579685678223116803424780969344500
149847543651946516728897185616445639655712377886998463014515669134818672900
215676643767993882468907636716472846012249609059149246362767630687083237050
309389750156083038699994201608802117735346542308005311670018203518396826200
442329127591477155486496118797566136348162812193524579709882381974230665750
630244905426273143168387824465136883314275886726630581435322448896578796500
894920795911558912944580441821105951461407993267126937334868372006516589600
1266363740516108217029480734737111959760315340576368998564403821622960638900
1785739090726927462427068252856045618184204640097403387204741460053006903050
2509286143725118994480488331070706795565789076313984684021710645096202085760
3513515763038863447660150298757264297735321310664978840407757791082770043750
4902075289729678120320844166268208760738347328774259427396075000708550081200
6814769241363695837520735023438222459961161119655141467147029336819059966350
9439351007566192669393419173035302688164463265510794946191787518486016453000
13026854775012239917273747466731657101955851083654385475132193784087773709330
17911422320153267239402354809139561492665973448214126004528380010428953031500
24535800164549027795362375300887896621734341484642485458845347701149000942800
33483942712929448774761773097194545916028501391021200478299670179475540666300
45522459607179428162826066915983327421508029651175405658825298250913943339250
61652992796445576014734210347914215785885687061953666083460756156779658027720
83178001281822093475408662636753876971097683996390636486154758895256676630950
111782867346298822402317170660558571666781471083353845675152362830666780415900
149637712357183459739662135591916627894870942166117767805352822329684006825200
199522813825031836951468205977809632372479635619206161410105920960205571794500
264982034016795598403814231366870744191447616663617727024847705022530272175640
350509183418363250721449022805444906271498505592880520192776192781140466371200
461772721623514523690707553386318689409669914372724614952263957433493437873800
605884607165837762718689805782999764725390477757555639263516001151634793427800
791719400376651005716599364829944455546798903252852551479167322424763724321550
1030289843553216610110308415973414925433651154463489543885502569126614568029000
1335185024526176885293454174923139835477048025346340755067298961148135551772400
1723076797636057368543408094882716364400903231740918884411079625894758123792000
2214299306661870690241224951020507972383065362524435681813900422543955219162350
2833505138358632768989877141614282756786986374536055538694762584856892950794400
3610399742114366035709188614934005700345287458733851464365321833527714041164800
4580553193271470388669941411870800385313234260806987328904067158002579176210200
5786285077134899449130961534268217217530877446918717935677389152823754792452600
7277614167676075673293192104984329964197468097664940172994032130893243251429000
9113259636595406471202393230916442172032613083871485797752163805232186106263500
11361674759299154432166717206798964506659631452526038817657264714927847778637140
14102087537363860132993694861302784415739349747181252530329125898086603805959950
17425515444249489151700769905673314052596179440578657855340685973808873908318400
21435713803555275595548877946466312414028978714007660606684097469105929899243900
26250009385384717948810800832193146921285639676432561291611659566566459514602000
31999962997094211686956225788333668769693643515254859612040713548777675079467130
38831797573692249505487818536262544420746164532460272901705488235725127008886300
46906522042843460180240064778399436167090520502545153919580205835905115631030900
56399676619643351460126003792714039877550970192477797647892564517838969261053700
67500622795743298154080958591647571534451888404562082819940729170845974279785050
80411301767040915043086661293818284008726608887778132234791388270978942016495440
95344389022925971029934922218700662492290084226982454870413325032999670018330500
112520780873051087810214884155733784482086148280507783966981979950637186957000200
132166361288300809705745349385393873447882419275210277009491941470927189666533600
154508014901567050244510987247767142605696667771825148516917347379173760808177200
179768874466284900824261364458164419856538680381022901836301700233979845457192780
208162818366821824021498963297460698459189224627841395581178108888432790298124700
239888265477904721641501895167969794985425727276093505359178365707267969245493100
275121350015425519344661882236517482476250122117787619441215048446983415783118500
314008596900563737065270801996462511144142542911735676305806767165199361766831000
356659257128444577175599604595553007858375309157034065483646290404996978853405460
403137500938836091658449463409161601085205536889661437013349745093945430595788100
453454702224002346449383627743667888734651833242631853864563050124440289107245400
507562078400138474959181155579243421935726850740906221178528676991822615622962750
565343973669842874384037681367851755810755935005741770861028375071059809194608000
626612088029961926425900617094929295656079576848992334116798374091804573501077030
691100957549437177574540488482111341811229533189061118330625670876433356526582400
758464981722679133410820021687593635970094768039359803885526629229620059051437500
828277269957623420349036677899946094501694018591591673622075571671515795927642800
900030540972711394492449648626549774803465912472955880211322033436448338016859050
973140256275576354893765912251141452291409335067859431044329503564643582889678420
1046950103004550586398652115024013434351060747024682895874020772949885596442071350
1120739864089104967383224300069676279842652156569269974588516804848503972795619900
1193735627588845830751312735334871545111292398853341946054531007929090973187388300
1265122195588713104672490438663994334482237973617912402753856691615800822895374000
1334057460134806674421788955583313706780302049618717605759819680564924328356474840
1399688423766996224483115147432147776882120549611930155636702686748496473020390800
1461168459791252633532623548598778564469127732003710103388921827135723325578130750
1517675337003605370852829361647614062526154232253954076233887082803505740560138300
1568429479243058634794608780200979431561366787229081911318970032864814584906335450
1612711895409369038040021847263773667077107223294316269741545773894942240383494720
1649881203071655183515950229361896186330570827834573007568602152468613544439349200
1679389180096927619551561386763657125193748198057761719335481547707682467829220200
1700794314228347155798229662494149434810036744088881561021848118457920460986150200
1713772879359391712344766136071157476025688189302807702798028099815594069256931900
1718127147242540494051365709676816419734165165471682801643232829183846861525074570
1713790441231584203737877100180189678976714245555449809322529175163133876397272600
1700828850074644683950429204208697761666237597204710901506862925965571432852764400
1679439539669830777566873221019533892900836333480576898764273091516352971198205600
1649945723501122042688378600606290041733560118952800312513636215351488208638420950
1612788472454678195584299561668266451802433004484155718528161574401317893206325780
1568515656302720689125817831630208198041843584088207507893443836935093690103828400
1517768407240274146903575552410660335613369577456602861147369985864017555964916500
1461265576141323970940896374389669670546064108100115370354502340533341151177302300
1399786711336432707436664038518814998576253582941013083346402501675543800404775600
1334154125541319382914550261546937626358098469633231791267722210280700322409293850
1265214628180862738906661873199537777994103969783479977842640102745436248354940900
1193821488119344887219643537022428772531687050612222310005740241324739240617120450
1120817157289845593322128006233947441266159907815959719827641781453173137624789300
1047017231539301058255218531028018027213501980876836949328758812260083507644609550
973196054660335872667622300046663313686242973835438289524785762732660414427785740
900074289179295736205962092073175618504066650618277401568825524477397525312048650
828308687482973198840653960286452903966871943241971163755501883272774856257231000
758484203853118008066745050501828337138399342544329695351565715494821737556570050
691108496326606321814530324171584059672019313988387800791872031104376532075915300
626608780999382574557359187911340290008122993489289974690319937062142447775652340
565330923846190746247901168499089566374193982518351653181742760646132524998841200
507540589013614507368065916171725278707534433111288444610641179330870264590573050
453426209732657485422736983396125787226313435522669616031723572671663695001079700
403103509527773560046228822971421037781374317321515844289402465825292230515737600
356621277503287880531110510094093212041620435177743209472825261641101298898237380
313968091660220903972853523225493236364251805298917708425220092460578025206204950
275079687301259992977764105501331158414801199300456201481424329410127402704274700
239846681985406050793117574133109761809663359862585687180495925245319668804234200
208122392210593787211747954522662345004917855684640548341036013267729689778831300
179730507842631513773727390781006101973947194455389054430641251703526386688727510
154472426020806886535262555509088245201604466053170660352934508478844075172941100
132134084668708058104415033550040321949281363059451249426344780856328935752422100
112492174809345720023063894446278591971040401253967004113351930761441305340324300
95319648866189083550873238930710845892681784506818214516855632209458766071910150
80390477574828784526248481420771611391693885517587714546800886885842188635434500
67483639920701468325135068808063357511784815880650123197252220492732248657803150
56386357887947164793829793428955388928769173413393587991464972590315185396331700
46896610313902884969026782829055310607144417034475914741793295162170678603377700
38824977652520613007546891194465066250963456505762908812505276485042057437833200
31995882073761099992641200867834472913470115364278576327649796944147835424164570
26248295386728300590910217487223847464185610534044639723613534960325623617971700
21435991247702752470364280099669056629739787526734945943618370816512542926206750
17427418578035035652854467747376414311419599583848280313415682632661957532580900
14105270702843538273927640015515056973513567798627822873987622984004072529162850
11365820073454440202373501456758086979809734492238054968292888909871194310758740
9118082175787091022721200663567834565978691327958836701175251762537777585714650
7282864925477779930540730678133957524235287702267577625058589619123233150318500
5791752012643779313737243855667204974825769553414131599134562028119921017971600
4586060709978576231818869309956562702301720427282098947479035454316848386354500
3615806938882884358096278833216807714255040390771728029377071458830782377908580
2838703158393917570149821896131557486445908435253545112427233267411919123762500
2219208082013985263961775808069985270774611831623180791200363305232918492152550
1727641449978195189283301850429866286277411285854703719926937836484484551947300
1339372141488310668015995970578077485110646068155941696896323819922712429253900
1034083806974688157183422369119132740136444385404029535501780248964656615396320
795118901049381438261061562529022887946216888587532575139473205148902386629300
608899441896422068510556021140669554913488545012368637098947656722155740073500
464420934056588671053817597741992350651128836127536719971324892920553034664150
352814580793918428716280814284625370730137927632022267257667845310315867002500
266972088174293885789686496882164921514128936281453578269819723520037866638580
201226936240565046926369276589305018270148400955373883972912359796814793488300
151085879454326653668801718015941353847602554320926345312248317275790935392000
113004563217908368811391938433473440378747849136658598301927586715299810965900
84201439651677847731192064790528231526064980584759850466345668590182358519650
62504577846169482294350591955066598078883466410114116221129066337429756255020
46226445513298607496657608456408182714686809015887382654917141980725392438550
34062253744926771575209546908458038951174282541458466538690880437097556392900
25007976421304931000930862363478675832953027721108099448886743235977687809750
18294660147676941688373796016077512918880176901435134407846428217067730448900
13336115220444291555517652666325776750402202815377728006464964459997312408430
9687514018280531972401375004045958951011925167608581619070916399053806467000
7012815489679375844195791084132716445058447127374897759090653458979691934200
5059281340569958311686937377439266987549722617229571613004161257354190163700
3637651711123746862150970254014039716082549780250569510193302995742058638950
2606807784128796948112198272242725230165233317011290555360204054835376715940
1861969144506012321700803370390358837515625437908706302501415792724501873350
1325658655100168556490233947863851259463364792656549883694567433096996479500
940821215535553930056760451247308404139034984692092098186687850448374773300
665609108259735767472683564196000502372317879730128394854421929554135118300
469449606474399023387060661404256931535791510872523957783530170925193251290
330093726635640556814472393900230647838767030456217688287162607225721315700
231411701570464433898071449089080196608628968276098734843774685256068123500
161753794423024272327041531029505176054918896586681583300329684425359874900
112736951288951206117064840231238254454123368443778260115334667260760323550
78350619024449910459054721536320522816084523140572931248992382638747229980
54300615376627329278939284044344908704698895405049860142462602255608844300
37529710645716982573227778467682542731880727660206291849704867780475034700
25868778387230249812428875360503587391938976290178997251983828004606561250
17783984343828478256831233155683664181682712381509824407107019092309102200
12194302215168235302218728046311628796572719074222593286712216359194653820
8340305435149073218599099552426009098729713663265569723529017597144379700
5690186590038738560830635289105030300086139416179111192287865138910437950
3872693180075361219202686638381748656483375658658536351512039553506813400
2629445709598192225703834873975343422179533488274656679710548856794752350
1781157686780498961888082152486887574336798876568976109952337976719522540
1203788158449049041631835795475879945108804525823473298089634760242112750
811763940509817826335911037365306021938988366628878458963498332684542100
546215261159513662814661962827733414300199093914391524196256679072091150
366753782471234212572786818326476430816031175895574073907389824208377900
245744764189310479246113418105993369014233750680617401720843344810468890
164329266793888706376753711242576458014772335281083988176162197681655000
109670152606167166526778351140164000913302855400006727135329036073643100
73051072494751512829460086097725840719352251536486460592572185508499900
48568074644234894890043638185206886191582726865219663765678018282102500
32231655395844367317882904481808655502588943848436579436003437534787020
21352208390367375394378275064524420191487131463313135205382012452758950
14120569063917212534353802761159988371525641829437633036795975760479400
9322475469365416045285162481734092842898775370646795794960996647133700
6144691087864467412431373474059196278621419217924762144724543349086600
4043694745153555126596572008049000557643955734158013819112087566041650
2656963244546176986005996376582666508452492995625257480523263582700500
1743173330339252906259198617786045280869255118661271608114388173500400
1141989186671144158686470879169446683467516823297116390526300063592600
747081382246641718769458259634115770161946721104423555408747436814000
488063121745799564295660043731022308732997301482541006321059284936320
318422255647076838820463707521510872700173752019322632118014642447750
207475526636456579271981582754028865201542475740685182027143447808100
135015173641010061072924920407784701941104988343338271320498218295050
87753858616801219721430786538026202465393318165645689413894587543400
56968264090682143919088749459505895209155495279313017277833447451900
36940054773215012393494521166743010925251314418554288038572901499200
23926215449773393986030459581734834576186962716878885399085172801400
15480180626161943182967147118067823437143577433562197604727891669300
10004990263860168200096165715381991379669416285045327784521027173450
6459643015399944509451424418296664447652514261899074632465099204260
4166425471479179825869158718506466444023087683573735641749970119250
2684686065372869823800576098112666821182955076478418097536246800200
1728260584498231154524195490804878395640189831485641238573618064000
1111530301298753688270357229398368345177894593399486279103952712000
714232824268748366089244870002223767294016572633706850663539863470
458536911770932936695598690356238194100547698425543301207736262800
294126336789560865029291894429181984439198499238315833384626547350
188506926901092155264015453516800873042066815007277699435886563000
120715416750021756125845038485132820776581573648787276834418793800
77241021342970031591605225186152851008206961552962385334148664700
49384486235708642052241973074844367610798323038769674919635227300
31549854860719745822486347803649379873201464631844017077365371300
20140727104762489450616882819438077003658061858109681544366362100
12847841908183850069217908492497076967342259976135161104086721700
8189708616924823030510788860192058037913593598688953455407642560
5216696719681121116179475387642541176400898039724910944698892600
3320602876748111878585898246920189469408711975087432770573634800
2112212217987158505871769145339113545998624533092282130509964000
1342648074455892431561482382651123728638510799011918087129955900
852894629307241862033571830992574473944547853791450175298548800
541428825216214264794692531282511746337567017462052600869426750
343482176102878376322133359846417911312301812868448370856074500
217764802871821266710792754486964579082348103579303811744082900
137973416473116669457336684922009525014101975364287287328482100
87363657516752961670037503267164300262366105893580290284885202
55283696728475497217579004912229829775789103164263749145024600
34962080641475427902026678166203863348109485725955028649097000
22097048732966845748712372456773939471925355157320162120882200
13957602109547735618236917947723327807178780145419430666151750
8811086659726594957873587662835659803167855967392774388022220
5558949059648467171816626519183350686690577875427339665805800
3505119204011078623055185290029445656124831292414919652960400
2208828295464198025302571905898930448739914003653574665169300
1391144562788775022068908194049425469897085610979782858650800
875660324928266311558585808596618246002051985853266665463540
550876246852955072319781848644874060799152581157965566718000
346361126423807889484061522055496600150700669851133260692650
217651983114961046392842215132004740487617805972982476111400
136696085199211945845217780776042783843106473654103651331700
85804680447253587707219322139008355073575010481082238753720
53830540328065258403743030330356630756691768663773179344750
33752868558531351723117583022859190643300359675627366837000
21152323438888277969958029618954642090373424131657717261500
13248664158016937703749505941987486619278252832575953482000
8293805322997747718274272069173919146399191419187349465920
5189247206267340826213038469595670675391318408038952674700
3245074258547692668636256459428463736601549292570812193000
2028222475689803773447417497658224316267060927306895081500
1267004246209311536406977325194638755936042503640380336150
791066281805530582879269367789547658917392284436174537680
493651816690226324819147350295747486223200268314579121350
307894797649618795539566897050128286024429847886809959500
191936837846180540604813640879561313622923719689707526200
119588458568160708334645782574045398224692031399095373900
74472455012402817066772160272315200053161702926139268950
46353017851846767930546471748005586380631875838978747000
28836113071400419654833258321842241679173332569758247350
17929664278835072102793247640219873220365879794098413600
11142551512209614512842329004424691911655322833026175950
6921089612345829800150572105059470853096401715020725440
4296767455684752372215549207065074180150202279106826950
2666164633885059362179254398062132423339602205237270100
1653521878363354180561616892819169521546793256826241400
1024969364028487839811024206312992783424502879556465300
635023536415736738593628692834730839690178056236234130
393230101425942595672877913263435997308960437091461600
243378177989096742644262209187592335846156448277873450
150554718205895591230588010409509853930344647786950900
93086097251469922175129542647801162358128501047459700
57524494404003868688654465818668742923418184060032620
35530237329388707004971045396309790054218269214856700
21934131715992952725896803914133433233220679148552600
13533792490461308833399337152584067234530442843068700
8346318404797680146918938491898971577338450700284600
5144537690831962931856373205210574780946829437928510
3169372462463294931722798620110296387286397890451200
1951530050111713225828403449109050115515350619991100
1201024052015265552836604885048804405296384231456200
738757824801562232312481727854732909020081186763650
454177674087679489470801230731922449433565365726200
279075757781626898715150471473957811838292388772000
171391928081649274008276836026306487979030686371600
105203405333575760817686673241109544901868476681500
64541580279078494567535269507090417834483612003600
39574818754578221140168221056736384246885667895900
24253080015285151996713651233367290217076711644300
14855339791274168002721937842654574118440542611050
9094210113866695488349443174780342056211110711800
5564332917808815924499627811807755234702499513100
3402716951681009613155439259938972028549057389000
2079706711840549815578288896845471645105490473550
1270400519689667869652024582121334043673139129100
775604682787647186063627376377767891786388713300
473260214295790351195001450475551863843794078700
288614547200792087974568133276058142076391143750
175911232386940221734768651911323439855455510000
107158060974757486283522742786623248662650653250
65239462671219967929837253784518865426049792400
39696198207734929558818926013623798466056215300
24140075759543492043987390042874258289044380440
14671626362286995860956620856259035100921285900
8911807062700197223139896682738985456277655800
5410033204143262992210115067541746517719498450
3282301547555466948803701407880339693369010900
1990215940500740076269912519985751912316832020
1206042480361145108041809714630986505670261400
730406353284136020963388838011913814629834950
442082406515369256420586596006929429015487000
267409991086872567289754572658180217552054250
161653318909563999097617855739595316876031780
97661486115034766379537125782771204305470600
58964448991939034104061770831168890021226800
35578259001973804464280569563868548716651600
21453726002961487615912015443906272093841300
12928375407900681664616075161996035163455410
7785811772619957462818387868035932693944700
4685786799094483447034978972102527528859950
2818219059020730415001539549868430583670200
1693873537031674779410640926707233073456600
1017408664805451672279710759645773277704920
610687565738917079801334284440922991967200
366307049443081012885324686820581707745900
219571372190251906516106049987022313470300
131523320165103456899340760674210601318500
78727954066522246482071435093488682035250
47091825911454608828153942066682860765900
28148551103344271000581156606142692816600
16813199323305800532766512425926228146800
10035368471054114357271157054527336484800
5985400146692612688072886577150300788560
3567272699886246042061203212328019727450
2124462573418251142135763088003845683500
1264269480582319809002068737341919375300
751782561484311366317035688531414088600
446701214713897623829322844964227005020
265213731262936012264626232619007783500
157340906697437463319732094149966192500
93268029504608878588446736654388514600
55244012268994513244161337497832510900
32694461067656484119532973067077235860
19333876606366233373758748370795543850
11423279187462704655979631719009820000
6743929808462540373120636936479055000
3977886118539862779401298728410042600
2344427401606344488390438137997768200
1380472083008705774922741451019460300
812191647028466090488759164856738100
477402252429477214573403490227198600
280379077273825680193927117212116500
164509011926538170531572343282784344
96441603759674558640301286861245050
56481881959696757997957532946993800
33050676185831772751177548538190800
19320024008581968788062182525608000
11283860381177526503125078709273790
6583380079345392912843415739419000
3837600292107172585465335137210900
2234578406250307859000259489465500
1300015593561730219121039905519650
755455946004423473164957383054620
438616687073177949390792418816500
254360588304427413780808950680800
147376854295754981558020475851100
85285796043669737389930249644600
49310494875482343571441442114000
28473935727036374867995162434700
16427543829737884454578721784000
9464953092530640102119985596900
5448600359652535017839709144250
3132165403588688609897425347420
1798996211335211434816521078600
1031761681252725165753957132700
591237207774434384516108986200
338278328561490802965327803800
193388552936544290566909878210
110377259316502134334451925800
62948464344460946652571437750
35837970485524478611744956800
20388009514000997035037702800
11577417371629608324214449580
6569693211709417373943573850
3720741842371715501882383500
2105882604806613336802600100
1189428859142276926676698200
671419254957161801607755690
378161760936429118224233300
212890936629592271189147950
119559271471700571628100100
67119143392593492156528850
37583435445944904695437280
21039444833965762677808350
11744620542380007554994400
6555632102200430610728700
3647802604643622447355900
2029995259248073728737320
1126035210340243619175300
624762465935399783126400
345331651680359450586900
190999724894606525421250
105198964099740902817520
57999306173718171334950
31843351088080227787100
17498969631677738755750
9565217417467339738000
5238585271204378957950
2852674991755246287200
1557549176298145387850
845620971258788039300
459774820403298100900
248048985426314561620
134449993748411083250
72309114207380908800
39103301314470316950
20964084544932648400
11251911003897513730
5974307333759397500
3207495792546597950
1703040864851797900
912682559792146750
481452041641497240
253808334571629150
132299898154574500
70714253103663250
37076009504996200
19668936068730610
10111098570325200
5193392567475850
2667589926577700
1438577073443750
742101836164420
386412457789800
189642751619300
94415700402700
48915886221100
27118331602500
13475255603800
6736127688050
3053065892200
1501279017500
831011723020
472907192000
213783667900
99319071100
39828258400
21202498040
13462882300
7360135200
2738257200
1157467450
390028380
286097400
204446800
93123700
24661700
9868120
2568800
3929000
2604900
814100
119240
57350
8900
49600
23000
3550
100
200
0
450
100
0
0
0
0
2
