0
0
0
0
0
0
0
0
0
0
0
0
0
0
0
0
0
0
0
0
0
0
0
0
0
0
0
0
0
0
0
0
0
0
0
0
0
0
0
0
0
0
0
0
0
0
0
0
0
0
0
0
0
0
0
0
0
0
0
0
0
0
0
0
0
0
0
0
0
0
0
0
0
0
0
0
0
0
0
0
2470
98000
2069200
29832000
326911600
2884283380
21317713500
135846910800
763647825400
3858617758400
17805344122260
76045767591500
304021118649400
1148435446199500
4130788270041900
14237141576952640
47262625178375900
151761074644887400
473017027410017600
1435300541982439300
4250447836445710320
12310263939002908800
34932134689988820900
97271377982642693800
266155751431087479400
716461067149646580170
1899366533260406182200
4963475783492875891400
12796208510486137688600
32569761843140185457200
81897925651761379659200
203570765850916253394400
500468693687396476840950
1217505640860177250808500
2932192977957412468105700
6993911916867112707802340
16527906631930892845877900
38711214649828537461323300
89891102773955713227161300
207007955859069356608668400
472898618654503676468811020
1071943067599261842552400100
2411585009833258984451917400
5385900959010133122310295800
11943474571566691009415961800
26303017143908283501787658340
57539211318636267657294316700
125049491119372564120323605500
270042162428294728837533903300
579536558767486097531719516200
1236215133870630721675197599270
2621393448393557188253525235600
5526537938624621233590187793100
11585421863560550987361323185900
24152414888175079052793376943300
50078235996925539870681617965200
103281997553550658765638326633900
211900784791069718410663446581050
432529712808058657485369485703500
878447766019325544512641698859700
1775300543723272285461610214581460
3570437020965725748192513827081300
7146614809746946100057849967948100
14237813007727482701134337781313500
28234690653295129540902178333076950
55737969536293649931067022853326300
109541276296436360427151112214014100
214334407448296585428004669854556500
417562141141397948411828703333149600
810012956765045823040426919832649700
1564695466638259067088334325387034240
3009947975535696957407826367138583200
5766372807333885216203736831933488500
11002294346169727599473296698884270100
20908452928325751228416735842336180200
39576645570269957191098812554313586250
74619776394783273966407166334807533700
140147495736704882633171773100282678600
262210984018172902114884066108173895200
488728236818392367025515100763664364400
907509250666612661578296572605008892700
1678869910890392831928688759585177935200
3094424542659183624123803986469879477750
5682682283974381931121412067161595782600
10398016685808827488812008625031429960600
18957611203319232356188756073599254554240
34440091126150708430337480767993309027200
62345264351807813720011779138985667771100
112463448146182594652388894068358739398200
202161125644550066111601626965195348667350
362135547490339298680774340458757485377980
646457851512184936121635933190539666132300
1150038748892222255328258990124814731205900
2038895495672459646379821881366907498715000
3602418045155242032927364192691238419372700
6343306705507063311773837617248608823614080
11131789268239541049748431516467692697771100
19469128795697324803620986448581896283514800
33936289648171292020641715339714732585898900
58955174983652363020242952993345383532095100
102075637173302683905280961105148826167240270
176143709861338079977250301325325509589797500
302941491202934464563461757007533656075820400
519275815715956780575691558311784174388588600
887126846295419564042894927739869316689504000
1510503163263268244837100285420907404855699740
2563334524599252885847025509651131384528969800
4335463568834952559691605391546345452640399050
7308204887035858004915482259631190657020786400
12278026206884438095112171377302855473932424300
20558255169044620321506347787257909863649132140
34306816934528465868965588396703349754945231200
57056763330728165830547128167909962466303471400
94571845244502365002985278440054277686233121900
156221046007782742478717662173189961291263672550
257178417830320580204381916615365058423810395280
421930169829550020460159938808048102079672402500
689844059812249822478487673240458065209095184700
1123978997620240526661024285698377557025006279500
1824964552802254712273910258648859422985403468800
2952780132524328389623288249902320802751469738040
4760790951808079454624638115352869901505650630700
7648719552578973114184675022022385800921314053200
12244743623480082353800350793809456834716763418200
19532197516368701185863785255800053312615961627600
31044273103788858035820976514624122486137052906430
49161914900524834524491961002178107292939100518900
77567595211760428672219714471470440686089949983400
121933444590356388628608602257128845149398038801800
190960030892243736617122308806399746646531032600100
297937226805829649241519527759613020176885934214900
463078559946037186165065382261735024436776548477200
716995678943402681150175569435494208217247868783950
1105844661052231063370703109414164718683938356942500
1698910927117754126934723507175510089441619995190100
2599732011613259044777127571683478236226240878258000
3962324649516390889364688087411901808447025402949500
6014734708574554558204530406904667278331464908163000
9093032133815313980597668313119092647433662441112800
13690116190631375919235342703591744149464949273942550
20525393465102277555138581009193555986407345190499380
30643689880708533661304305201181553255101664278643000
45554846099624612190678912254385446983630837199946700
67429558476644651805640655544416016893583010275252900
99372455917135863249250570585249047037008185403093000
145800499398842630089571564193180560818320965272565920
212963975442997071007774333087718041996699835134613200
309659115723780850462661385227491830515108053516453300
448196264438516223976773181548394662708086154479614500
645706135949735766165811438602440481342173077945663600
925889686000817490165600255088973136898021227309560930
1321345072979573487830151652239129517939445305717617700
1876638645518063247790246790241999637110294791438708900
2652326227524294066518218586111606021562247104098959200
3730176266593068578689228250715900448563608543099686000
5219897318122755070534021976064707018529135420122722680
7267727889104400389762474507004299391421415099057737500
10067305062636913412441407660968861380062826367456205450
13873286693128503576233665261289959256025529148588342100
19018256104205641631004910517078476902238572724563722100
25933482372160050639708017404489624304349241770931121340
35174135907622425704655770552252868196377248398778149300
47449558744124105086051304019265881413238202644954907100
63659150421681830387375836228792949139298726217057458000
84934340666795753957480028267037543511380206717270146350
112686965053493590526875211062914686007897658322194880420
148664124868394260798019181876582780994588673873273445600
195009283552348842434133963977402785977016163673582669800
254328917588899452733979552505677218389872599014418765300
329763491865576209621290695154334373380994454298257392000
425060866955266797627205035513618784542647217873677696740
544649475802675446916013819861944254035176037651310419300
693707748541513363876618406557684720697445831654347108400
878225348719975366013253419422687819385239790113521750700
1105050859471620415426616257995840136670823841648604206500
1381919687694700264337647827651703862562951709212601561810
1717455217403419407729560426572632072334943798116907692400
2121135733065004687676522189656269010947661187948543566000
2603219452512569943739708923124547085798000209498082602100
3174620262861246922186390351533814602457423361431739330000
3846727542637867080004760902667653393409079750367705586200
4631164864563556509298136801495753478699858249337076930400
5539484464515455759240927392656673931757852312249136781050
6582797152234348393921276984141879758537448460178181819400
7771340796522184648457171700851905566157676477479202136400
9113994549668217734749675572417610337189357910143672306480
10617750423756270563281146991264262336157918776282972896900
12287158468768829793609115093004381484614496334734285092700
14123766339926831256437123396112752836248224604779094672100
16125578140111661642367146627273197781578715075898138293750
18286560712385845960946138933619953627394226933103404760400
20596227662986994925225377521535303295220573697052268437700
23039331969322896040937638864598380862678439855253299936000
25595696784920336230828260420548680549739959508717261539300
28240210805027083415053921630619016774714363103731449629200
30943009241421698337261727167867526068354105831646004072120
33669854163338582434558596476880054508693411556523328464200
36382718948311491046952875748575953434144173883998291094400
39040571271282046954329967321911408876470080829547403146500
41600338009701743400101105237136985102269371403195931059100
44018024340251704698785083643589711530003286087372890616500
46249948903561658280166951824885682491123496232405308664600
48254047985054100478568405015712371812590585286034083218600
49991194921345467436807584670655826565741143921773776301200
51426476997530807495621658444724635221128131975661386675900
52530371384311833979178421910926157220437358629197768860980
53279764390097907556688866923845665272910836802251374540100
53658764439078510208378526687341616027733412921162122016650
53659268443082048798372548329609121312240114642314138299500
53281253082616757851739855857835594482814946022861148988400
52532776215893788500953993739957816227996172691102167120960
51429688310077678437182231126102728892578862049576179850000
49995068473992886634528744465878339932598150774103287819100
48258413402524898582695730323058502799430330520661401762200
46254619433302245333516352267125753239461632823131838280350
44022807226541073814472840786805533523965103629245222503080
41605044773534416587172126347209184195263268787881140256500
39045027223593341740702735606740372148713087723866782562400
36386771354926192152262256453286881163727362217240237852900
33673378612135265872051291862364990814660913908114060442100
30945913921590791677646118195277639261775311481901173055020
28242438579298964868378574827411241026007566974741478749100
25597225102654328318970360642784960117907610156829535168900
23040170817416536100458824333242625438566688817547024219200
20596415871618142414883287941449442227668901676581887769800
18286161016295073829704490670406292276722173809657207649100
16124671440205299337732358658092539577339801914161742592800
14122445615129793334310808818464339290568953602810762825400
12285522758417665299017242605593368890611123123344638959700
10615899243151786528720921107835213210958597193893982112000
9112023024088024790746332753015549225524154154084978665480
7769335711015265320830064641257557964717567982413811276700
6580834024532163284331011274961720217473872270092426066700
5537625663938865998135665464209011063082348052647326333600
4629458726776767943908265579565048490314259970601318825900
3845208372461128933903349595298147150465032197506846405580
3173309077085709483933977269450939662682964903734322098000
2602125291925906429100057927547274372596043267452404590700
2120257366347035800550866406353915247972445775569056621000
1716783066728697425908845372631649405707587892056540664050
1381437823647033572158021601924545431673067985309696426160
1104738937831237537531802181630679258547583256415278197200
878060390513960034962491653917331864449097306697911027000
693665694501160689126474027852483892084130365940953881300
544706474640076244176846443412005722384967019533139283200
425194281883311333564798214536034937013643053753221691700
329952630415711487500741211270176544471235748248232793300
254555505502088349683830705342498253320661982208444043200
195257714308557899603773748923897136197938108006951197300
148921522645123790768065659621329897157498723101182904000
112943101196481911907177741247748074021347424341313938220
85181442897141620143026616296528871398355435637522599500
63891640822475262089185176184345509109281309337949523400
47663751864148895970011644264114711486996407088465728700
35367922799920370248291182510882660674262366028715113800
26106020639391489300217034326399384117776427118432744820
19169680502226665746849844358393426896145034843030728050
14004449864454897977744019632106070263398075821971287000
10179553723851525644346085670977376853478804799356408000
7362716367109989291581538389310082025845732207941075900
5299437723117296256475802356389632405567487904033676680
3796122748645664226285075463683984749973980907726380500
2706489594012373739106045157181601973734769510812591700
1920727003497017236824148570004025600613908227732862600
1356925983084421543574746263985622570253870217205360900
954369456982613798149570457388027499941329444426925660
668322247783772830197493076191668874094850961450070300
466019395593793605186104073972226363861750766787258500
323601796808031335986285922030240139161829976579738400
223793444543153835182220879756709323896367372974271400
154153857322495461366383120432213461760629722266303160
105772689005558403692417740453287011509082159944320200
72301400402434325739105118905574904768446418128950600
49239784077735340408934134500999844039950878490637400
33413686913498082941548434902416094207169902873376600
22595102362267795798075383449435094071537528171913460
15227511085861433623593218892169443078270872140867000
10228487895924407297156699542574276213191087687846600
6848652835382270740006416686998309949814511803820800
4571444137013418072711837031244806783983043669621300
3042282534517156408139561591253956573597103435270260
2018769541053736758392110191906258625813884917390650
1335851076202121043286210807075645115885459349095500
881568808017631638327490302700067291980394127142600
580261393984461463053068412433182698722174825518200
380980209731407927217787112056121247916351101249500
249536395439047895386533479378177811643806143899300
163064329128020069535057308373365717111495693077700
106320686164368038410048421584979040139628914914350
69175076919330376031506589922473929607633387421700
44915171976560036830109443264617760888201559400840
29106199754912194669329379522736132339234560691900
18826231633725045419719405489453826746799790711700
12155198126150850100462853763386406092223723923200
7834576625900625505269075462114975943632577611200
5041464281793818973246116555741544284361787738060
3239045351283016384291972034314813971325484067200
2077909662917269690901340094791824727561218668800
1331111123538464186550309690443426323684313501800
851544317906550703784581479324750555496872329600
544040597880593237178857511889303067419117616440
347144929375352471303371266141189080094507894000
221242569126293193516704371867178653615470832300
140840106168394005274737380665039006785818832600
89557874919578560502356157899518860514990191500
56887860349634087743588657909808244533583890960
36098656220708525907519460903978460690711073250
22884108557934399011346896012087042168982164300
14493161496629811467764730473770227514111824100
9170475555577339014943026166865806207169459200
5797389062376433087487134223249956060204134060
3661812268581482232389438088936638336754094200
2310962458618167498060915176927765471894458400
1457243328002800383517089163393656553991399650
918167500408953541023423581548135698845212000
578055935951755029139190177337881851909911280
363649173604837207759432907694018769819668900
228594675274804771264564876663318813559357200
143590499243544784899109817676565263838812300
90129325940766381018241575614330201003970600
56531635992786308136858799323925923449055002
35432818338116211938589578025085686985402100
22192785140049532183247287291919480529129300
13890335555131816874031631166649199123058200
8687823108453699715309120684491291677429100
5430110427746996829930854929217504332612260
3391623769586475644301985542487093111765600
2116945040368267768076466736286053848254600
1320431093415640162948356201864565156600400
823051988061513528078337695960324928827200
512678467393661885644353667519067447132640
319131667092732659881047339585928611789550
198519100773668041125613584270194049649500
123407818438677910504359607595427671082300
76663966224506324748966723307045384544900
47593565758499396909549682764393931424180
29526607012064548285810329173059909068200
18305729893640371516762474969822096997600
11341448129321067522629765835617135514950
7021947253891205884842544992880852713000
4344639365275706582093747106893557190400
2686311938173382703371971660960862084800
1659835341641062438872505305971078852700
1024893277129459203358047235520911916600
632406706135010979878759499233725369300
389957689730892989197533816177997137014
240292726512709249351337815262557603800
147966939614118551305239761213162169500
91051772240487100102609394083964769900
55989988355808317223152379416967555400
34405599524271736089302436332074410520
21127255115275150932823782424988598300
12964343622492372086985252281212148900
7949681184738276349016138609350542400
4871231008915496621793053974833586600
2982741234862797466196751953744524940
1825064334203306161439909629085730850
1115897535216864545442802922540208200
681791683370856637411767758578244900
416253501671416250003626414830932100
253945434623679084585805184576334980
154809137367706039737640343863372200
94302611048861543204699135248513800
57400930879517179743490990065843850
34912367397744025559170755994318800
21217867688001647909822748210270840
12884960101683366080796102218954300
7818438734096179946395487060808300
4740336920948301691332893802702200
2871753143160398680814055027080100
1738321379063325343912467752092642
1051367196520369883982899736373500
635354698540202282082128515895100
383629219250384324889219295732400
231438987199481863975900171146800
139504031573638043260180331083280
84015202065606411704798935016900
50552861824891637407952905325700
30391034834993480935342779262100
18253784246028730450538389332700
10953747298758009460239485654600
6567055969121264134088584918950
3933427121932270104647125342900
2353747110732967669780705636500
1407117556643528607202459096000
840386318069961156094705338100
501416274662801974075297734700
298871991468822734032224030900
177963641001776279143732809050
105860430733368393505006920900
62904706301635280460819878860
37340277549935131251299138600
22141461073201773590522800600
13114998362145238629399112700
7759809515022695537346108400
4586222887757020878569894810
2707484289861876775749039700
1596561701875386884894504100
940366720260738726205176400
553229560293652888382736900
325079290520579106564792020
190790768948863112159352000
111836733279272229706571800
65476077235905113442381700
38284435885834382825674900
22357363118113979545418840
13038883456455804531454250
7594635274703436193272800
4417482270250869296640400
2566109483563832696319100
1488524346544099561444220
862301532882082216547400
498786830959316198618900
288126751900987588073050
166180811687631229833800
95713401955791163831640
55038900730216516526400
31605358881120118904500
18117940750785923871000
10371639246980536408800
5926773240569886057570
3381796573598878307800
1926156818413725938700
1095523168972205255100
621807222938518262000
352442144713594322700
199350640242844379900
112583225013704525700
63453728055848770000
35714933346929038000
20046972952074570020
11239220145883844250
6285439682810182000
3509593462923987000
1955603056519760900
1088184242193171060
602921974263945400
333968063326170900
184444734520657350
101727126476560800
55999121899824500
30750075876344900
16760419113745600
9167234319315200
4997906275656900
2721503211421062
1478130496626800
796879148785800
424980927428400
230409205980300
124212313285080
66684400601500
35519434917900
18563369865800
9669257969100
5289232558700
2818590886200
1476306984900
756532125200
376101875000
196176238980
112234692600
57599138200
28504722850
13539525200
6401326000
3674106500
2219214800
1000342700
446581400
187036374
93123300
67906800
38422900
12786200
5138260
1766300
1352100
1187400
485300
89240
40100
8900
22000
15500
3100
100
200
0
300
100
0
0
0
0
2
