0
0
0
0
0
0
0
0
0
0
0
0
0
0
0
0
0
0
0
0
2470
14000
42400
130800
381700
958940
2410600
5950400
13802950
31058700
67627640
143503400
299782200
608238500
1204473000
2350119640
4495359450
8434718300
15574129000
28268395200
50481992880
88760053100
153532229000
261349289200
437755977100
720735421010
1165620492400
1850048408400
2877517725000
4379564458400
6513309026520
9451051319400
13361308613100
18380186123650
24574423559400
31900791258080
40169514051500
49024144419400
57947513008600
66298320923000
73381216031260
78542445756450
81270993788000
81284364557000
78579559608600
73433838600240
66355349999600
57998208506000
49060707342900
40188611656200
31903660655560
24565213389200
18364145962400
13343311387000
9434265473800
6499310687720
4368812421400
2869527169700
1844334516800
1161873001800
718515448360
436909572600
261654063200
154528776800
90228123950
52137111940
29817073400
16985667600
9614129100
5395463100
3053586240
1708713800
950506350
545806800
299283400
166770960
98590000
51076300
29648200
17503800
8193842
5617900
2923600
1205200
1064400
414780
233200
191400
25100
48650
30640
4200
10000
200
1000
2200
0
250
0
0
100
0
0
0
0
2
