0
0
0
0
0
0
0
0
0
0
0
0
0
0
0
0
0
0
0
0
0
0
0
0
0
0
0
0
0
0
0
0
0
0
0
0
0
0
0
0
0
0
0
0
0
0
0
0
0
0
0
0
0
0
0
0
0
0
0
0
0
0
0
0
0
0
0
0
0
0
0
0
0
0
0
0
0
0
0
0
0
0
0
0
0
0
0
0
0
0
0
0
0
0
0
0
0
0
0
0
0
0
0
0
0
0
0
0
0
0
0
0
0
0
0
0
0
0
0
0
0
0
0
0
0
0
0
0
0
0
2470
168000
6079200
150338000
2826857600
42765773180
540523271250
5859839727600
55593340914600
468912514647300
3562304239971910
24642087627410200
156674224449289450
923066066696450700
5075803610769354850
26217294414391096240
127926801621767438900
592719302658882885400
2619668858107652974350
11090346683203076641200
45138988779625898836270
177216948016717768625400
673119628693386228016150
2480063606144155900874200
8884731154543330266566150
31013778337681037426892960
105685388494560313312977250
352176368734970376914701200
1149343346696428516688291150
3678545679834224211686771600
11560400160703647659052865960
35712603199204722810796727300
108556984772560132394868290700
324995081977137027196344463700
959042313608379179061598950250
2791695542453204584013567634560
8021704362079604395013282905350
22767080193170178474180690579300
63861827893130150135150393551500
177133109549720132998966194136100
486066318834765356272535038040950
1320156505893432588283571906187800
3550352776063847199469710493838600
9458072898119555593769958512182200
24967540852247739697070746048302400
65333647013442395477999604431368180
169520513209626935996414584723569650
436273739812128314844177650727337300
1113951790522638592575028978889576400
2822642018396680974115684212405578700
7099569583754772435912553925931272750
17729377975245264297174109683641712900
43967616071105589556282319975903476500
108302292607545176348370555480237535400
265027029240656089165136126415294729750
644419137794831087259860378068348923460
1557206504506039039805377179443942118250
3740187822471403978310660979664469379000
8930511861041961287864103626182614962100
21201081071487323315734541651295412222500
50049328304511425383571694776627115440860
117504386084638182961185664428594302020500
274397260841992931717846753358628700102300
637422090107096285384024804950564342564300
1473145063344579209695734978244318176016750
3387522630071146438378969716551773427489820
7751439045706967853556479631238946897006650
17651805194802148438911278315235739800845200
40007735695681898120720748378165156162213900
90258178117333189764719939610422800250398700
202700571665661074615411382120761472150819610
453195680777183708541413122743334251042661700
1008820861455405759212994256273339856475477200
2236009392970332399710159745869494378251578000
4935111441264246050408376135676411089936053400
10847142873844169116560285451870924772470518420
23744277096588586781270769064660563333924936250
51767452129634427598944368383307304218725409700
112418270188592000727302747928284539921472933700
243179139894095640523661880718935060714570707900
524023980368598917936496031528439542033143629020
1124958899083773258679355378275083065717307953500
2406064044862855266550447130695937791246618958650
5127271610032997383947726199088500048302981187400
10886715939040322985923622732145864399381618938150
23033554639847728398225188720247807720888347573720
48562376091011987315279646900830121966794894376300
102031551794918445383367891678388123581138501593400
213641062651668119586299914057363022097097114487700
445830832961751175694982920697515454687171117991900
927276975085544959645527650573786645133521732378360
1922299994876044103140339165832449749301312393017900
3972125238648260565444259663770075990121044418614500
8181482911211883168959517093641220277001583131209400
16798294661243149220012246808709199348561325673631300
34382598893305257381960875484602893139196109784658600
70156569888117332335370565099568718772014405495387600
142714956727543011321556889337416550096390170463845100
289439003939520436826886232824853950142821949380221750
585255564547456257421528077380841094788660816270082700
1179910562763475085129751496324312224209579944942879480
2371818152113334328012981792326197541893865927156217300
4753962992061142891833608087555586823148058237156020150
9501349577911611968077105276728117240584825092929495100
18935750515881410159805947819892493057005644184805338150
37632213743133271966859636901454347159287039848738950280
74581135510662716383655927110206675867303776868990650350
147401478416966649763100975800155828321396537415845853300
290529103295803890554503340417471996743556239988402703800
571088526041678449498940172266569319516359902553961441800
1119576953928122537727874959676062614811550109509527134810
2189029642278328213985056685739703102926601348039818698500
4268808642436593139232810043598042874303169377312009215600
8302884359733726394705107870017761572576382767187125847300
16107501888776133132094039509975233596863323773249572771800
31168340388204569709660783579284308109825917108337662262200
60158165851424425578124743379078523712022149791586411741250
115818999385469253609010329029071802647663163586592838630500
222422131119345092981271207128571827768924923358008570226150
426086304560949152440783729475480725483243001771601303147100
814229316742182350530147401578515164814911131294304791775060
1552149144982788245265003094557847367968420847775941558417300
2951654181424048044243562702723745966757742174135038079753700
5599514177765503834990369884346949725056159960106893521174900
10597304371658385915497075428176168167896507403846641016210750
20008189047068209462782509218639293141933107597920692824848780
37687245826721890443864678480906141381876142814735862207590550
70820990582123713331284302830906002467437704519777461298227100
132775245569568770348277192586237358695355086996019589229715100
248351108332498423632208534681200689962558487309562383203368000
463463068104267415032894363793272761712356972427241598782366470
862919312418129244575624897028096217588643476620953185037461900
1603013127944399023517620696861816961362696076839367270808374200
2971128496696587625486092404985625048683320450433372842154632200
5494506794782995130774929495957431050135894845084720266508133800
10138278285961493713665966132617794319937577340296515835771188960
18665216689217653229663366865916861199495498942790115885371909650
34287842291765659551415909221328688404453715345750531755789923000
62847840984958968191814603009549075156091190424942483042192702350
114944525432975038628528472017126641830854830285697948735996827800
209767604933001673677588151872085780781966047118156826325995576080
381983909466137271048618289874601296756077855259761114238285182200
694084601646975300077571021866432051029473501553214165487925954650
1258474611739765647667261981354249695540452373456229285226456831400
2276905911995060490061131432675656502646006491300065076267677959250
4110721072877515203326526843501464452196913277784366880371909971140
7405711816154251612653098393673070278006384292210344012610115506500
13313581847246939497932615615612190620779353109525808344484215552000
23883920245234372275541290505777393455706174554557362019835182557200
42756491039211971383916678597815925305237043048246006604650782865500
76381336545650884928063701298811556974472708972274473116998004376320
136164556652369091947341781584320194156391702725426557628687178823600
242234088798086436071595725322567232437706063895255300048753145474700
430034604757600982251836236422679765501852184501010361209633285920200
761852639561858638406290288525527322163706812835566187069309386551400
1346915372981827236442650330569927316007400317287224711023647049112180
2376367511253764514955878383469011543341577177084056221480116224402150
4184012156832272962538460519518106729907397912538110022169539474362000
7351572531546214645589370485487983055103695325040215993483373570312350
12890725069165751317075678007259851865007713062508485490002861224279000
22557238037580434815305760398659540632569105610505910266967296361252430
39391955025173547407381400718252176593470937591827092663274162279073400
68650486312969176039914367289876454211024456049584129586599222689178400
119397567454593505117300782228740401202641610818564593465381096145560600
207235570653332209761483403931570729613046120822591187049029373130590900
358964206415380321964406658150928190962031415624796235889315226829315640
620521664472985450590525545800489908555252093025510254884742058480915300
1070489778317044208937991588247361756318958606793586038792955941773320200
1843013709709064189823677402920469041830635395445746415030256404088814800
3166617756194857143939870782329735364624831136239201564689903211786594900
5429804645133636906944246128790127844240929699842782907666540172726217900
9291687194126985657564674096353132343583653670964662745540830126157052800
15868174925623781088994821449248904214207874768724036652516421986161397000
27044657688600549390252116804765513721318975509780427309274808275382849100
46000026087032698139046879964778693261992093579236537249188981768198156550
78083018913319165685650453714321286632701704841407616276907703120167789140
132274696311725056141651869053231257911153156038489085337245775806043976800
223623901468537852303932780762859105288064571142904976372572735955062550500
377294460849962231080511638067746193991923626854588283587229082986852622750
635276475835595873091505783876657895243226040250422264778651062944913070800
1067491703450438772178624085691622724546041637827384081943472495692614355210
1790130817161400422113231921658042437717016127658696562594913103305377199400
2995867303469326253176999238960174363494379304479410851619307940998830267600
5003533589538145865914574717184805229942742821369226009580505214569571592600
8339620506980879858708848179642462203523751389748020205331291640008672854050
13871698522627653691861163031706156974916559840581564744545429878670269135500
23026366953614758041182858824459580909658950269956710441796719298956717810200
38144511013889635986803364030072844414254268917837582747006869623503505887200
63059110163529490484326416522232821268751786644330876414690798110851288226800
104032962444522197970353132751364916911598531785864402024492885081311760789600
171277178925127895783924722753731924611031458834671902572145503899865005612410
281404729117449382344393734784769903189444731236588000496277499926149968616200
461386055277098491752712099012087940225190561810136613149851494779019061798000
754912170594166900722421695209999320333408872356561511191886816315960978049700
1232607672738753985780517815771991377628575900911570940663119833483327519790100
2008386301996565433904193624879065514658846215549722662935628124834073976903980
3265584492275950435198976630875270618129130397225747535508774486145905726948050
5298624158886625977693030958024835748983549786526352425277161277522469959004600
8579281658304642402485594272864902006901430311039028319473499129272752759635750
13861854626181230219543051811021028173822361291022617180375391904893117793343200
22349675325357209190680555285209517033433597144192295205911153120879676363629700
35958146788147106459754913945859452669780366124781602486694092580866301672331200
57729288429111947613016717625390612069674470242236991093459109465082481523934000
92483535437617620924214574720423385292006601563161437298146485598974175588541700
147842170553255520774506915007601648134010300594319693900496852894415850510183350
235827351127243334998886081614792128228975482964916385638356946240992838675531180
375360075452354873369818691334504011090986970431805269968929111753957366487398900
596150684081705480423265102502917524544915809098823244524606630426646908268510900
944743599059307778736341853522512878667448695441698327619959085185811152550586150
1493886376588279137719865882150178645959674539469765267194943398246830727419357100
2357015850863650453381463911184998507885123801095516647211095434305873724975145760
3710601140305478747778997758807561916510369625352142559050993506826665905301363700
5828519590539179491288516507545590976784421384135567441387311741418979462228715500
9134814265029047981793623079304676802842882635282900344478045625475504072117640900
14284458764964166497716418964128294302498659013392265337881335763149242449813182100
22286684976703973444502353844216119914481756922600464024285045957464599798293758340
34692824557613374594011514660959882656803199027665645916264532255801569057997771600
53881677306515113895277544549659879479049170411754626980250267439814631181237721800
83491920441412657855558778030978076124231959631476607825828236972760130677935884600
129075615297285934210337444270742250259234604702973582597278045310521286199222052100
199083265216694655211394264103229623625943652342598160588548858412372798003352258680
306344698426086661280389883539828769734145989049274422431718933345530153213196795400
470289396667125718728964339713543887841449310534043854127293557162951018818030103600
720266521385988014541086864749679126820940577862432481849403380008709791149700827300
1100495804418525095777610365087811667268453641652289459311958934551564700849494982200
1677430167832969988246703701466697373349200481616294791318519706106156989504956613120
2550674602059115024391940779082894565064310227574997465542436431800041735909396968700
3869133818735056600834330442065527419823610051781110286931705127942410844346510958200
5854825322549414919653885204987598438719365422781110518554019146446972278672901941900
8837896876370307911410207274876185192363018300266260665029810702064821546032085737300
13307972383673951704799569205528559015952045009271509087075896937734721992511587664620
19989221864557436879544067558179554542385882980262461521024646044314533724230032162700
29949796017114341720509684535901784376677875614517931969867744220656554312971677386450
44760885071652670194727215194381064747510234389694654818667105577264840469197940138900
66727214896643602287538725955777817177344142781794732728943343596005760984515170306050
99220058101100349107791177178023680147256068838018296815814404758878195920333801326420
147156890051430151196942462071406440681912570185845411411629173498425512732605598973500
217690141910774309423149769678511854953371739289045547367954138453859658009446813991200
321193129732098640351197937320388379887013947258624407436944449471432010878536942225100
472666950845735498011885759369896281920606088365020455687637380936849886147151634574900
693741719624832293962001254636039394500569346272511314519414372332006713506510376135970
1015514089247626901986794802188632785657214557066524619173431124328999924931129621955200
1482557485558042344249500921719429751229628172303607616422573305521653361523208173977300
2158571140504201150171584948649721489072847790501806130388908459495160786862986934940400
3134311249462910852030855440173640092280793594198078849387327092156249088302726053164850
4538688866038564183169587638681277909230383976036701929379573632568455295518599876315120
6554246286699446123966010938178011758425357837171159725564918223749372942069815568484500
9438665353577312234405313262691339916625066001598317549865950432258973814685338266093500
13554554875522896557725534460565115551306880753562213398489076512619755405701851751776650
19410559142132748261421283438390153285086401033511191574735582058550707239266663417060500
27717888612686727526845221069471179697456260099834791537012389089089313192200214724200280
39467778835641312742916684867558987985182025562415542369593938603744361704127062251167900
56037238840259150409283234763175325887486215128878994758229966832564852329703112978389700
79332888355408325106900423601679090930810344496708939206299336507023289688328163751588100
111985871965653124509042037530674853868376243360523037756093020523159093751795835175519400
157614988235377559997973856636132694694589335760752319160405800134555332975013562307667300
221180545329003805787301859062941266622190027620744688147268126487262851989664475877429800
309458376413347774620919788922799346763382018933967275879959270364294964994260551606086300
431672316771317499376846427434773176718508156975619936317417225055840259761290892578306700
600334745476545171806050703314710895897811154924558574740332776799725516166964425851346900
832359113564351026260299335298029856493154532571377645071950618920446425142411760702006060
1150526418464341384084044356599593336014729129817620945650809492746131169213183048025819700
1585410170297321670048906079616449101517087464725991048960654677288149560703953751200709250
2177892500273674759112984826212927855404312434468079160862223657680459245012743024174894500
2982438807565890369834237928671220551192052445955349610202169306964295313129824017892647450
4071341009506517201151161189920256748984955993599720499295464321294808054596765185452229400
5540191489643764637637943630178433934071852674955950419733408793754929650366449912346528650
7514912816785000294185139686112282979931742352596320920338805758639507867960689422647045000
10160743950796700288281508044962823430397472981782669977970115781903883143306476751531878050
13693673762617586164561347177073974776394754315694737636089622818087596577631115656178988500
18394919113682798909899263141748217122604236723716157098086096676911465252935554320462748540
24629169249782624952086864177765508059586995885893348621943374074478838587760750866942156100
32867462488376536208697860327611826351555026359663289399286693803227312170249420169777421450
43715726426803371141221474316861919689198314399856653540036375157745220556444753559057027400
57950199982758757558130844132708586368911150894668810980579997842909578075391658610669780850
76561164579365009652288555449430510154936060986960413276544798431597998253396317818693303220
100806641781420619674322111172304846375116369340439319842237222529452276549558012492903434200
132277963427186121126475047389370228433255483182678385593957867331831885442801334623916475400
172979383842508970718269677016054241654163267393423424950913363255836916100832886308482955550
225424176045400380559419188993020804212176823060397349254885142498329957267832014159347127500
292749926415665330166186800127531759346166328821565276956913192674132415469904594943361140560
378856003648424460185573531774477925178273514649060868561935014733193836047096325104611810800
488566413125076469442302455069481399754719746506540334994933375156568225690767656801838723850
627821438619093952984232740413918997483638983197473197913285612975921478325944245188820853600
803901597049109479832791594126780965352299569855796301904107922722215730516349623647244227400
1025687462259992763867546298188830610651180382894981781179099888936606605363874575580524856940
1303958820005169568847903075996459218976726584416474245688294551395170824026670796503429607400
1651736364181503133514502008791367588743561826778780225529827774017578641814237524136483948700
2084668696636622733378239867667380398464201940076251676655979793667602088900861022097167715250
2621466710182550416250359727093276624965347489629257298058189494962263669456655446488775008600
3284386476846035508010187251206255593669216096426382552163974237494445802878855327192711654430
4099760492184895010607645227525385025913262455250479172106966067048552476417199851263242176800
5098575506694482451374647520240598058840574099663030221070790407495798024020372305789136995100
6317093178466154801367143135009991547882595078493510672348029451789231882260607146347117112200
7797507388771897347070613696003039438309023098821786722751908856108069238524839602307879401150
9588629269158012500105273849510921557698155185645963935801559047750879579393499115152830076060
11746587807503747425974716996309877978153568166727658207410862311086654182467050961785134661950
14335530365480886595339944320952348408455790353375863555963941779135563207949559906105435115200
17428303610529430586102679996324679651158141807482340549350119378108688562864743358601603447200
21107091330319960776245498457801082310925991772962161594827888013648145864447908840358228260500
25463981476742254124892522218789599951895579252487522573078862619940223110505473318277065595270
30601430732890253511508853726537632501626855975210163502023616024877954909339243880646804404400
36632591096617099991379498414103249872287428530297368184300811658403983449945022636645422887650
43681459645669039729160836781634985128343584758723096609879071534149788292374916264560713208700
51882810037158280271047356612256930094493417864278567022390746825570589748301696827148749252700
61381862664019353949347702495883114402685664947276478197012057657229741579862703679181447023080
72333650020627082265030449192848883352055048853763763688767544082795583127334798199824507233650
84902034996348504332728937457814274485927405257976299703668460313333800782379922823992762503000
99258342782432757401053257012689582500972675606274532620389381763679847883958476238304234069250
115579572076334232864099732780816391134604785330173753899619479488445668375126438681882324037500
134046158481232732026078551298086380621643545715535058943353663613333425152657207160709636552510
154839272541969951018865332736627055156338445652270267512007929471152799754755695196571978001400
178137646759707406839628465097379053220832626855996779886532497210100521308233351919910327994950
204113940109664721888014095231025923644422995882529724267599605211000886072013839480540389954500
232930664853254059068853460389520243175126689996231573981020853007912333958940497484022115522200
264735718461451115872425268469324502591258205590292603803318539448921623448849818932528627329680
299657582788268432169775632457567499918886986037567373650597529308608666238652196482977790572250
337800272655131929453780437872035739531394160121155482692329646412181951550167594722920795847600
379238136006609241829978063738186006750279372847262699087133511562928021801571367401109685032800
424010626944829393026841798192660603099908933080700560292949847750569479135931674889397140755900
472117190331348511775087585965326732200811191781109975067051860850189921072815273041678336486160
523512411300639049288296181618705071578224130925949627453003350236174889841614206553322429242300
578101593992535665807650962844002359897784227975915242183657568317513887707456398213495527733350
635736940157990577828306013975576861840036560023121216206861103258302669875583532089964450409200
696214499194135575679478384628841285696172496009037849254222807384063932137126195483714266163250
759272055939986057263704913185196757994464785040109016039198399897718510725390368109715983942560
824588110732625002119130502975632596440257075503883755879382254116622770971935077426852170822950
891782087552439613789375196982342139070773739250118460539006722612298731973457485283411194539900
960415880628518910027807448530628927075944595565309181599738704502131681038769601940432773293900
1029996817999092344069249328816797683348413992664081623182836992585803793613377052395413087351100
1099982082921171790245599450107391206504274955716710866422757195556719593492159029887939350549690
1169784591715813083769571923706559284542827173983624685191564952179610668404199195633508374038800
1238780280939629312042869271789584045597111587294221742476698117334182601576106771139266051365700
1306316709269864462941191903198801233463380937150395686999210781889644933378719270967757572034000
1371722831963878187865417891007790033728349520935787190333535131826844777613927947683600684404200
1434319760119407708243343230531086903062806035409400580980650720717851382407559991308317225718760
1493432275179587496352868045880157217774407680727336070461845435245137090367901003899714127428700
1548400833107558330063836277428884682014525472653467398137499396660477858709932881948378860527700
1598593764164370601234448199582373209623505103410954809067483230506198971203618230829454519683250
1643419354784006188434242058262949764730204162315630420285552827438028016945292459349202145319800
1682337488845007878630269350461918982731387448225214417441099677859195477672163587647776382120550
1714870527480789662744107740778752746377790958501122222744366129164784192816997489940718951680300
1740613119782965623085136832856389143380596012382688056349232407353634906305247776785114080677800
1759240661174766667975412556309673869867462525269175286575017592211428281448936508025623700919000
1770516151205377738796478417600192306152499915736537554456656083228811132664200731245622063927600
1774295246899332591144098855988809560157491300326948697861173877030630710240713960315139131255160
1770529360008680659657221368237999167943582224674477801292865684985585099685177402169217071903300
1759266704610892409955930088973290538121626534295375827713782359168906080715537114949970776167500
1740651263243596218671702919734566371958442500382779542567331430077203449687492643841853278135200
1714919702764221291100422532016951753348952469620588434578888074867993602633403737208874738079900
1682396332904181333174313726999898914300861971851719441350146353450073424964604913190228805176000
1643486258647258488999613330116105036967010736982550855629096463004804297682581844675322422088700
1598666929867498103173763910363936375903924302769535196807799990794499414704887714442762098256200
1548478336158908460805322479095333130576890656269479400371419372909650451849965703464756647737800
1493512129891358079108010050533994321585548420332646356926158249639397036683230905820765800853450
1434399985085066891506425855701131811098645729753866471210226927281617152715159961324678509585160
1371801513042603125975618530444310710316735134899715135683209760909383061936791798348447524013850
1306392057645447297291456341777547655333925789888837932217928265335074749092601975093079211177400
1238850684137854817743560960023448956263523303306212511669028945701499146043898759534250299144650
1169848655869654529346367260470097573237093777304179393743109824680823834970977477744275160599000
1100038665041939610278267422015190783662754011800244144111426468952073375847556597112802142390220
1030045047516181331664354211909840808065157376644393877784709987405771893153106360969634860793500
960455169972338369142515806371130024547026790863752101654947581914558743403947991218810474951950
891812132047359940215457224821205673894971405758794409746111670027934636092267571998920729367300
824608878514967795095846053178582645785558529871949772673979836991267204737538420374153391534600
759283768999907206441040676556512763332195093806447438951739811275180822154237771197878365132640
696217606944386677667671783971424253389742263363835160122147551140603246856500404764880224953800
635732087147241300010215147543854051838893603426564272710697365674167792385848355624650233673900
578089583502172183354831843297495678379161941536155179737658125994993591147818831089135980107650
523494166593205183572761888299333956769432651429095981504372057351433376519727418783138966221600
472093715262510187756156014851704346068052764626430221250409056112448298275825584020443129550180
423982967519504636644241335566088904168046787098889389067528111390148163512602399431140486013300
379207344267435200524312963181932483429067028272511640300821845146776437640440457803460840173650
337767374053482581568413286214760776252479331511745354089353541872308997231799311199648754208700
299623547921234300104310733414242473378973756994486768664817492087504596622510839438490066514200
264701439779016622007511270997999277897330121575311666779871437645715210423250583410098622435900
232896938663714950450608850138717605730449281332109110667368773239944985972785492076122359596500
204081453951587380944183646245956399743059498187738805992231531794713802711008361474127042954500
178106971976463472850097021384284778439448801683096764055142909360770453471996564669663547215100
154810861698306393132214974843966023726244161254485245945522119640344533186252037877176762200600
134020347105754402226535001568963155660223005245068674815725333218994025617801837254838129430740
115556584101615967715934446151253075775752938124391309728691199521779013823046983660739048525700
99238298985545170767059941914109461610441770372958662893909553121116005999420022819597282318850
84884963714413359683218291710491298771462779682180612214214020938758243459062320030527511751100
72319499424337400788072658471840582539053633920495102459919907377906295318973475632306581984250
61370513911272628710857952052269119841558128968183860600553695383747363856858690344318376628680
51874090692654674515635896455730187388044226647098960560527940618152659773462878522599713022400
43675156833787049148348326205375156029824036758437454167620062171690816565755877779775039289000
36628463947461865423328959928624817303833814801878711816903168454583002547602761444590427316300
30599221778933503053527512788316187968227601906379208546330892912571052202064693687421294282300
25463426754483118538558616943142221862318570349030333825202968439707497174275927108102538769690
21107929033349670272548427715328099140054051509462843399161506416335339330870450339987687220100
17430281223749493317320772454431955005893240289084946369388089602783064147260481533459196014350
14338410282509344599126070916797206688594743610725629388418817242737486718585800478474444750200
11750151493008191124040411254025893035071561137239273780665591781625378735455168733830272715050
9592680074380732743007040397927256135971145952776813635676903108840771690764671411754961397180
7801872162039657628007361406074887471812347399424302849738619015819469075495292843612802078400
6321622833806344363919707766670464695020477257175046533198804452190742438971790395310979303000
5103144724077888706003565509913813490888713403462060388339176891554572339128921552808238500850
4104266723959511895689943143799143835158346908616153637479852989296914921060260707069895057400
3288748428358341367600842678744134065267894400977484937950098796917984113770632738776576282910
2625622450184904287189472246999329797624051643212168511553239424905983668983248650667903966300
2088573536571440093705254500750680200123519316183941914804976804260902202268278569274357631600
1655360626392728575930759569591930851006494246427691721377635030104945945624192698879551205600
1307285594737010851103155405717157135407272041846937553018752789321194817497322836105196816650
1028710433114992307600465882944501729962238210971099532422332995993489249669054068726251918460
806622995304074360062428383287030481737197714682915129374407563592275447594247031576026221050
630250169111945451906786324906997657657960048659389481138638427023124722767834072521266418200
490716378780199003580346749720854596452914302605315151268226813789458565735314871996831204050
380744642357472860215151444612094556206917623434427224616479327768565979347051546914117724500
294396963023207470863027630604940537793391623531328451057730491979729001793525664385375216540
226850583558428058135585471737737583988654491645096873352903117713434482469840977043474842900
174206541542644040432971900012014446253738225930836606728482994381747430196472117190405747050
133326995096681091522013519598570471705797877474727925765149900460952839088628520660774689400
101697914498040464925122842221023200560746925284209954532462854612972637660730464642964920750
77313927210431111866638253648906761675380552308763068779664525803573556559147659890077825700
58582340333662361883910577284323916205758386208701765592449595697662718001493709259546667450
44243626706309167665750210133086875418142450705817479369196285624734237178029223698777825600
33305934097892896450927237020838950466571026498951859099896802559319925934775937833057855000
24991449672438355091430002931187922847240701424319012937988477975209936133620250701440578500
18692715690806632901086021701763570701449671166544216078441387417234842682782634266255808430
13937241253308618717785783302011645870374240418938197320537372495000807150408464921069342600
10358984860578009121291164964348935919696096507527349351112879156455733112155775433837700150
7675491469652555011947583344541533341324113876432222445293659170216910602055374325261654600
5669654646308402910117925941393719319927318577041537806736128137776479855595238114182478000
4175239467747287687453842009000674149259575058264402129849869037041016170965298064895898060
3065445841024127751715071477229521368648373828211447106899753829725764855142812271927634150
2243916196580830312205691959066169000889808064186891861486802834093039048816703672553509200
1637697725564612642706690453296887056505375172183895700468809522678035544108152120540501050
1191759247636560517121633949908236792906526161311801692221728937623861356931068907633086100
864738264359891192298099606863408737091331382223718577886876548111488636194720642004140370
625656579442675016702765048638339465691883857422409359724179597796005528122965382176631900
451394766939432582776652027412303241171641694042489798619045513699565468939968371500622300
324758329151676786853586639718744945483966606288090908189406565862789377546539023856490200
233003044829498208514694986241967552959210637878480716113502170602837016313920747908861000
166715044206265243932014902347140020883189995893182616185865237300921588060895312051173080
118963680799885787312383831961853799848158505467402106479741582488526773661690151166255350
84663269177688175693662815050121860651190973970857084043115501832574775954429681117201300
60094049922410344176555228253631686078418822925430742062566746677028716279142021664814950
42544026236003265950382892588942486935605089279956153895051256689771330703159019762851900
30042174883411819551350544365884404042901659001823820317816552359911830797259166430195540
21160451170945871693252671786306723189671569532985104935924840223708584337699043137379400
14867380526377847230391848175804828810700184004008414462390578011113722397741807946739600
10420181466543130272707863977652339512752149386785713799707825626895250668026369012549900
7285557732184148363885936138953625949271559203335431508903932203470511788446259173582600
5081740892539392688302686563960275149475696449012167694265141654187541886650552656008620
3536225901162204905200530627528639287376727807538014729671827820497756249049604458421700
2455053203372477747743618464519735546688359697223625211354866651141135594201875565578900
1700556096256381704230409239157478601477544877144847363449735314721475729755809403915550
1175292456068731057157995262837397988336512205002282251049899440106704901126136317581700
810478882416096309486733434754800046267643219546268641099413794659831370883428858535100
557691608208114538822030245137389547436444122406358952655558806166362303186167447807800
382929728934071233390131358265079228963524774738193850691121992634109608352858532612950
262381113910741045300945848608280246816747632108653445980767066692173993861909886014100
179411604811911557994789348560389001045234472610184533598533455801346115942830910890500
122430304141238665300024095032051085016802181235093074436657466040112317985263482469920
83380352093727966406831282973823895420230061079055459180111759067702886721556409417400
56674913354881987101521975622035468022514381489653346527250949560553952345577111747700
38449107769833377301075273785494199649880940993982322299826231388946167364139425676950
26035493080034805306597587123622654996336121486826732943107861828892444966141246107900
17597270673513956126808541878241179399520293692422472798140766961703120180222181439840
11872455506304927387865213496411738858697560413611392853859091394186472240508403981600
7995897222814968877737781512211889379476409845832549410940365227457209649982879287650
5375772350620655765892370386925663073766681622352625115878298463197950610136730241000
3608087360734264121571725883836551103742881970257892870999204863581878769967635713050
2417637085066369493653297186689123767840037682390644926136416477535144828526003905680
1617328780992534624124139233899771986816459420917943660386015248922183332573977945150
1080223880789821214492408437593649175937196377152544490684838963284453412314176290000
720364733573608286881746881121023206757114685572842583543834415943728722673543576200
479655151031794251411990813341769227410530431560581680560556532297917987267934524300
318902845135695945812096881983488481917570502973287243753117735552818149979026535760
211716500221361147015370191075927849683100135191341470622247284705105361709743234900
140356414766758058258416773139455045417093517568726499500603905980438523691856357800
92919117169182555843780723293508086002302130492199732949669090684476093186105345100
61430904221537846759753361331768306546367684966826575704789025166723807445489853800
40559379679908717758019524729646025823360122987035560915266916853424555814144260920
26744319793107056588726564964107591113159055390103347673050393834615361371900081200
17612487683578901644322528017222564396348538449458055095716047850740246364634944000
11584345842469941638779918750574037649627522804877557507988820156461734723205421500
7610207429118373068183136796511330826638829045440548406262504611569326121281833500
4993532304831478853001203316827631542264227104850377602250702101103901495630094030
3272785631131399845346346969537667667766906921151532776266150883176083928501671800
2142580895878100439567954899519902403619149024125354500862874398102594962541303750
1401129315945170384044583155813724386434906390272521848006331279011968872014994100
915274971131152397568122450754699237002362375664407029259044806529198028874008200
597266391194031691941170353429524062842529263324975427699075451896894494953535760
389348170096524762675055572893860653782461903951612261779159105911942739839829700
253554842154316108139849983504458375397162466027090338605606861755504089853898200
164960218984282023362782382270444606683338721831940984905275484902169523592669900
107218472282179120712383013681739680603952820320741555281722669618568344359382200
69622931533715869036292325752104409452877293386318675725175075393183850292726430
45168557492870709307246960931092408073150047920675070947856704058834731759906700
29277230112470460465832713866871091689641990731749293307667654234744024128932500
18960157049864576518227431901598651272677322431813978875972304379571075669107300
12268178646181125058108548925148958231708267086998530561622666809205039061736150
7931443236738486337689202047959631997014378412580160456089084708530458857048720
5123488745598064786797767039019168844004837235623614029645716355144567755290050
3306952698078123305223770904478572979886605239106517250012960877530805996824800
2132778394582394670425503123599133785375652329914378594128835053805501495340250
1374439713398128197033568986764055422133419683760499819928368607434092850222700
885063179915833627487362262456770363005380665886433882799596932006758114061080
569505104742772214980959816604703887221862568272758948230334008243359073995500
366185925841288210524559097969636701055722386898319011878132225015985793986200
235283802927500198502457715165544745967039655089136168536261760086367916981200
151068604605740016729388258217353155384755180014531867816209378903839396463150
96928934072393319147823809905839657892453742978683684855815817534116666424520
62149080116303977533542737458988197987134369780480103899549958997113428112300
39821978549560494662288445669471250016621561254680329541623879111665566851300
25498958349352122396030359694596684587944569182736877850570667692341055667350
16316911097422633498878271691839128977839586524178173059434738260414719573600
10434547044034105022679427632741886922034685809951093430605511947443900845990
6668581626177537821290447210278164994148537713005945812251994148745372770700
4259135527125278412380537338631421459467509697966500675396283254017428385550
2718574930902038351230097573638116667153403017611518915098276902698950625800
1734189705446631260553968231417628087841315283843356129324193850351206328150
1105581565976588463646303293602990002282918896801284863012564150774254982240
704412676866651529744528833085635155125583522298976170706955206165314814200
448547966583687876295952450461659634174255695941836400922224758826305919500
285455893040948309989525276415213728811354393903253028028195399756018317050
181560111060190846043899057226458923541941958856649956926791840994437931400
115413329022525896999458263143160507801258120911772955225076303263141894122
73324360188068892347288543122641875710909812469146209558412429769303470300
46558604825535611650089113262097865096881860887128383007363041621303193300
29547005189625678877335580602220759481759694438261855701338320284727325200
18740932181674366941294326852969293806298053090819448861723770047520196250
11880518652064109800964386141235617653026485436736258140606672906163634340
7527457174496745084328553898044492345514712394710056709306911323083298750
4766855336581761691562369545608005537080725788368982231235075096069732200
3017091344197679560613734522909907519150313895270129882914991300503623300
1908620990806767785084105744217343599408476441092517486836680576244398600
1206778459633981267276651155328254899564354858589877668355080698046239390
762629874455932243039324100913468912761027181593787210885955315767856200
481703954888418752938025134583944090091322013099730527018409076058669850
304108388648095108382047150110451370866407886146842131125413594471258900
191893369754432136484539569870231865092867756301989532332930927543710700
121025378272321658291492757974580821558366940555850145001980205667308500
76292053874075750632104678588276087245972544725892177017763654118665900
48069538669422175151205437579260982765396044400889569149233269412318600
30272601601186427679828000882995381851568382162867401782388415046795750
19055483868564136209549080790762966302625040517484734265181174213537600
11988970988272721113459309364556068851128232867025315739765614891435120
7539398993745920039924961331823441736479770839710906105175393907925900
4738987721829427283943722582417954007292843636886981737478196632621150
2977347859368437909648260450615067695755727493301962006085807960446600
1869690695849879931369551839853731118289192985530080983090058386711000
1173565024765769303360165905362223585063609076308751544353194070482444
736279515057434670535455449420505515338418243156473909070781634739450
461718598906672440762841925548788565690364417823304073714661597710600
289408974480454553182305551322772408310356538122708056004379458901850
181320719904673534730784299197241134792682081937764575172283079559500
113549308090344102353238354736185471588193745705167190541076986327720
71076155752818005744689742042075123890588592369951858030750809188300
44469932992752008080372353294504612051339306283139704425097326269250
27810757310898516130216171991527747962746947043635639875429503450800
17384556020591830432499090961670872813368872556104992302122447142150
10862241604984740328034088746671905316189382016291260595379825016880
6783923811967815701675211325053133291418937049079935645948446970050
4234953664600982027988762326541942441079813644905594367757050566500
2642549171297094554591130266444494357561465870620433956069554344050
1648180178949760729924872265729844611027480657065253039077274586100
1027528656185861237816782362791005446336588350369007017174242714020
640311441408172719835415527515273513332668160528506652089346931500
398838461746780389175819607766116166873442012551594223125986772900
248319948783702596812869121556927936687377123430946031171210302900
154538011516165769504038667896525856733205122465039673978138857900
96132106099293251120377734573416149290361176276058787307491093020
59773858006176202490073811092687056795863199628255225541436201900
37150447295455089955296210678026209976465228870160783932955023900
23079529053664143944249907659511587801128465259328407907753194100
14331780631509394859246569149655664809591227137471290798640417900
8895775720713692502825151517397893147071808431400099810461785012
5519224784293453676651296680554654032189867831515952616768822900
3422811772244475810243542067272328344147626345639057065635157150
2121771901976155427433033697195399605990217930170952670789429700
1314695423005558386132747719659504041108517204435185815658321300
814258680086166182818952464001602076247957879634490588410348040
504092708382896894233636601534361970215702999434608229470633750
311938629640098576578583862870643757153645830427701804868084200
192947235571811010170169116903347361231964626719372189490985500
119293976527542221500880967786180595797724670810514078963621600
73724002010147081957078259333839339971720350382023783292377210
45541734124460726853286186409357646345793282584007255215759500
28120324312364470985290234350365459228564194525951424279293300
17355653617368376576394184353371288278976498601926805534354600
10707085851102003523724095583616115138824630371430195929516300
6602539204765609038696150730225859165927245702180747358197300
4069675766614739172982119348716465196076528432249600194658750
2507364210087814734996920845052713010189369231735501876390900
1544128724925184179804104509594201802794491476032471909372650
950512129509654095865283962897209695705606203803966404743500
584843321787640559212890100657775510719588364111893122903880
359690254691038495375647284583399990369817916013069645023900
221118284124254088429628552140301996411456340048569431239500
135871064621513907337334241649602465632034748479733148051800
83451698450576146647434361595712678660707042026729869858700
51232869994365723355432886757519663730512664858098740459840
31438874751657105276102650224627973529090199623304989167800
19283659731352064849836155042976973414008271010276628488700
11822669423452168315610832907012649852448100321640160058700
7245102488230809225519464506184158260838784958656878040600
4437883028030838992890661445551791917729928535461735118940
2717119244708817482890871236525022644840827218851220036100
1662809430390953719264371927174330706939420630600413674300
1017129624409761248909817661542795398759885911272742728400
621884246173126780116468555382927208043107892488286465100
380050448293057590935630733976865656075977656774815758020
232151105183309759360687872588244034800259498529489601300
141741486610186737476004864679903076483398276667106003100
86500635925366828224198384185969372131475647021768420500
52763852425053075709953435892469339298346606038854715900
32169769569814317275544085307946929805952353091937144440
19604344155062724036618653242204679768811699615842466900
11941228268740562473785457596720716225842090772029858450
7270035079921333391340372738907384718785007927304095300
4423991421048792993219247379369814763794774702879306500
2690795230447114198830243871909172884541561432715242060
1635818540090836046787300013546022586126332460860873150
993975898734856143062705168888215490667224802257682900
603673925348668598143990432755246461548289765603460300
366448327863658325276048677641342398248958197484338600
222334332536570722197140482347144105434125622984866040
134828422514750657393313930501897368700423578549639200
81721692714232474540680934654245555018625932506546450
49507570991692088912761904341561818362791209259110600
29976731310641731362722803840693113850031351103354350
18141465946841525613482351983340831192360055857193420
10973272947102136755724441567852566376313076126038000
6633952553362997083337748479788735706958427321422900
4008495969558802530932782295533385253356401159014800
2420804331441406522652135996505762164349809883952800
1461194226045638883830509486000385378289076717886170
881499278130906452028819366349739213449761538053600
531499690551746514492921768269714508104395837763700
320292126454133599973611444561058218305868571849600
192909439685694029862630624849255439166573675697600
116123241263890700713140730412516589317859371084780
69862743001102918035760982942159375025407028300650
42007481731268813054550637379096118835713240940600
25244410869214267838956694688412619837121810702800
15161921637550475247309604590431940282222269906200
9101176296034564254496413031689476282411696763470
5459927856659019273568040678785194865064462170600
3273611829899308581667543595713205672348800206350
1961593562936745244824992103107380968234664126300
1174730775206014741753565168435228240101155234900
703079575905627083559501179597990959754844494724
420547075531399332445174729319136436456196836650
251394968532859905979726954970988235973388137700
150189315418100706689228950079156009631895133200
89670188988518336811367269177216111979772978000
53504966441786990385450196201119528189583376440
31905179645238413348561397235662002009769536500
19013484749685584574766278835959829037686057000
11323418212597624064450675582470789068231942400
6739431704033291829338230580128160313966706200
4008466112273050738527551550163007955755521680
2382646209341754077022587154086612540869701100
1415284336925369374495402560300842203135943400
840138321982398358678548166914183487584930900
498372329775870923050650308215033800422724000
295444987112078241989300940875949754921153490
175020217927175472350793342797302210556611400
103613444686088766819179455351462392340823950
61295041854329675728530637447943355375118800
36236623554809081036405454337505525941908450
21406390925273260852228889674468801109682940
12637155582705458759932788683521374212082900
7454526932606156777014306734492192539897200
4394385977468356279175700626346515127908800
2588404752676720409565947842879803426036400
1523600039872705568067921250640715243687668
896099148190504342645915419096747350604900
526676182103973693476306504658228554676100
309291077290921250068628679098494376842200
181506295192933524465415655159067311568000
106424396426456593108060933375738224956540
62357650896169605085458447488659375116050
36504957053319859375768088060430260911200
21355606227341282352318655331902000686050
12481679133741690051799140250817742752800
7290067448302426898477523265536387310400
4253806200277875114796121043388608049400
2480397875514301949640782352767540936950
1444901258147317869043239308409266294800
841110925438377167638617920512719317550
489131860847113222372828403465736936600
284248726548736188564759438287626187100
165010590259876501820154300537941666600
95725479887232081837258575738423089300
55470967124560900087398163882503960100
32122548757615712015361500541732708950
18580477412360547493088149248846109000
10740257044229824948506731876452791900
6200882686780090499186902375846141700
3577746317898892008938005397034626250
2061688646235560363909335521569538964
1187303320544740700713887828187206950
682860597683336444823953365391277700
392497770740902855877788095431880600
225292097481399321540855763732112300
129241274294319044459283036096924020
74033666480861208648571395737613100
42385566575598477189056214484667250
24229553822507505660131346338335700
13843643467548061761736306071641150
7896901900713652390322118034247320
4502569774340963720575412042630900
2562856508529159277987339843714300
1458173193944418332014121464740800
828148133368937940402115006371100
470170435758952833500142454495170
266419799796511151407515281259800
150923780424841931516844338108700
85321167683416046500990387145100
48225149306358162554506442587050
27197851464328664323425515186280
15337558343803990620767447002050
8628876409732957390153873954100
4854692743698213530576205408150
2724383499103360916333877491300
1529124912544266497251521785020
855905699575578643538607571900
479229476132062300871377104650
267533970302136693164794458300
149424684943938643427787308200
83190384950701850807392094640
46347057419388645655255666300
25730333727877703764239790400
14297882264260903978965649800
7915113844271402995217913300
4386814049268647170329739240
2421213342115879894057914300
1338327876664017112600169000
736354408335770859437620000
405913451253426588208927100
222658755834361177029141120
122401696141843742022429550
66914171493910106765037400
36679304405810413793755750
19981686557918958209249900
10922884634088848152600200
5931881957842672738799500
3232799320299352595240300
1748383448702119424203900
949948370032800829310450
511813779364213727076540
277403653267268936653400
148996313312022208577600
80439328155272285897400
42963770276879146160500
23130643106390829066250
12311808260409357762500
6618489966423085804700
3510410848497606722800
1874411465171616138150
986371316110517220420
526518873095389409650
276677937816731289700
147633945881498549500
77067578433033072700
40566021795879278060
20985053517103905100
11144260167761238300
5780386984479965000
3061402632798675050
1560653558313831700
805692401446647050
410262741293853600
218672128698584800
111736047760291500
58470802166516202
28652246148931500
14459646844723300
7339456643112700
3981089242762150
1981394555530780
1010214662510500
463622372166600
231183939883500
121004487323400
67267098188450
31543614699500
15287567588000
6344019944500
3294490638050
1873957531280
1038674022650
430438729300
193069073300
69486122700
43312469400
27444462000
13941067550
4645325200
1913288150
567231384
556703050
362556800
148109650
34766200
13890110
3103800
6957350
3862400
1070800
139240
68850
8900
74250
28000
3850
100
200
0
550
100
0
0
0
0
2
