0
0
0
0
0
0
0
0
0
0
0
0
0
0
0
0
0
0
0
0
0
0
0
0
0
0
0
0
0
0
0
0
0
0
0
0
0
0
0
0
0
0
0
0
0
0
0
0
0
0
0
0
0
0
0
0
0
0
0
0
0
0
0
0
0
0
0
0
0
0
0
0
0
0
0
0
0
0
0
0
0
0
0
0
0
0
0
0
0
0
2470
112000
2702400
44527600
557571800
5617557020
47342833650
343163641600
2186529643200
12465679954900
64546006198510
307437650451000
1361882998920350
5663668725627100
22289964122860650
83583392265112160
300339144832558800
1039134293372823000
3475797188692464650
11278250952428108600
35603345947480616870
109616200254914066000
329849116968177639450
971872280657900505400
2808335245696987643700
7969667482457503299640
22239009045033341083950
61086504682057099719200
165328519277166444861750
441261456943404883393100
1162316300652873674736810
3023665662929856094304300
7773136676676875842543900
19758712271199637106074200
49687290765597041841817300
123669160767951325227873960
304785846177301047952669250
744077352873066495023814100
1800073979157173704849902100
4316766575172908255283792500
10264997636669507063212046420
24211272930914645584425862900
56656861643407092482697517900
131574960466701890996183548800
303306959537848066290760992300
694186130892327434450580556820
1577771202175989861831226421700
3561814881158613158240160229300
7987992133060181169902261104400
17799920993063013303260494863200
39417012438150221383983205659540
86756434399013094677949773126100
189817248382392122738964796038400
412901049653948363411498618107700
893079126929209523674836250494750
1920976315255823125985833481657440
4109547957483841811846097292099200
8744912555732858251307078210545400
18512001734631393012968121533650350
38988162282175190077246422335973400
81702734836289109580950655054686860
170375036534092374487788110427088200
353573895531272322712956310008473900
730292678010908037200629345697460000
1501385810545745189716658027742195900
3072563566002715996709287912842517660
6259733580658392911188858969804726100
12696648288964764328977757238311084700
25640777659053784032231273243908563450
51559839211829567181458024102481706100
103242478711226540219175732662023250390
205872791997303621281572599796087797400
408845537377206868715947940413848601700
808657203602655874559687782213594976100
1593084114734327966076021209418658053900
3126117131951894126427145026788447816820
6110636358627813599812133163648261913450
11898817477529177371529327621630573228600
23082244438021868564592302289748385868550
44609674496463065528114156677637531764000
85896608179102259183054021879576509763110
164792462054362867678380168817080707936800
315014650005041102261253564059571290256150
600030424266511671352087247934467496558900
1138888653944986752416675761303640729096100
2154122778948021052770840905975596123041260
4060279424398445377883833823689173665237650
7626972023628785875598127837711954742560100
14278185894951265254143727590133322533144500
26639855498029884416591456222944237326802000
49538333642059296861362234790703638821039680
91815036218108071920631116484118406720268100
169613636386324116279887967613058424212162200
312315389859420970005333027305729444222949400
573221248109686547469332129044673952717688400
1048715182847787304127215205260732806228999200
1912532487207993334686045032051112696701515300
3476843969570135634084045440834202270447057800
6300794915242903185958997658941048463009378000
11382756046168415929714856143256013675443450700
20499778671420339694883323044685153947308393860
36805086312051595670189095619938141932227419100
65876459672124210103367216475499681794558063050
117550040239852852480624989682956199794769880500
209117980596330276077052556268080388180216032600
370886946694075506887979247471229702282412101940
655810536797830652630158483031543574090320520200
1156129740324328319868092761185842747281875591400
2032031125237110657006025643427270919084837398550
3560849236859576639098471120350959094330664739600
6221279405700879816551686951539536942166290285610
10837066914962761381052393203812355797336362310300
18821419345870293085199683421215021095403997744850
32591458555919249055366809020254105016252060935100
56268829372139534310241304399147482623604042194950
96860359527330023653990827198049674592218196677760
166241501254994144765935047912307751894860165281450
284477998253624227037133749302681629485182699273500
485371263466492173532110335785240846864520986625500
825687075680680898751123589018967702733174279162900
1400465716419259378155304475134420061302296544969980
2368340707001125246918361223304127566813650516871200
3993276029659947603873498273502018341929084524006350
6713149256175796174718059683364151557822602226789300
11252086923073471188985875769389967319634263793623350
18803870703773294992838332270401412582506233040163520
31330408065105210408616768803502734724911005955262900
52045872521912062805917535299356632329742363684666900
86199436582228857979782788666579207766569838657258950
142336574461060357520206654398964106421134117035682400
234324776356058531494429737251365404775665982949327380
384596044354925615710355622347919846615545927308657700
629319525979044253827351185462885153390036733741173550
1026625134109762407736409446559559223967747178815611900
1669632837643744727723260350864286203504917912069685650
2707024431954547725841067190610658585965937766303330320
4375410489900502638390642142942518931272602082782393300
7050075743458102906257903992625747053937911092845751600
11324254870569836824369987159394847656254415159452257400
18132533270180557426166514854784474150551798894478130000
28942233762085901381573813277597950569939048659397397910
46049152907587185778578417774399620328308370651065872900
73032840786258228980501681242286068903602876381823799800
115454855565744738245427100873832519822416339402666658800
181925583351115773632697694095554137704533178599811884750
285727877550669830549573327286672917211707061784739122880
447278490046715357556681463860468422891132335544868262250
697844818487159080857166414313478553331144622389883731400
1085134654602849647042381485472630652815193264834274819400
1681668605842702100131992168273604226794316067668173649000
2597268711488397012174832940214962585743241115025483429110
3997608946192955182896969439221465541312508839954416936100
6131652938428155745386723047420674977032422354710464194000
9372061553272043791920680526651689589145801270954913365700
14274440511460875576338920465720818220692734244576510358850
21663825532827749612397617043758235484569365361807235687820
32760355607811022861382287627744246598806464205938710471600
49361051329183970968893431674591901459221013020439713249900
74101515519435441300917512078343741798300126300779550570600
110830902073541176558946420416532769590547854994999373783800
165146574175980943092340668785084283611849166479679768883390
245152698153725041974554014631294981124083848721222310515900
362531156429523238868130574198510994960191908469575757626250
534045620394841129447921581784861222654941773540274797746700
783642955176138907084525098645719670777536510801021530754850
1145373543529714447273996331778508001683591577716348653167520
1667427601153445778004049383097336699551314414803054443004200
2417682991486208762326666977645653574682548163088105084240300
3491287321514558799726624254259680649135128911036056507312600
5020960190600926058055844489525634397821061549393374015956300
7190908484663375939164812451918020744965739539081592718642430
10255507771519545674818419181346020897693249386349047185256500
14564226330897658320506576196412793933263910814424889109289250
20594665975630304212421715494203205732362594116383911137828500
28996076574864265128310817619603666115756708451444846545503350
40646279444204248137186983581359777097973505767288225783523980
56725617169480300901283142312723731926948847519234629501747850
78812339411576119635265165881554805054257031912698993156455700
109004736070842019692092315333233649911925740623044590624183150
150076333556185209551334575670016114179688586328586780959835300
205671558991081605472146077673098457265395628988994141754404930
280550419322661022847760390058822946766519715204323242624106400
380891888251325426425781542604836701804653828518747813592244750
514666773038993940061364347453245623993904727263369412590049600
692091749860422423185444956374035546185532796236883055311838400
926176886473866551925608970239863608770816545631873658772057020
1233379160355566804250787110471718287097648405290871179277982200
1634374044219585979841322040232766511819742965445293561216770600
2154955955772072926249552743110242319937054634171233911540584050
2827076018459440100288644193688305486862436315392493950043707500
3690021905416838625999392524348796257511354799640704962782580900
4791739291565061890467425662120637945370465928130529387558688700
6190287391657874950863991619716476900357970466462272348460726950
7955412034322192516602282916155459280288439209630731459402800800
10170208610112637112584298784752569290719881170254617435252305700
12932834043623405446232262313111832875007791884946268817764813120
16358211833397127508967171550061266851443119156990107862202889850
20579657522967008568367951755849331188568693966767326541242930800
25750334276313334981384535953389144908118983498943747927221769900
32044430341651010752290780039291898080128534218621182987082009200
39657933167780089065772313339562748074906325264635818209306874900
48808860109447886427589939839981243281480777280947006656603273200
59736794569101868615692241175256120998646957317524137892923239550
72701570787319185442581392433970801844098078411015216942345492500
87980952110372202138507617152526067955985918915454875034777514400
105867158192902947709587876914208932196102776480642878711228812540
126662117817706052531616164085190606407646360433606193494060040450
150671357065195596492799025431745025938820574518427971717973273700
178196478144058248312256786668802260690529237697051066339893781400
209526242292944489156941417951149866548834499818210309122860512200
244926339898013898807613097407389859808460138401838571292677904510
284628010459291153658187514291270561739234868099142247214190890100
328815761325546999760725147298030175808029839748726683405344031100
377614523181630560911069160873613397808885092095093678837292563800
431076667120996119150277600198381120516178415161121065523524575400
489169387000038935215795343129139659921353562014330508566487369240
551763015400346798682066137919087023722705277881572708661080044900
618620885581502427040357335089625425041294781595864688791768404300
689391369328970006703244385068362359433622931881660149228995154250
763602706516285013784577688326008775667227756420919077381122258800
840661192844337504175068646828961757788711086308132346967143874040
919853205819182066337892435265838945317020924227935303567838597200
1000351426094139623977865397615315986982640379137951373146323528200
1081225454886756617323784626824456577938542010198571375590632185800
1161456843969463790829841499081127552476933939227485357581356860450
1239958350914731373965706682711761239718012660019739488926187646060
1315597019209116292954273316792976951537726246728294692715532150500
1387220472509897059093922877112297644977864118226979512217621319400
1453685617556338009950007495157547399998066418134625441298195607350
1513888783923195227602221384139846549126084052408060351273673797500
1566796202832702286116196992569290628622313986695900106102502683640
1611473651653810060436265681495473018277318896249269901726635289600
1647114072804472536005781548309857631892736306826714543844916927200
1673062019396811520034372318845840385900701544322526214033527532500
1688833885109813370297828201398087837891436133029038697193654414250
1694133038381986186947266926890485224292781625515021128452908529780
1688859193139340993641441609849073048741796944208088697028687193750
1673111598538589383273075623521555025867864684546165894600225141100
1647185904558117413567259134178070991938411595136051516360413490750
1611564842946540403508962563325815120618973051526360217735987142600
1566903137680998502350128439764162233305225760826478120631928531180
1514007309904410083663443576103120503287586435916723498155230185000
1453811255198368725318255831174957456643364225530364023210591497550
1387348634563236691738944630077984811588376577147050763306683370100
1315723226590644357778181982743580148559984444876322734889331596500
1240078432884306661958628755126159669242878594803200267418452491180
1161567111717863333217282154214941383239955925578127033407116332150
1081322840009834947997504399398405831609160847429320737574912845400
1000433578188735589600115607032110938800022935297416658654763956400
919918546421170603839756527432748187942557876573087372037874372800
840708925895730410920818064407749716079779287248870268220860022270
763632788273120514700157399936722201376996819503689962184961293000
689404442919132378227916607949644279080382369677455168798462463200
618618187156574170868273885130653955653356591881134960482289920600
551746259921126763993016254873655434224585439424170390231036517950
489140642133611688858293155328885660790245261148492155352891864240
431038223544992839646585971205309276934755667098758998243713421850
377568768870890052437493247573051242533301385689684929387310425200
328765066253326234528828457457789078750616013690982593901554058550
284574626714424574612090174155916299405214870111838393390403094900
244872320641386366815859008782207117323241652868168687070285516180
209473381384618354257763457325995079878263832574087518883775444100
178146270782342176176581647121977260472152879970276990527636974850
150624980482283535221716322245071986545725901498994783050707115400
126620430036183269261133514119042653846914168733432037465403821100
105830712097046366936062008089352051522329386599350178892003927060
87950021632001302635710957015407131487882523080958202704638950350
72676185830815957180868194622949485451477221063876424475576737100
59716781368904298523054651262258326134199763000034799176594128100
48793883978564417039852959948909582743822218319900862561949781100
39647541004298371412862825409397282178391034693028567862322462900
32038090757715914191570516419430209187711369331378967577435949900
25747473750205112225955673238869072228348917643537747512725144800
20579691506234266354358574547722351395171120187085027284107866300
16360570236960487977217226980209938055230190799047631692148592050
12936980954653479836633658813959495432975390339043853879907639760
10175656440278905299901329243834447704943558025608852420318310100
7961730563476572372947054159606820026117609935359973812964661900
6197108350294244410109174023652247681826373814912793960920500600
4798757227279845581593873554792892492883738650947495385191172800
3696992113762534180633111296119873720521459644995269176591507900
2833810299906777750808770111393438524090157202339856213765860600
2161316901583497832897710730823362705181905487480741026465242300
1640268468048817802189464973318390681469199963131716549078150100
1238751191184700944865188771184591079959776750218053042761864600
931001132091521008089444428014363271561474269852352220735662960
696366836366113783816327146234298391497647346889083371401363150
518409470571181046287731261550754990319380698802545726194129900
384131950004323095485470803654750392021926141447220634325410700
283326191905074768015131073187530294752816140057919806002470500
208026367810433269806027183108079665287536471824641699437285760
152055606620831738947621503404638663387407970418290197069090700
110653802049383697713861606833575644910761533880017054319845000
80174819187561573837351563919899869268068844069176806418541100
57842320469686667201736233598961894501860330790536056636702650
41554517381390654144676316299931717491498233808978545276828940
29729305237052429806311266444792449882493254817086352903148100
21182383839535480627965556199341488375124513822427201217097000
15032057872398714125226321243618012209479053482727684158070250
10625416071735114438017464916190318994197145235288398134969100
7481490043369923501180531140874286343394041627201779456837600
5247784966823883969779171473843439949992563908152700041929700
3667255846056473536810421873695543033779970004835774158019250
2553380034240806799410257317595989787471149901857060027027000
1771458258017318193074400199562306303104919765034669934913050
1224672761724294382700741348264005770446953149593424538568080
843753535247931900311130186102402142147855118088598288779550
579362750207221408677171022524872731829312308411301852919200
396513697195621416740517321903954816741307386931681099714600
270502907729244308759071143452881534033915310556806043838200
183960863271219452718728301643078681561289863168347451964990
124724705118200756283611679028449444645751559696158704074200
84311532072921033070805669484581961017158590804617048643600
56828069613419644302432716264390613724975173933798256836000
38195681912362940430243295328654937400591254244918890070850
25602069966348808215614009599831120714562905129574684773100
17115094166452271840319364368085969101794208017175436356400
11411973567994721059928430831178916551167419864886428823500
7590199141149364828806267867069715340267796934590092894350
5036049912721860489149595004753673420590025111465126050200
3333531445997479747341586451134548435979969380380038324380
2201555711899229244368131915767672600406700019686132444800
1450767919288511534312725829093098772087854833620465348250
953984819923082082267627977851763696540632621799363353500
626025283437344122593469640791401850511208466434660168850
409996604909202341504633942653754993895438289090370925060
268001432417200220127039967574838502239992712847625218050
174860725428777864899636698995303334063490004167037433100
113887189395595421931487887057714722387245319157037560100
74047993159655944291001973225122622903745631804685099000
48065681894615500750280153923998189762985304218365131260
31150645993344737825853790599784495237492551136383280100
20157422445432456523226077978250977427985107144747975250
13024584292905397280307761744629387386713796145157570800
8403838092117441827118960094442451673306389186398884500
5415012322299635692677929222145033179275818044282299100
3484586409354160464689738309184370096547957536564290250
2239515633998652337870394171879816732138490064356552400
1437566955658321782565461977983791892812955994587956600
921705618957308939806984431200252471415586638283121400
590288889200283114510143868855631324323432542600537440
377626324899668552207863206692902045366203039036363000
241324424764867814260473495683448645346374135287412350
154062446694725774851998275980778069293344375870827300
98256884997011837178850410363051200463746977498459100
62605598839237613779717014588923162238968565030052480
39852883885611484572099881851168255895853694644321200
25346284501788266821338741730333759376817358341751200
16105996337319119124556839076551438901124113856918600
10225619384704264522207931426503865875739905725991100
6486787243518185321863206311843572029122557258109130
4111651157645934940903527637452631072930541118718200
2604098243260543486785278338246848850447365571831700
1648011624381855396964755775697904344183419455489100
1042153543730425798656228615360711155358839872886950
658533501832124642764648054326547962109984079800580
415819119969397571552336597749949689021237381431500
262371512353384751019080108541038625538540456005900
165431931005880971140457769471430548077693753904550
104235782446554111825872691282710276573826323111200
65631628307273667905873230715897104693732441463632
41296388131432826591653277121467691202971590210200
25966706628327580896919956076889894441884552137000
16316637604480729253148881710480902228077666240400
10246045362991187872141823398398710411876082238850
6429782186171110528877736268180723520204458018400
4032301272230198976887159790928081023438209804800
2527135600433797868879614272348409322098253834200
1582795926956118042015410974954321172845562430950
990703902022630687510273029672669642807301932100
619707847132334618636503967171566984048248626040
387396540273584542065488073418489062185010906700
242020083052536634772725565789945608554386858950
151103724905784494226679814845839950722804359000
94281846242423245347874746807707142945475838300
58791028474774778330765542828014264769224025900
36637423532504723977138481702582400260120485900
22817622507935102108197704711994334636700552000
14201952806459022939176230269330870744095795550
8834021674275196622686631015462651100248056200
5491639206351890648524105066092204471326034870
3411764174532584473386620943311469338636541500
2118311025330921970844035093862662938477570850
1314420493108041086466138257372582517877116900
815103701456455461584185333870792462092168550
505155810408575046998339110496359015374742436
312875602623973299688470950413136093078612550
193665268095562868195396330515150638204022300
119802322896119099452659491624066226757454650
74064803364989968387607217157446587784962100
45760551866295204647763652544949610911301090
28255494167122449245136450856416316391049300
17435977095264518199284508189680933552756100
10752780520499193037346883366215773443491100
6627132967587889502194602630092669862084800
4081879957918292185039836122603834984155040
2512601211692273842771810847982730732327150
1545662860620512315993978769854234545407900
950238992746966141232105663482696704295050
583816975703768826841568946850306972721500
358463738645473547293313473565387003732130
219956679054146307056661227255711746132200
134881125151481593358296370491641063119700
82658196552069663663901166673731555783300
50622072725055666683812636767224768824700
30982155725377407956798693994596331016540
18949573035011343161947060775192074882250
11582481359538474414052988698815951687300
7074836289768572181561233835101170635800
4318589397112831495017905627207163783100
2634366727447289210268556760250266874366
1605895599337496908916747239264889776400
978279726411456635374957223698221359000
595540425409280821496481038314209132800
362292759681581477812647894140468202350
220244902403496108140617948343489819320
133797348727204157411827377404321762850
81223549817976127019031145907929287600
49272743596012990118534342300147915200
29868884836648252296335068357867185500
18093232062967385321289555852455152550
10952041979887857934774614120051454000
6624500890096692008116340080742821000
4003934721349202382879335909932460800
2418209044695030184249614343491968200
1459385597523667712432937750124740200
880061229115087410486125763824626350
530295954299152886378879209873297500
319288761670388414257119758687164450
192089841279123140926591222424804500
115472355096147970156864156174878060
69358479553415222980601764249764600
41626187135101642513343727958726250
24961672855685643199282840809623100
14956109842568442330686860729512200
8953549798850035424114362165468152
5355522694430246325858252931594150
3200599689498471103804649357922500
1911096828695974700580975002768950
1140112481432391325362557454541800
679557383147195846325867700122320
404677042822421697962911947304300
240766350628198001880921893629400
143112258351362596234893216603300
84987260130808786290082363532850
50421288692060019319325898647280
29885531658165071218913387210650
17696194079583409600041029321900
10468309113005416911369027346050
6186330919218278893342984679700
3652231248704804867666560207030
2153925947968862408713779913800
1269002440615310723081968526650
746841068384864212232734567000
439080165236343310103265280700
257857241374973896598079069340
151270916003799033842967896900
88641357663960029068496763300
51885837191718858842818960650
30335413227427189807328763700
17716327629723891266604746020
10334008561201928940742279900
6021128026296327811089689900
3503804211853733756802725200
2036609251327363748220035400
1182246202240133394869069000
685499480245934979264141100
396932493507217084242265200
229571258561789113405878800
132588486081827570564601300
76485728795828959076336760
44056926367351228534788800
25347308865424533228869100
14560610837389865656948900
8354194163383560435529750
4785551038875117832631580
2738033839961080042272200
1563881635095883625830700
892187060601413428240150
508073406323252476073600
288985268100083398018070
164065114208859582953200
93036665472130536797550
52649999741509765898600
29762484095692838889450
16787801142215748791932
9458636473463242973800
5317611899097953862300
2986475201505465287800
1672821791323994592400
936230216364378747110
522538700162183396500
291383836151298584450
162075381828695101700
90073849477716753600
49869280589171480660
27607160322631639100
15228363016947202200
8397863487460111500
4617692821638503600
2536344618265120940
1384811925120075600
757673995559337650
412639153979285000
224961235718581800
122157665671852320
66121628397001750
35467817335238700
19196873305017300
10323612881853500
5564237654383476
2973933119667000
1574835107210900
826909332829500
446159087028200
237186238264220
126013634315500
65551743145200
33517376538200
17339024396900
9527520225500
4974127790300
2565851205500
1265907185900
618762672250
328656135960
188882232600
93083719000
45049072400
20230194500
9737972430
5864115100
3444332850
1450789200
634330750
246325376
137213000
102086800
53327750
16307200
6541130
2033800
1990650
1597400
587400
99240
45850
8900
29950
18000
3250
100
200
0
350
100
0
0
0
0
2
