2
0
0
0
0
100
400
0
200
100
3400
20500
39150
8900
51600
109240
697000
2069900
2839200
2301300
8117750
20265700
71467600
147079300
199693950
313989378
869501100
2024885700
5124764650
9032248700
14496144360
28904563900
68133738500
143789812200
304499669800
530978901840
978710551850
2009555521150
4245626650200
8360141145700
16392207489000
29685694023400
57453042751400
114247212825100
225761958083900
429210138822550
819134981009700
1520412416550500
2931971129035650
5628809173927350
10725451951613092
20068363309906200
37800215439149200
70374908177438150
133172318644062200
249422941755644900
465797984160726950
862510064897144400
1604542146818801300
2963434375313788100
5505134688850088080
10143579812914088950
18683028068624382600
34241658386899173300
62887040723294119150
114884213205807559760
210245661133910873400
382675228837926401000
696546420227846493350
1263255299896042527300
2292062781467672003640
4142410789905605145400
7488195366237610313700
13486467155679455541450
24282569937621335723900
43594019669148411114848
78235418730452295338900
139991024705117335561400
250380849524845119659900
446608830289979755826900
796110098112800567110430
1415761618865940888118550
2515854574506792664110100
4460521289001568141366500
7902147958143472690096500
13969539948900809541766520
24674068396090978554783000
43496110671331720857114800
76605399706491821858301300
134666410407314529831594650
236509480352165561391734280
414645712256087446640776200
726238691926574869074327150
1269887907814166756375534050
2218279538629369975026396200
3868872950415594144294667060
6740838982703330423695345150
11727199887762108398616192500
20381289678152827770909339200
35371235131114374281399634500
61323193579140216967263635242
106171152403027540450540092100
183630747758591827008256943800
317187461363478926583038617400
547325151751758019801924032600
943254429301558532530156186510
1623956259236266460643428631100
2792505126104941201978893404300
4797112284754064062193674367100
8231115294127388266711717225700
14109399762249344088174584808060
24158420998157316666155079123500
41324263670294295514661730942900
70610255959097313228651138636700
120534957643932936892865247858300
205541346960964630519511195482320
350166252063871590255997752708850
595942258183728275787745188804250
1013280382856839216264460340786900
1721166385258702805704372010487500
2920912064825119624320760607730550
4952153042168652587825472950383450
8388397801366182859960882676819100
14195653457412671674136142842278400
24002042909443937736858734132233150
40545555204457221505009857388794682
68432410019530950993642675371480800
115396561853029512724347330987282300
194426080476997250614638742864387500
327294200317017941982355403389972300
550503068685196990441206499463456580
925150746176578642162246474623667700
1553494987709098118433700272176093450
2606437169016698973943730989602668900
4369543799800290905001168152679668700
7319362895476363084034344374431347720
12250917171989074613385186880218259850
20488971772927203426195356106269683100
34240210082480993634036639639828302800
57176349350536685986546835892274062500
95404202801274630362911232570941256580
159070439897336558348134796340275882050
265026158481294423417366908932121813600
441230667923051520713338080478130546600
734050483849536493599471943046300662400
1220310430592500528818049233253327798270
2027233642526044747409129742107221057400
3365329457975799577144444593838556324100
5582722460086136035521389110917083676450
9254663331613149485008867552552623900450
15331167806880045238437145776797287536188
25379994285541395668262788792996895633600
41986817433179984226800615382989906679850
69413078320578289752232371630593690515300
114677891945175091853514789519061152658700
189334590474895715577323111506708082628580
312388424842770422801622423121219069868750
515082087874754588836022953460307232496350
848744718888876262291670286840742954732500
1397650791677904735491943393231296666849400
2300083315868173433049476742652088757782060
3782801525961866481925481627752537294126050
6217428342903997751392009734689567319521500
10212616007172677764995077238267329167503200
16764637617288307671694159602964334567198900
27503246225655458194122995597289201029263800
45092900968900523490184564955518173341950900
73887064773709592286242582871396788815136500
120994698656944326807139958424475696413910650
198017450363010961980704511940819608677158400
323877906051963764765088251714037534301463200
529421212598388038955573562729724446048522300
864898095663198840306129428104759670118715800
1412126069689927976087684608586106387144868050
2304242911975748834936513761693680386957642200
3757773308622712942294238281501930663585578332
6124655611321508713612496376342010733549636600
9976604489934943784881778185093823680541026250
16241831970942485339823088460207736372142916000
26426497628963883203262305979183627246937185900
42973199742055605290823808961477107817884543980
69840992346438084483361733444208538776915171950
113443305648935789972421129403120749112299324300
184163791639026942245123237212454340316019665200
298804874707901512156982557620818539602715008800
484540786652620097085369021654625906564163090940
785296094749991269784665765994868971078681946700
1272032533504247029250552810733044057087898689900
2059330167492170701615917654869192210938853332600
3332100476760885524965032747650988799896437055100
5388600384125528268640604917070848923494999041180
8709659483445139077716561329442309828992400704600
14070039337585410346507240992416435405920448745800
22717478708897497205020446042056803766861702239750
36660425740645137887157781171285255390338608805500
59130214424796855970053378851583865115603378057220
95323099611673818248642786922271539902865329490150
153591067842068875224864462197178994370948791800700
247351986175789487815842412509197649228376859481100
398152289935896108721956242854308068893492092888700
640575544522981249164178656216972466742203069016588
1030106151921351427651848699509035752319143136204400
1655722297651038239807145999342678201083156752877900
2660054550130609276834055333309214845292512438339800
4271643476749223844476103558054776386317794017849200
6856539594003180298492202740507183566581388757872560
11000815481673588467540616956563006925270588026994700
17642465502825384412270860008880646925361760377708900
28282188096955107496329668579700922066689251907984500
45320125754865653756884735187945438758681436103349900
72593678437221803500472678062407421626708532321887980
116236222012974857074853828449926394331655496048552700
186047856275646226514987934922364203066164239838645400
297682950611722520160168734882015403966229717800619500
476140371548835796424119916570075368689880158723653900
761330867047683047078931016387615203821368088404855060
1216955829214756788124370031319493206227091552467039600
1944663911912351164368422086471837467972367488572116000
3106618004781845124105960723243353168470918061709459900
4961461365920317878025753118925557957593803335280536900
7921626152984395072126576666508537294091260103871595560
12644628444507026056253361136856151460853596411342094650
20178471075517485271500723823115158131770634653498981200
32193164829017821801087114358616893574075175834180936500
51349275708877316134888211432325835866312083196489187000
81884429022015190860708498113014318494230297493867540592
130546377449070943810563303148512440552451327972930630000
208076910431678082860416945204419254828926993833303079300
331570912866196249659107356707416819160468019888388636000
528225155959709754620307740188976429767286635557481704000
841292818349650830972825467982212897271797088256216528820
1339536841963160993977708544230358800749667500468836371100
2132229800843118241759736317796396703431816632092735356100
3392940283692781947021854361704699585379191303600190954700
5397227963365776348660572546400279355279503099590121328700
8582337539481555108177898479015594857027466452443516195740
13641656713997664241867371245300586992800638417340211964400
21674058062246823075013664350231372398949750800486305961300
34419800160254677808611233548095750279919909894550314543300
54632794020561698122170288000400155243434620472933402073500
86667446645435893353650300059319716205758310442816764472640
137402728849561297976664223784773269430050856918004016738900
217695512124852495046515810832816959152273070992321678112900
344663417018444253955285290063042489730432382286147203939600
545265803958308598277618621653223907593674487804103613813100
861913109278097415940106380740695945345006369265187288030240
1361240253896349841801517852329098723467999524057948339064500
2147807267134159953647183213866255457248232142660557160674600
3385458919076415208098390490653210201276200970329752055980450
5330567324045904414932328394541945879105284971792849966819600
8383674830663543572216607179237108224562127186749114970980860
13169570843145206879296328341761888007436629084012192831713900
20661214428472672710371643965648841271830887751048695866061200
32371119579536299516922337772137645651168342065194764020046300
50646304709682081734488405477265336630710511597001358937726100
79121853112194069070449909165996145680011546843544331543325700
123416799485091650867410924345948228110914040031949283694266750
192199314591032394732277796393658757853503116674818823677188400
298813236163972223560360421919878335886688738922510580073921100
463755596769230569429035333883696072364625106680332096237095900
718440727728345155979191399037915988821061052354928303245798940
1110903998195753712421866448042488212880202369350369580551849100
1714421292755101615039712438463130860773801871249292581439034100
2640498553525668560168070895385531776586401498696702541586308900
4058391193081868586566082284045586681169800700344718609976695500
6224350204826698279315613244904905585289069215135279144608677060
9525310586548893746609486872184716380214150065141731040800323200
14543953719551175967924339616252664421278447305923765584567648800
22155296255011099668587596430369803747720376867069305485468648450
33669621063102739213363444150724549430155019711324532750212834700
51043289272291257549582588120552309447172289699112695524564764060
77188626654960643686760748193312788504160964103415372076850184500
116427881208668412637773634446015744259179824410368541359143936900
175155899133399115718570014370734102685862809586183756614903144850
262804015019136938820935690225419364030925942804170686362897345300
393236938417884977829341803459507117936273834864932300519359733560
586769580071557750024982492579918472993235951264220049130616555600
873067837713785038506104055301894892812429137368315069783085795100
1295304526901775531634456656879492855878415922546631638924059144600
1916089884235239038965628748060397328679503072315843721542004018800
2825900060146236412312052435972770434467359961343724053752952431970
4155006210324676812118779789446687848106157773065275120202303703450
6090286796292994672485754954231091347588303181063435756051117027400
8898819966330885173810996232238442602440437142602909053099088467200
12960844750529959095270846978436470271732922972674256929519409080850
18815604954338905319530258943356657404460270736848673502648510544900
27224818977032821315440033782604427577605787419204872952838424134600
39260141733281946349572830027462110929962420657546687986038437371400
56423113033622126454311065120357566731691007032538769861636712009350
80808857975047421342106349309014140564490903578096652532169086025000
115328387178306567120543685402639762868740765300200478654046787466380
164008940399473006450315994715979947664211905178804525712430077538600
232397666123588586320956282105046178321634726231153858134575760580600
328101312196867280065177048004436652540975827141647631753107438472850
461503838827906809112006025091770810630340289125628292313707255925300
646715313990918625303693453152576616270865018894590726173171688271500
902819502795509818637343490393208495176150682662297753135551611740050
1255504627129777938136211301364966696200709459798609229544515218331200
1739182261245263009739402308374208160570542202825931795292709990218700
2399723627429650443114042788210636626155686372236177837011185160471300
3297970982234830048400343731978728656020897772898213537402327168459220
4514214539223041126643005338036325286752439108892136480415050277862100
6153862476792992915489469073344344270526973063138459620918132204529600
8354572782488450176276669639508549126625039263558198801401973183452000
11295160379711975960370549354946638236626041750191977918464576147591550
15206640087514234126549668085819361367132385465645852062510817167409610
20385813802335324482783152156536880916759708734289452811304069378435300
27211856461870371623918683469914716611621701831136055142400915854115500
36166396605711746356187521546157162647440996247429272485461036682509650
47857619473483288221118869451806380448092184974817180427323501601706550
63048938322059341798558052767221018846867716114046942170969270351468320
82692776660821058088764697697429727187027992881263233109298221379339400
107969973010009058793715737160697233387882635599534537662401449010791500
140335252269406088505805096372451693503526804659755310359489159588211850
181569094846538213224839953948058677840844611308707940196739775390500600
233836167036992683917640541380767534215697769511057897511706863366178160
299750244715167242348612470679028036995856204350937909721778191530236200
382445259074804929232965088594578665863980778809983876431814232769313700
485651711685966497981466111358829721449533296487720908327538834224123400
613777243121860014952560588751574203586577510117233704683838049343976400
771989595520326218124621759498361022183695152687235078609764597246488440
966299590637063895068645579452787881953043562458724382195137962927021650
1203641063696784752000629386505671911398042300966652088003087770717863900
1491943969762434649489038685612015449776735108571484625113412254912677800
1840196142030116618724102315376421103006399700117188192950647354048746600
2258488468006991806464623710738398632121542477590902832614562328786227940
2758037606445164237813403319600222529272522219501236344783772774826477800
3351179849846409685401386170601181763443516435133906912590500342426218400
4051329405550504518954716274710883243639851867060956694899549748018441950
4872894288165175677404785216326534283001080374613230051856786980284455250
5831143253271290539189405099001297460546518002048070241661901038725137760
6942017819022537406684489335063200279396749661945161059871268310812740400
8221884471538724781958163218456673004790835756100954640428764167723564600
9687223670195724059487745519214793528173143154159237178489721495758426650
11354254277629706528502697484525881961220083421756879424195312162050965100
13238494527561085953296391050400103315282273150985219001869604871578821800
15354263570887644691805893098190189152162567502836764559449668947729608650
17714130931042140880825543328353368105664056469278011636587565402965346600
20328324740281386585234867741736013727117425617816803910990264990552678000
23204113269599220327639860271832010702406886486642146706629339191926770000
26345177823229759198020505844438547937405801600324885882240626168253221480
29750998334256535622037176782063826576782649384802222627405684638757866400
33416275743434625251804077324380541240726416897742091664455695448537041500
37330417236999886639420832247446504387123232087971833387547737134288833000
41477111439205610045356488562688194103694463704291957223005494528319928550
45834020506514611435923947328679276357572788892356324783385915325425502920
50372614601416535176042075809033593998271624230897631886655100842771351600
55058171343303447768421011139798498825442700207435711331769760156996812700
59849958524255487031307055150310889335392585018443333316375463540776968800
64701612705886043832117761966643116572845582271959110832699779550025086300
69561719436414840388008488337304501831581833744052298560000723969175147380
74374592991243979405546372209717278182432570489943875474507309116880023600
79081245074440818347812780820800319534891503241185583515828826051368844400
83620523220514444808703789223656070354746271347011303606958645506026298750
87930391152464190414303506293208991739246896515637933568691495667049108400
91949315553659053134878069234527346472344494028066486161448254886204947000
95617717062587400953632204809548092796097351612529964078951016600306760550
98879438229422449938598150825642411203288772250307561371076619630652176200
101683178043361319829392445343765443071032852030644500038401425258050824300
103983841717051237554077190197096357105204292960288315407615067120725940300
105743755849488684979020115650828318412783722968525762550426178909939227260
106933702899846782066644798793311787935853012771139623680404939057852703850
107533734971423839203170779460648113317043412743205187418826857833281740800
107533734971423839203170779460648113317043412743205187418826857833281740800
106933702899846782066644798793311787935853012771139623680404939057852703850
105743755849488684979020115650828318412783722968525762550426178909939227260
103983841717051237554077190197096357105204292960288315407615067120725940300
101683178043361319829392445343765443071032852030644500038401425258050824300
98879438229422449938598150825642411203288772250307561371076619630652176200
95617717062587400953632204809548092796097351612529964078951016600306760550
91949315553659053134878069234527346472344494028066486161448254886204947000
87930391152464190414303506293208991739246896515637933568691495667049108400
83620523220514444808703789223656070354746271347011303606958645506026298750
79081245074440818347812780820800319534891503241185583515828826051368844400
74374592991243979405546372209717278182432570489943875474507309116880023600
69561719436414840388008488337304501831581833744052298560000723969175147380
64701612705886043832117761966643116572845582271959110832699779550025086300
59849958524255487031307055150310889335392585018443333316375463540776968800
55058171343303447768421011139798498825442700207435711331769760156996812700
50372614601416535176042075809033593998271624230897631886655100842771351600
45834020506514611435923947328679276357572788892356324783385915325425502920
41477111439205610045356488562688194103694463704291957223005494528319928550
37330417236999886639420832247446504387123232087971833387547737134288833000
33416275743434625251804077324380541240726416897742091664455695448537041500
29750998334256535622037176782063826576782649384802222627405684638757866400
26345177823229759198020505844438547937405801600324885882240626168253221480
23204113269599220327639860271832010702406886486642146706629339191926770000
20328324740281386585234867741736013727117425617816803910990264990552678000
17714130931042140880825543328353368105664056469278011636587565402965346600
15354263570887644691805893098190189152162567502836764559449668947729608650
13238494527561085953296391050400103315282273150985219001869604871578821800
11354254277629706528502697484525881961220083421756879424195312162050965100
9687223670195724059487745519214793528173143154159237178489721495758426650
8221884471538724781958163218456673004790835756100954640428764167723564600
6942017819022537406684489335063200279396749661945161059871268310812740400
5831143253271290539189405099001297460546518002048070241661901038725137760
4872894288165175677404785216326534283001080374613230051856786980284455250
4051329405550504518954716274710883243639851867060956694899549748018441950
3351179849846409685401386170601181763443516435133906912590500342426218400
2758037606445164237813403319600222529272522219501236344783772774826477800
2258488468006991806464623710738398632121542477590902832614562328786227940
1840196142030116618724102315376421103006399700117188192950647354048746600
1491943969762434649489038685612015449776735108571484625113412254912677800
1203641063696784752000629386505671911398042300966652088003087770717863900
966299590637063895068645579452787881953043562458724382195137962927021650
771989595520326218124621759498361022183695152687235078609764597246488440
613777243121860014952560588751574203586577510117233704683838049343976400
485651711685966497981466111358829721449533296487720908327538834224123400
382445259074804929232965088594578665863980778809983876431814232769313700
299750244715167242348612470679028036995856204350937909721778191530236200
233836167036992683917640541380767534215697769511057897511706863366178160
181569094846538213224839953948058677840844611308707940196739775390500600
140335252269406088505805096372451693503526804659755310359489159588211850
107969973010009058793715737160697233387882635599534537662401449010791500
82692776660821058088764697697429727187027992881263233109298221379339400
63048938322059341798558052767221018846867716114046942170969270351468320
47857619473483288221118869451806380448092184974817180427323501601706550
36166396605711746356187521546157162647440996247429272485461036682509650
27211856461870371623918683469914716611621701831136055142400915854115500
20385813802335324482783152156536880916759708734289452811304069378435300
15206640087514234126549668085819361367132385465645852062510817167409610
11295160379711975960370549354946638236626041750191977918464576147591550
8354572782488450176276669639508549126625039263558198801401973183452000
6153862476792992915489469073344344270526973063138459620918132204529600
4514214539223041126643005338036325286752439108892136480415050277862100
3297970982234830048400343731978728656020897772898213537402327168459220
2399723627429650443114042788210636626155686372236177837011185160471300
1739182261245263009739402308374208160570542202825931795292709990218700
1255504627129777938136211301364966696200709459798609229544515218331200
902819502795509818637343490393208495176150682662297753135551611740050
646715313990918625303693453152576616270865018894590726173171688271500
461503838827906809112006025091770810630340289125628292313707255925300
328101312196867280065177048004436652540975827141647631753107438472850
232397666123588586320956282105046178321634726231153858134575760580600
164008940399473006450315994715979947664211905178804525712430077538600
115328387178306567120543685402639762868740765300200478654046787466380
80808857975047421342106349309014140564490903578096652532169086025000
56423113033622126454311065120357566731691007032538769861636712009350
39260141733281946349572830027462110929962420657546687986038437371400
27224818977032821315440033782604427577605787419204872952838424134600
18815604954338905319530258943356657404460270736848673502648510544900
12960844750529959095270846978436470271732922972674256929519409080850
8898819966330885173810996232238442602440437142602909053099088467200
6090286796292994672485754954231091347588303181063435756051117027400
4155006210324676812118779789446687848106157773065275120202303703450
2825900060146236412312052435972770434467359961343724053752952431970
1916089884235239038965628748060397328679503072315843721542004018800
1295304526901775531634456656879492855878415922546631638924059144600
873067837713785038506104055301894892812429137368315069783085795100
586769580071557750024982492579918472993235951264220049130616555600
393236938417884977829341803459507117936273834864932300519359733560
262804015019136938820935690225419364030925942804170686362897345300
175155899133399115718570014370734102685862809586183756614903144850
116427881208668412637773634446015744259179824410368541359143936900
77188626654960643686760748193312788504160964103415372076850184500
51043289272291257549582588120552309447172289699112695524564764060
33669621063102739213363444150724549430155019711324532750212834700
22155296255011099668587596430369803747720376867069305485468648450
14543953719551175967924339616252664421278447305923765584567648800
9525310586548893746609486872184716380214150065141731040800323200
6224350204826698279315613244904905585289069215135279144608677060
4058391193081868586566082284045586681169800700344718609976695500
2640498553525668560168070895385531776586401498696702541586308900
1714421292755101615039712438463130860773801871249292581439034100
1110903998195753712421866448042488212880202369350369580551849100
718440727728345155979191399037915988821061052354928303245798940
463755596769230569429035333883696072364625106680332096237095900
298813236163972223560360421919878335886688738922510580073921100
192199314591032394732277796393658757853503116674818823677188400
123416799485091650867410924345948228110914040031949283694266750
79121853112194069070449909165996145680011546843544331543325700
50646304709682081734488405477265336630710511597001358937726100
32371119579536299516922337772137645651168342065194764020046300
20661214428472672710371643965648841271830887751048695866061200
13169570843145206879296328341761888007436629084012192831713900
8383674830663543572216607179237108224562127186749114970980860
5330567324045904414932328394541945879105284971792849966819600
3385458919076415208098390490653210201276200970329752055980450
2147807267134159953647183213866255457248232142660557160674600
1361240253896349841801517852329098723467999524057948339064500
861913109278097415940106380740695945345006369265187288030240
545265803958308598277618621653223907593674487804103613813100
344663417018444253955285290063042489730432382286147203939600
217695512124852495046515810832816959152273070992321678112900
137402728849561297976664223784773269430050856918004016738900
86667446645435893353650300059319716205758310442816764472640
54632794020561698122170288000400155243434620472933402073500
34419800160254677808611233548095750279919909894550314543300
21674058062246823075013664350231372398949750800486305961300
13641656713997664241867371245300586992800638417340211964400
8582337539481555108177898479015594857027466452443516195740
5397227963365776348660572546400279355279503099590121328700
3392940283692781947021854361704699585379191303600190954700
2132229800843118241759736317796396703431816632092735356100
1339536841963160993977708544230358800749667500468836371100
841292818349650830972825467982212897271797088256216528820
528225155959709754620307740188976429767286635557481704000
331570912866196249659107356707416819160468019888388636000
208076910431678082860416945204419254828926993833303079300
130546377449070943810563303148512440552451327972930630000
81884429022015190860708498113014318494230297493867540592
51349275708877316134888211432325835866312083196489187000
32193164829017821801087114358616893574075175834180936500
20178471075517485271500723823115158131770634653498981200
12644628444507026056253361136856151460853596411342094650
7921626152984395072126576666508537294091260103871595560
4961461365920317878025753118925557957593803335280536900
3106618004781845124105960723243353168470918061709459900
1944663911912351164368422086471837467972367488572116000
1216955829214756788124370031319493206227091552467039600
761330867047683047078931016387615203821368088404855060
476140371548835796424119916570075368689880158723653900
297682950611722520160168734882015403966229717800619500
186047856275646226514987934922364203066164239838645400
116236222012974857074853828449926394331655496048552700
72593678437221803500472678062407421626708532321887980
45320125754865653756884735187945438758681436103349900
28282188096955107496329668579700922066689251907984500
17642465502825384412270860008880646925361760377708900
11000815481673588467540616956563006925270588026994700
6856539594003180298492202740507183566581388757872560
4271643476749223844476103558054776386317794017849200
2660054550130609276834055333309214845292512438339800
1655722297651038239807145999342678201083156752877900
1030106151921351427651848699509035752319143136204400
640575544522981249164178656216972466742203069016588
398152289935896108721956242854308068893492092888700
247351986175789487815842412509197649228376859481100
153591067842068875224864462197178994370948791800700
95323099611673818248642786922271539902865329490150
59130214424796855970053378851583865115603378057220
36660425740645137887157781171285255390338608805500
22717478708897497205020446042056803766861702239750
14070039337585410346507240992416435405920448745800
8709659483445139077716561329442309828992400704600
5388600384125528268640604917070848923494999041180
3332100476760885524965032747650988799896437055100
2059330167492170701615917654869192210938853332600
1272032533504247029250552810733044057087898689900
785296094749991269784665765994868971078681946700
484540786652620097085369021654625906564163090940
298804874707901512156982557620818539602715008800
184163791639026942245123237212454340316019665200
113443305648935789972421129403120749112299324300
69840992346438084483361733444208538776915171950
42973199742055605290823808961477107817884543980
26426497628963883203262305979183627246937185900
16241831970942485339823088460207736372142916000
9976604489934943784881778185093823680541026250
6124655611321508713612496376342010733549636600
3757773308622712942294238281501930663585578332
2304242911975748834936513761693680386957642200
1412126069689927976087684608586106387144868050
864898095663198840306129428104759670118715800
529421212598388038955573562729724446048522300
323877906051963764765088251714037534301463200
198017450363010961980704511940819608677158400
120994698656944326807139958424475696413910650
73887064773709592286242582871396788815136500
45092900968900523490184564955518173341950900
27503246225655458194122995597289201029263800
16764637617288307671694159602964334567198900
10212616007172677764995077238267329167503200
6217428342903997751392009734689567319521500
3782801525961866481925481627752537294126050
2300083315868173433049476742652088757782060
1397650791677904735491943393231296666849400
848744718888876262291670286840742954732500
515082087874754588836022953460307232496350
312388424842770422801622423121219069868750
189334590474895715577323111506708082628580
114677891945175091853514789519061152658700
69413078320578289752232371630593690515300
41986817433179984226800615382989906679850
25379994285541395668262788792996895633600
15331167806880045238437145776797287536188
9254663331613149485008867552552623900450
5582722460086136035521389110917083676450
3365329457975799577144444593838556324100
2027233642526044747409129742107221057400
1220310430592500528818049233253327798270
734050483849536493599471943046300662400
441230667923051520713338080478130546600
265026158481294423417366908932121813600
159070439897336558348134796340275882050
95404202801274630362911232570941256580
57176349350536685986546835892274062500
34240210082480993634036639639828302800
20488971772927203426195356106269683100
12250917171989074613385186880218259850
7319362895476363084034344374431347720
4369543799800290905001168152679668700
2606437169016698973943730989602668900
1553494987709098118433700272176093450
925150746176578642162246474623667700
550503068685196990441206499463456580
327294200317017941982355403389972300
194426080476997250614638742864387500
115396561853029512724347330987282300
68432410019530950993642675371480800
40545555204457221505009857388794682
24002042909443937736858734132233150
14195653457412671674136142842278400
8388397801366182859960882676819100
4952153042168652587825472950383450
2920912064825119624320760607730550
1721166385258702805704372010487500
1013280382856839216264460340786900
595942258183728275787745188804250
350166252063871590255997752708850
205541346960964630519511195482320
120534957643932936892865247858300
70610255959097313228651138636700
41324263670294295514661730942900
24158420998157316666155079123500
14109399762249344088174584808060
8231115294127388266711717225700
4797112284754064062193674367100
2792505126104941201978893404300
1623956259236266460643428631100
943254429301558532530156186510
547325151751758019801924032600
317187461363478926583038617400
183630747758591827008256943800
106171152403027540450540092100
61323193579140216967263635242
35371235131114374281399634500
20381289678152827770909339200
11727199887762108398616192500
6740838982703330423695345150
3868872950415594144294667060
2218279538629369975026396200
1269887907814166756375534050
726238691926574869074327150
414645712256087446640776200
236509480352165561391734280
134666410407314529831594650
76605399706491821858301300
43496110671331720857114800
24674068396090978554783000
13969539948900809541766520
7902147958143472690096500
4460521289001568141366500
2515854574506792664110100
1415761618865940888118550
796110098112800567110430
446608830289979755826900
250380849524845119659900
139991024705117335561400
78235418730452295338900
43594019669148411114848
24282569937621335723900
13486467155679455541450
7488195366237610313700
4142410789905605145400
2292062781467672003640
1263255299896042527300
696546420227846493350
382675228837926401000
210245661133910873400
114884213205807559760
62887040723294119150
34241658386899173300
18683028068624382600
10143579812914088950
5505134688850088080
2963434375313788100
1604542146818801300
862510064897144400
465797984160726950
249422941755644900
133172318644062200
70374908177438150
37800215439149200
20068363309906200
10725451951613092
5628809173927350
2931971129035650
1520412416550500
819134981009700
429210138822550
225761958083900
114247212825100
57453042751400
29685694023400
16392207489000
8360141145700
4245626650200
2009555521150
978710551850
530978901840
304499669800
143789812200
68133738500
28904563900
14496144360
9032248700
5124764650
2024885700
869501100
313989378
199693950
147079300
71467600
20265700
8117750
2301300
2839200
2069900
697000
109240
51600
8900
39150
20500
3400
100
200
0
400
100
0
0
0
0
2
