2
0
0
0
0
100
400
0
200
100
3400
20500
39150
8900
51600
109240
697000
2069900
2839200
2301300
8117750
20265700
71467600
147079300
199693950
313989378
869501100
2024885700
5124764650
9032248700
14496144360
28904563900
68133738500
143789812200
304499669800
530978901840
978710551850
2009555521150
4245626650200
8360141145700
16392207489000
29685694023400
57453042751400
114247212825100
225761958083900
429210138822550
819134981009700
1520412416550500
2931971129035650
5628809173927350
10725451951613092
20068363309906200
37800215439149200
70374908177438150
133172318644062200
249422941755644900
465797984160726950
862510064897144400
1604542146818801300
2963434375313788100
5505134688850088080
10143579812914088950
18683028068624382600
34241658386899173300
62887040723294119150
114884213205807559760
210245661133910873400
382675228837926401000
696546420227846493350
1263255299896042527300
2292062781467672003640
4142410789905605145400
7488195366237610313700
13486467155679455541450
24282569937621335723900
43594019669148411114848
78235418730452295338900
139991024705117335561400
250380849524845119659900
446608830289979755826900
796110098112800567110430
1415761618865940888118550
2515854574506792664110100
4460521289001568141366500
7902147958143472690096500
13969539948900809541766520
24674068396090978554783000
43496110671331720857114800
76605399706491821858301300
134666410407314529831594650
236509480352165561391734280
414645712256087446640776200
726238691926574869074327150
1269887907814166756375534050
2218279538629369975026396200
3868872950415594144294667060
6740838982703330423695345150
11727199887762108398616192500
20381289678152827770909339200
35371235131114374281399634500
61323193579140216967263632772
106171152403027540450539966100
183630747758591827008253523800
317187461363478926582975214600
547325151751758019801030730100
943254429301558532520031901850
1623956259236266460547516392900
2792505126104941201198459448700
4797112284754064056622941210700
8231115294127388231232388734900
14109399762249343883673274917020
24158420998157315586360554399200
41324263670294290236702387335350
70610255959097289127846975373700
120534957643932833263183252061900
205541346960964208030339679378960
350166252063869947350120541466650
595942258183722150823477026597150
1013280382856817227434680135713500
1721166385258626501087766942411000
2920912064824862844666090393418160
4952153042167812263992003817725550
8388397801363502090671037655499100
14195653457404317361170572440247900
24002042909418457951395143653868300
40545555204381046731350738654413252
68432410019307403338783350259243100
115396561852384728015785181837775200
194426080475167354456771719821989550
327294200311903071596531925889535100
550503068671103330645199346576954340
925150746138266225352565488786400700
1553494987606274278489182387566838550
2606437168744071876335541201772344200
4369543799085758770308576536792255300
7319362893624171276661676925216649740
12250917167238179282334524773130947500
20488971760863340902488022082289318250
34240210052142149555341048058237040000
57176349274944020690513352648927868200
95404202614601453956924505872876196040
159070439440302922226504221603369571950
265026157371581639234171453740739184200
441230665250093029687272629366768375900
734050477460906081648421399978204762400
1220310415437203933116832365538989301620
2027233606834725398237013938323079956400
3365329374512340726798913389023200489500
5582722266241314143942235651324291671700
9254662884395119675506841299698663421100
15331166781770865219901187448721726388588
25379991950574580242888763463697935020200
41986812147253959080399558161049146745050
69413066425768496330176593539629943718550
114677865334689568046871575079655039535000
189334531282407044444322692633783122048200
312388293907825820001474032315388735510200
515081799820950711560588727669300091545150
848744088552919621129822233651720089098800
1397649419533172120406976467262991280047900
2300080344175738876761954762881837745286100
3782795122298097034718974607672026603572100
6217414611448160787689116472351102967552200
10212586704388312208130284771077051296783900
16764575380875917665229433861211979112895850
27503114654387983080637687208937536909399100
45092624087120862977906962368058949694500200
73886484705549732566783765100036741264374000
120993488760600932508527717679111733868061000
198014937703429687437164455104329261856137100
323872710087886446742933566583532601029754740
529410512812023134002158154567451638705498200
864876153020277188235722858020310509928680200
1412081253496924049764212157468082987367401400
2304151744585981935178515014183186482540014700
3757588582635419391096889676908026465172540972
6124282769290890507152783045750547807229204400
9975854848243228276826345037790039433566076850
16240330429324025102612707456756474434516149500
26423501242893179169342968395627318094308905500
42967242350673825913802851899411743421199299970
69829190962361734756501496690324222241476346800
113420011439260578764608421596357338557891871400
184117975305084668746457986071193881427616859100
298715076338190117351783451489226191229594554500
484365394507175429966699295619750403336193320960
784954695469107000165820022910464776517291571000
1271370252271019859430130439132136247190938316100
2058049708354888241012070809981287172749807779500
3329633029281942462951317021345198011814298958050
5383861195593081216860218448529325845413746549920
8700586536584375944943710393445362368068828176300
14052725433993975507851124827338469539841586748550
22684543735789303028450923121474950681151014354700
36597973461797334417222953529187076780695715926000
59012160499902153180649669954914631504413864804380
95100632514939175146144445211115529523893248107100
153173125884145490665568131641042463204609389128300
246569201760152508803716452134437430508673538876000
396690600379014686419602067688958128123623242730900
637854314546239840843092398025067499400748933094368
1025055093053102730147667593894605352602307499022700
1646374350359484061061230956476116250775509731525900
2642805074532247705252467034968946183443071858943000
4239906163825310520568916926980663758805888903637800
6798314867613495701346038803323828638706302736769710
10894304136188875051840334957502664006733535829620300
17448178786446299560764326792571138483193368790552900
27928796246509993087369188799440943792864544950267200
44679147711461316637600381877708578630247335834127700
71434341544438576113391972748812065724409910851734160
114145181797015093840134282334773850127798613537757900
182286821422670984246646498420975491870893978369887250
290936889549688353657761022371803455868953122926276000
464073449975282567984622901401575945681720688198392000
739805474273539745604046603557402668140132454434514300
1178662881310348340663079814973819342764574736389229950
1876727269320163632049243111395992149745417370853013250
2986416179877020573089928791138289438973911092189754700
4749359943607441029206463250914292651478769326123595400
7548371543893727051884859084970795377151223869907489400
11989541262463491928332720142270570698294313751622033500
19031827871163630832032615191338495467683111681787786400
30191481177692314615920804567351608880871089910038313200
47864274768054379403159397113625013206053391286506754000
75833072159011277697048331778036073604566113793151216252
120066725823532559315017437272457230557448613038075461000
189976573172274071329900050141596440274332219787893481900
300391102131665746080790385043936412759876439471157223650
474656810227208867007051141322526225483395778665544825200
749503607334163118374198211580978548144400320569461885220
1182672550339401885236885834644109654159907065005668166900
1864864071640062020121088994949147033363871469153240602450
2938437615458170185680682456421724121967945868844518174500
4626651437681723667535101611369794727869650212192877346100
7279341591192906542466482799033230549944981397605391346720
11444215081581197459087374854526586776739222059284141579000
17978011867152079708166955259663921012868007200107318148050
28219657456560131650883693039335079839859346447315306988000
44259696692223850747148253048073472500171666676564201630400
69359097812300780959496566087880349846633818415137825005580
108599517030265685852148478167859695586793760201934115381850
169891792747936446041343640672419322222569139343140594016400
265538170857719362138045310669743118273680849976419380935400
414649339104650333106853399528128558936645269170522235454000
646879266521337367573011439368575240058259043209499454839620
1008188767763025606591968618139285024336716157631744789642300
1569727685452003599911861512691508650791742176713124493008400
2441503862736038357223264147562643123900923166724845664681350
3793387873792142189109516257503674622586024501295343772049100
5887341510677895434867742632363007924799667641440976326918340
9126789688812956793913007164107548919911173964164433662491400
14132131715687572616700034558184106815409399666638463788555150
21856036011830442442796984214136231367181124782435950273051450
33759170101656749134364030979732919269550518461297528307763200
52077558729267546653260378354461270145674566093952067891101260
80228581302475153170394188682161256949579076260559018174752450
123426299391838769989072875468525923560337169086502595007858950
189612162410692876038646933286066559173011613721621492585897800
290859795107670025226176645261370618084004560612566581093111700
445490773449889616067230687656882607026134862315172373872280940
681254113774080893614047517207861246583843231380324407201587800
1040093226819378269602142169464958342229123926680346683546989400
1585275879583056230967830110362217050428526034883765788753064600
2412032249911649279140435085029167046768603863635940267269416050
3663386774192537168948156356247469125276402540682754197403516320
5553657748277405267922381708377513795386170671011058624164332600
8403244049477967219677066483508427069446119298982956170719682100
12689976839288257768792606008966886060563340664606492928357699650
19124706764863163176848069735151878483443690378543441634653847300
28762236023553282115377791799719665231431322409528623352374094200
43163627985050809502600027999593822766165312040741432984402780300
64632947557367444948013003481350947947891269689946400114050609200
96561455257220250190985825739462573201913771722399824236340886550
143926375955717928398058156393578324827803344253449168686662291000
214011211825133606184398898000274935858501901749462292774735994840
317442387959437581633524947188117346789272611944827056942108176200
469675828229577165730209311402608753810910752294040819505928947350
693120941128961554814949053359587355963560394724051555056490080500
1020163936319960805009915754777582455846820518224366077273004615200
1497454714005125866779417666833600984447275316571451638607355870540
2191961476156213786946719685991415811412295195814148178637432301250
3199487472619908779359682872767469882348381579859632979571021693300
4656601596276525457949101863572632417033954852483688533774184203000
6757280491309534076616340201127147372420075230606501994222302631750
9776022203186361227897824839299274263869412358075000276422421435500
14099805533606498037803793759902245142243986906880132376087373935500
20272079761142353931244484956307447818386055811929622204051197251400
29053031920760956707597619644347264008715816701127391670867427730450
41501762146058703335210920068778113241594624595858704542648766066250
59087785538999628883555512866295414506026224677475656065993728181000
83841572635420169286288414629630700529066293048402020350379523930300
118556759619213183763056353700923012749391188088689179618401067343950
167060343872613514085499096643014801046153558606130040103887113182750
234571790399941711775531725439387134947509941952845449168437681424600
328177689456644795413949875092258031610008816343314690074912574522480
457455620710685719367457462364485787667501350405248778933639777407850
635289399977774768285189213796646616670006591333053318120897433309800
878928117254968322497809482037358987333663416060481136560760091852900
1211353512483791142167809656914158626140048559115229490260568862788200
1663034438676538403416808526899766358965417105145011996389145088459760
2274163532837302197184405515031942094810747391036196830533675198511400
3097489764235545007590188194144871534152565082301940884924178380880400
4201881135689329778212720813142508050565800602510985452122889154481000
5676774174626231368915752907063671991468009790651732305670695660677950
7637690428534930259950470049028829665504144068474742513975766996330420
10233024138019025365423639030325698015880081989073176289219388299660400
13652328401954336509184020820230633273128130966131244173582622368939700
18136347849816210891022320910314905226396200824686827794903002065014850
23989061990872947023241706420233027986286173472055424407980450884589150
31592012389486676246304011028800051198523593380479130513578350738397860
41421185448513011688750002808793373219859954745294769791549770566921600
54066707170144930983586937492864514684302625409622144890713801463659550
70255572641903270350795682190115516854930831987124747543539272216577550
90877576656688039290663930186410313715410535955509850553421072555614800
117014528157944243564935115705874321621403616174986019000808191699998960
149972715559212438896255706653002260119839992448972227616504356999936350
191318438350926133719109942705837036566869029997737691297889003829358450
242916229623575270200796125088902881741539398633791336096246504075829200
306969162494110759308501039371108493331256838839983542381996625165324300
386060361238701400458908377212595045426987933313633468819837851543361280
483194528176533149264931664639123853955477647266738210992482351411134350
601837956249584308226231151187572826621757190868084116920815229929612400
745955134860649282166845500319087528387353523964818719679181451169188600
920039687186358459101375405256025171913914069827240201794647587847563400
1129137019696537808198127288482635058945390788388232413361371959239241500
1378855742280572484548410359964354850253117969899046522046186726604720500
1675364657591880466318367078160757894343523875688006318307662127994083000
2025371951656634418059930033562917531530599557268331925553080391129620400
2436083177175543705957953909474357801927100190676912129846615987985489550
2915134739300578581772202110096799438824966593399993196458738655681686320
3470499902110354639221386434885910748829394136152142785526977890531549200
4110364859148361835479151785765025259257048066384347698503764844545519150
4842973172440350351978686325516344230094582217595851646103315593059773650
5676437890183900872832572198745641859814457345108904134287162715972742800
6618521899318568502170998813341593628827739781508332902949991235555214580
7676388535120467462402681475107603354356157628283271560215808372859315650
8856326117787093735451636924006061968172526346663734472173224136446376050
10163451858996615417329117407616240325733075209299050320152105080572896700
11601402404562444295853942363416087424266088579202587289250957880988201100
13172020060783882493849979994421820746029283991119781462015078304214365680
14875045386693721514746452263356300641472965440935475893535855317942348750
16707828208275777212846019356943087702422210203936894822737391144003438900
18665070107682037214797986926456809739376017731674438484194667482855888700
20738611949479171546989007237116540373216378557275288865909365752328578950
22917279929378957591024855278025309143525069970858348046920356799851588800
25186802893084492564338531413994184150166587306341482561239199399886975300
27529812228212566161443708965117418392618626076331043646701826714891651000
29925933472220473158578974862399468667348661483437779703685795862527495050
32351975937655595061019583221718393316735269547287007071453737156328630000
34782223211682111844428954615279346696723808331231100801011656249051569740
37188823463361268159638761327339913638986893007716307946323913120741553900
39542274254511119536734924568920342498609602438900999347333476083850639450
41811992197514517847311201434913569984559400883006355427191665318260321100
43966953559939258924028115300630266440323217376755914652213906477715946000
45976388016744297035800370794427841801183476375831857839053804735401756460
47810504428755777701414465833476132602497737790182834414966515770459527800
49441224995232954388273734096630932779489908779968924200740899397131526250
50842902569337465355019380473070596649757174443739905822761730500760991900
51992995471413941246029469449669574836880771279059387092802679743625525600
52872674860857418091719779098926425137192355273792265030524275809736983080
53467341641509406061803883836044976363144110416594820221488884249335861450
53767032917162101282895018544302968865253696636816644875022605389539506300
53766702054261737920275760916345144451789716106388542543804252443742234500
53466361258337376004840914957266811572708902354544803458916054808516842400
52871080988631266887300336551901893275591367694733497519901903100202244180
51990846245637296308047720747426782268323521681228928314812387377100414700
50840275474023854474373064870694846421275677586904594215639694757289832400
49438213234189495550324416729011478423798863470338637170335720233520649950
47807212633831623252217738976071960193599613822347129663984500829847232750
45972927536914756099077698440099504671161017652234628322394450150803190540
43963437592524931490275390992578725298923679138882018916477589189333162400
41808531022999926961392587788742500370186870464004948179766980187765977650
39538970819929698811077856251879977036281900802284584168495349967518204950
37185769527882711245907610882377364543445677482227567528183395996138469700
34779496224732728543579533722025155134858025412821197758989067720123577640
32349636768230448771098178744924723256110312724672103761246042393696456300
29924025052035013872728080287911420668043923535005553612689667678249473750
27528359115090881606977302174681080432824074131104667685067933442105161700
25185811708332042611703544395039409848105036924556149325415901442884376300
22916740577135653844899092050653967214047718921497976736465558525573914120
20738499489726438498367481325571653730478085147016668357096128775991349600
18665347129317849424622845320989694647747214356297394903353069651432944300
16708447535158848038958057967437453538304206693805196841718304304533602600
14875952947562814107290724518707525935309683943866746733869829320815517650
13173157762445876704170525850016727191376517609205104420225547864038855800
11602710865036776031785917908415923278140797907439559417378381310938568900
10164872881284771167905750334119773401384350408517753590838159909979781300
8857804813255047145373906404347306137491530122614277164414341266518970550
7677875035767177229403211623082585797806409874553492999233860574870293000
6619972628242517451125392237058509686454533369476886098919613636023607220
5677816387445805655670125285780240101405626076647975289908149446078222300
4844250497755373707509059193698449298078560936563385532386405902698653000
4111519612390362946479011432691647745533787689716606941924999323178045450
3471517916912182767463102900177289530567355525793018274344290420281191200
2916008513970711957417202988904498021721551408648077045203162383043451440
2436811110989631971446831306852176481073980183936317922010170992298965700
2025957453893870100894786241147965712109252309792624769346469356888821550
1675815192254529219083019092440423869099992559445900594282838214432135400
1379181864164591753264992959635867679019404249602189822737586048221757300
1129351448310453998266496422255763573176151689202670419253190369546986440
920156454843758159622726910120395931092485630289947991155999766201183200
745988834901785367322193185292927921389381584606665905434230803743489200
601803107447200443774398235318099084776285110098567971082272540788251500
483105062460530745803713914813664027997565915191986171202655611515887300
385929234281624817665713382285765976756707219373601609789926745703127160
306808080627749255644059549380465710255320671277250162301841424178652100
242735482062391227780669986269926839707993897853929572231292330148294200
191126820723878795513855145888741629297111748812246185133925228939955250
149777529155954803452356764026025776876016211901965682105273834530299850
116821638879048440352705425674893212594294153336071878510898671666179200
90691518189850173934176023761648364125434075353198089643318702834885800
70079679627502818155009414182336176648595972672630562815949887371634300
53903265839864127810128799667832718703580010189912392771687647547131950
41271591212308046400014694888636353967168038135968463317748450812417800
31456925932572665552254041738420967648344122733567811657390919613070460
23868557482610341197877163031573352461806011502761756019343050717117400
18030048755895535465165200635842257421044795422742444690558034617494800
13559528059916035114734662649684083338493570865004810968818293485175800
10152789664316299117359513126211182900879626745216276522084681078774900
7568949658979303866599198036790531701628241397171109548535050171079190
5618386205085744591454796447882966245158031959540245612793880486913600
4152691646799120398063948826366041076059238661047213349279084028971000
3056372712557447907899280879199472736374407980836518735993953823649200
2240051006385738929458599823004383191941691717855939649881375079350700
1634936543558291644983535205078962297055480667753201541013182079999460
1188370114945859300946233131296478000015637813120948346750616297683100
860254143990294687241592826336849173236878786765450658731949898365800
620215227152003169851022087568320079530702868465555911423617785021400
445363882084824099269886028028722707508649332257048974201911834332200
318537624534273829889743578060318584660856202551276036098259113749020
226932048427965097336474299652383675682830347172782843145269574500700
161040968324253765979677951361421851494822268535517591649220325290100
113840906504375402557899928404123165572243538142464678516174693236650
80167367764052837164027580086349247135145612130402505362050553608300
56240601639306938236988172536344348362714540622724822588053059285380
39307095828988718006895429240236027322896278982237947989520319958750
27370081112861169746713445476010302722975190331411378190769284278900
18988061972139592418328345071154663111576364845617065781987240120000
13125013443426323277636240022702182435361800512324740576751050199100
9039582751152544091632434104057383140590858378773673226226089109400
6203564259220425018654506777309322899312847742067754935297106449100
4242218370054359715861894368665810185406482290119220519324904264200
2890799323673085893126072081463621465239921601203802776480095334100
1963044734168463025172060103455272036693862577251126941564871402200
1328445346141110545532634769139169450020084644772272415145596561430
895925947915278233955712993282814872832682554091477644268999403600
602183585772813976819507603519905499914855527822580083867569064100
403392009484207872775894743899286139001518385074274250277156847750
269327192112120168391457545391801126203963339319392992188508379400
179225726592751371644942905459232182077771933115470007744623738720
118877639063419010422877533831841039203122598550721517676235054300
78594443876178865527584188631271529483949037863783932378562258300
51794933651300967689760630964664796311288554720422141245093327700
34024998669909834184160720193718965737995652062673939092447404200
22281053248737975434204796320832644215740967289584072172190669860
14544914298239576036515374415572670946711329332781091115558987400
9465319415722841899794990421402917687157036202462812557110948800
6140709670073208748247273132744237351832328006940809413847966700
3971652838271488478687105163807202584827979394130672416635990600
2560963430634161110367456888657436460012666674452524947205160740
1646358943170219307425647199016419634401196836708778342707279450
1055222673942612329200240785023314726157875463812936752833244300
674328065935723345437570268998172518544677944568945897892044700
429649884421672818807818930834626966296359137970045173350261300
272949954278455539911960711381033381794926190039755929373518000
172895801661560544202858688622325454280620546067765515143984200
109201073753279347521713488633811776713677125200889087488023300
68773015199193624743204920925132834293165947588316228669329450
43188218182616497697016735663786971161334963771390265519514300
27044294382926522417189530811534875534336980749592263652224440
16887134608025332600124374497532417361159993135703830629962900
10515083567705857074125353558001414283987217282758813746994850
6529082712785100093671609407464734456421488084410232077506050
4042781154332250085383321177654339087525455119847759169222500
2496333319985648137348864546874100299762459545308138644062520
1537179450253762225822812137038271256519260470497506194770500
943955056340376850875126343090567077375277803604906391299100
578079581682156353735321701174746806456489965947432667666200
353051486133324235209549234189813699131283366426203549422200
215033842756760048367094941372120705286747326055687833190620
130616464853658265170765222125095348657029218633581378359100
79125246160724891817239979393299371456751532309727823004200
47803719376916049005172170160397636929703931649181084096500
28803211819295612124515745616913573843257096716069901357050
17308348833135112394153733971439366359124492027678939467060
10373097328337847375022034952326682743262953796369200443100
6200142703694546157727540508760670440060563447235007555300
3696046195094743366846709090567451386081743600378987813250
2197441632416466782779996390774000216061416358056070385400
1302995948288648565711415679982364307082485054838124849020
770576525684052681125470935030484627409852887397243982600
454502668234611761341171905282975463411245434755672780200
267365729203056221638647322847249670067945162939494753650
156864291623759108740822709586249146589760435463168204200
91789211015487712598627256401234349127396767686754643600
53568345732500887613256598866450204283890856891936878800
31179810734530503578316971663480406400591580417231412350
18100337259404011530516895062822814554594774045409597400
10479651625538384495545865876055209995002714934855169000
6051356863003913163660166334978244889664183700716324340
3485000940822936731728814318700822660258691909982433000
2001683651325507185166309791265284693204085924142623300
1146643204353854439468108631776662664087522971711194800
655087182043534127920640994585580762559282659720061150
373254609090668020241717581537741916940036233964106160
212101422312876848819289868011265306115034009156941500
120201824904824551016031932105063729497006969519705200
67936642592187532319178975075845318226950117719102750
38292947904408447461290216345673863462516816077809650
21525392774143301474884412830212535681235633970340760
12066921573553228439497015168499423008159470525261900
6746061062034166502407712510211948097276594874343500
3761034852975242268341436501388711195270261468758150
2091040215959763234719546115152544203856882510794800
1159336892783227387080705313595355902298621470153820
640978043404337119284353310236860128434100269222200
353391850445114408960479780259978273824706957717300
194286716379084851506533216309508442168391587156000
106511345484713415700281999060342918537052197374400
58224726389684597146163937183354927875086021102850
31737312923913323907186631074112627511905114211400
17249475598361571581588298340268661849440579396800
9347947291554178745915042866561950307647021352000
5051058868248697504181105614430399716835637181700
2721229976741408321086258191904967341454135922220
1461689556881422302354175165349940769868850157800
782784415636979012125960374760218719703320605100
417941957923384559296330556136531166339402672400
222467096734643102498341711156010378972081383050
118053924894702789403708896669233611189513252840
62452278847803469934827642098178609642892879500
32934973108194176569522920581853085710687885050
17313903591434838656116165077965866078861997250
9072946860763132772850935996947460923572528300
4739188532447051780386468541523078081252491260
2467447478943062013715726305790788082138097050
1280459137282460603846844887905038189045553100
662281233227169820422371600907809896960373800
341399280884269618845743084404194561390375700
175392145444667118669726034875503227969769980
89798369711394805199106131592348373120454300
45816333942273498665251141260458888402806100
23294209675211207812707806763410554407452900
11801384076349726860236753884316535438825150
5957391381779377020957062065364396685244010
2996386070704033919337583556309152628280400
1501541618460237210381003451261937626766500
749641691715508055433147303784246974949400
372842030618206459713330591462926320432200
184725987293551197348604593904198413037360
91167389766899757998747510493904417627500
44816193003926323472451118023399777466650
21942642921652070406570084449160190035600
10699786364904953415408162272807343024100
5195964077318022154685130504933271708460
2512659581274543540056836490346821021300
1209896343394298612240745363962545849650
580068159859719458817771360047550762500
276881779660512277602587459223647450700
131571267475113485308388351664119864700
62236412390006464725741752355454303050
29302784365556864792467190277870719300
13731455836963702893262338464351969300
6403663769447206507020080510690553950
2971692434556287521979770251012495960
1372144732615084966925968305386801500
630335956641161848053189022865633700
288053803877275434225791007140951200
130934944602800148390805830334358550
59192488671133000418872924960580380
26610485523806643214439406113123700
11894809793422055778090963746796750
5285926025146401057221940759934800
2334966815425374025329298960613400
1025109180018535958328075561147600
447218029809502026252853960479350
193844821891579153459592792004750
83463458850345531204815355834600
35691319349172115803784141101000
15155296595701216867714338496650
6388630411951050543068095900000
2672958491026065451111362170700
1109712784183195455191382629400
457033636121630574736906310100
186673176405986726698065060540
75592665296033483243346194300
30338844078695591581591262800
12063862523707334023980364850
4750895331050662107087312350
1852191807372667449214697980
714532134692591615887413400
272627097608189787830324700
102823839944517884609254900
38312416809680985837267000
14093659796007152886502240
5114870385823477500437200
1829896157867023042397950
644784708562149149507100
223547654859325112237700
76174773659118734381430
25479785463590478364850
8354312965570402030500
2680769289845021320000
840323833469132657900
256779654670214312390
76304616605068076500
21988829780205073400
6124964268162207100
1642905877211242200
422489171516103360
103629681995796400
24100804163263000
5277959343607550
1079794524724300
204501309891040
35479328490800
5570733156400
780433955600
95912238200
10124284660
893302500
63402800
3420000
126000
2470
0
0
0
0
0
0
0
0
0
0
0
0
0
0
0
0
0
0
0
0
0
0
0
0
0
0
0
0
0
0
0
0
0
0
0
0
0
0
0
0
0
0
0
0
0
0
0
0
0
0
0
0
0
0
0
0
0
0
0
0
0
0
0
0
0
0
0
0
0
0
0
0
0
0
0
0
0
0
0
0
0
0
0
0
0
0
0
0
0
0
0
0
0
0
0
0
0
0
0
0
