16039516668
216187825176
2264603959656
18142953401376
120085242394644
687696275478888
3506646051995796
16225027121758068
68986632247123482
271882864902891420
999240747305845266
3439864011115596888
11128417248444135372
33921271580946010452
97627737877516144188
265770240404766573276
685384287858994398444
1676625534901409312376
3895139720010664456020
8602935614707120107120
18080307666672611972724
36186915494759180470740
69022660935693654173736
125543697295396333646448
217868838494522619828150
360907396171299373148424
570918949880718493411758
862754857122776435738232
1245874776776227917248526
1719742814918266388571684
2269740283623530824124034
2865049462272034148744016
3459827346735768899376258
3998290057987817022326496
4423191929681178852922248
4685976254607274596638448
4756082490545536244519190
4626899747668790134897716
4316735036887181387202330
3864620944985786644339728
3322274077945281539870820
2744485507563057245459556
2180375054886320661652758
1667324469207181118772852
1228358022146395995488364
872696482993168630364916
598506896185892361320238
396634264444748518415172
254263326820212135900222
157838747164748990208576
94983485401134610628040
55469886065331635768544
31471123010804857756836
17365347059013995415840
9329154124027707225468
4884926284204707436524
2495771213746702762062
1245522012663255809760
607830509389220975952
290378018466721874088
135958247258893493958
62453055079887117804
28182378381973415046
12504001108652764164
5463577972534851918
2351890499056806744
999812452626271944
419353441065186696
174287585821418604
71493866460356724
29194966968602400
11744306731703664
4737034272889026
1870814623422456
749718097806708
290388980118060
116438426102322
44075953392264
17839591526322
6556443488856
2709870213744
957990826344
409640438646
137364499620
61974304956
19410886656
9339125850
2660844168
1428480360
363123000
210827826
45253080
33523956
6002748
4416930
580608
798012
79704
72576
3888
18144
648
648
0
324
0
0
0
3
