23192717535647949126060540977975232576
1101024196093749018961260485599652881128
29422249937974541600264785276494241110756
576492073900185245979138719371402917550656
9179142996287515591311166269715642429448862
125306445445882467641869633092571664712204144
1514727826521051639526484209807282417129899240
16562553495277151564758769969046764154067705728
166273141643055344698090924754952557678817131454
1549377654958992089407063881808289184301091381208
13512185787016823351035813960547451869189638409916
111001603483891948366044819247447497939867142597080
863388087461292693722421232543972664013538078281396
6385277022830363670988649630209027106428412373169368
45057095054606864032448425010148195397643155141845168
304250460221555021113963956931173851451780954501164784
1970939963923754469669305223655721238684434836493658360
12275310839218472640934646574142406810852077131461414184
73643388501743364799729581005351611466440866026507240148
426291579028470294746931381760131334160303169639874713600
2384527227599241479565891686268390091786316929219165726212
12906413141902166193229388687053343326801743579961969831584
67677840746042003548709701338141319484210849126938959371544
344197634160714607488175939570968989695054803665156304078936
1699542310339324818664079393057203368909781800492145470414150
8155034823854079229996852942185057154586409484121193741400464
38059715226290455340555015449422440756456274148903135811706204
172901975727235370785433445485715572346959721510277566790300512
765162360413316615823949850829004633693375749198090689250948278
3300875705328159423242259223840722059297071778585423951931201192
13890238911167742927471170663699021233965065272649623782701229132
57050628327311725189762192549146016177585262427582999034511252760
228839115860226743140356082359814491938709981367467476433753333108
896919079321871288176995397211467024919807805463215272169402907296
3436764877216806990671626087187656773255441232074560866744214295900
12880351601480651699222547489513969686415773821932839028545132538864
47237083883353815896698057435242968879933155383389980369603493196426
169590384517174288112987212393592076076555313135594101536821045157408
596289876218719888311338042079793515300754106602032607544398934324076
2054081368360652743135760739894491743695313219954426421154644552786064
6934881657828082049818781614453185672642935561317231853792639260396176
22954652552944144820714012360217445368343911659621250565245677419816584
74516778930527276411457309950542928569651754793218649259067813232339396
237314007615870376200281696294112585913504697610846516696731898447213024
741662252439756347063073977743448326337908518923778173502462935369510934
2275221705646390278454789882655301951341902079454995879741170404745606200
6853167017671783009779108480631396846914184251850148176306436318477130252
20273030178823486536989130601428764189759247419304433550925295580740644168
58912874047433109783993571398635441674789154553674443552196806681022647194
168215264984317784516433913120877822155086702799559130955754664207720166632
472040220599415713002509196226629640688321376311791224017357474676969548864
1302090957224974352835464657404097758722558151605530445934051777802191806912
3531331295086571907150131819679468028516075215435201013809419955543415607688
9417866880648584806493933685633927397751110292187685764194137083246230204520
24703695355654500016858566628669083676183497280961542835872432850996567227908
63744300223616770679508141224050373474210809398028759172458297548805654864344
161831188623640340126364210027004682541499112425368677907579643776436017192936
404289692037511246074800008548639377672375648824967256018055569648647847313128
994026070975431089900732230005291259516442659009377844149876541657146048420204
2405690289975328833709001641322822483644275282676388324325880786129575730961880
5731626622868743338853162146362982408120010591867474745761914760408783980658038
13445255835065579189183516733375458773384702924567750589013904179889177456712808
31057572795407992335943594617973822677559238934895477824120943512460140558811680
70652101956692074363018233805540839293391026570754867867735151508981080040846256
158303819164219831864645260254873506628986477329921576570727482758616644514263724
349392725366694297095863225966929972541115954438483290121597188358174892898646760
759692518146092374807192057529605258289265737634723222684340468452291502185063984
1627446655102722781260152295134755249897285166375701437812649306807571953149022912
3435279816796244252171045198642503066634328193349397617691274727880829954785217878
7145681415692096160931283671067092308945952430084684050058466721738922061507653136
14648372880393201458096340099391392819237357785805439288461164056253127987087464916
29596185017393601371257264025403364347746246395643974759819826461330570778622087600
58941006568172829790192212386505600285562945624533055870593825736514031595951757814
115709286103491643405429808304359559607482269171784618678667369341920020208685071328
223933831599861871559900568478689534268452734394187846017149721957388628130135567852
427270278158657358750312184516808135973467169653278976103425211354886389050753497152
803797228434047191587238450829344640512071337554556164000860611724720679171953385462
1491005822752616445062287932340286339540236894977122470779066172610750270445469979496
2727270449927801921106603179306007381634492906753164767633425260150251282017393069200
4919478151371527481102040878874502628404357138729025168985355768016715165195992316128
8751383675830884676794379657991198152257750271537859712473784865486711421971401073026
15354129261036900318885854333322830453020902945129697162456376067227273204109452020272
26569748084895434704604926292570595474303806443928695328837954024921544347927720422116
45350865764864043440829653119188174470628953431680298313906033441644299439367683535640
76355606774665331917646216395956330368102197527193353934409285403698744073794496344862
126815990861748309546852326749204199571187280255527295003902615502359163025231574190952
207780434215617403880504550447525194220366898695999216143011482035615034335749317494964
335855104311991412787017114196914128906411707957347290068455398872570763471640322213336
535592427879051102275601911594109818595103961629022576089398572860852420817589284904762
842694165628835960165338825950172897784985550614532022793253583240349845948355430581936
1308205582230971073514586851239226901715884841202146796768163075475063445948174364448876
2003869014671310840023231193694127599022300716488543008155685422365060137092019397749184
3028770692714330463165516147817213808452035608565307519047889694263619566928453638173600
4517344231586323561780679592985990974884521884367190828919269133475312839452346720968880
6648678371951735598776616598596255725118500175701328898594395392257182107170393498398732
9656907994060919496333964778599105903827375098265476650942614132835984428206010664583280
13842243371683587386188899891241773843801430491543027181238928615675145462507183764113394
19581917424475923024523544743874332245686677633160179437682963579805174166505836617632152
27340018597868428600925970371675233235193681133199929652947284059586545558758313621522520
37674854149278609939863325425954644693726689480283693787388102637500269798148129071938464
51242194128156627217431841011555542610766059358287522222578419631934443268686923053580266
68792531131488791583316012282483325702337161878603870294482211899189328367806398691401144
91160414205757944200801745867589732493836526840731773426612591126755785708496839135877316
119244038127809351149247832354083797705070648516770574688863913776803535377605687491198400
153973645546273842727940887403401035545011021597314362722855504319044849884713017504616742
196267964563586815173879008432908898658983139378704219890460851507691441540842076865407520
246978863741507562770493426137597503073693068031252578652972586761106061218153206117286360
306825625445876996753999320170628133701072026492288612350839386022546224109800598348446168
376321635439537913038861743748946948711091606413986739355774718588563127444855535373532962
455697733097628649185375724125582869730666937691884727546933652424536492130486934998032552
544827794209926318662001883018388288931102505993263145488012604168754831571712885082051832
643163134776422834440577703672374982261427103178118872494911529700814483642889888382453072
749682836817790928472685556917810868514738038460336324264984899633060393169066424518864612
862866941711889716447981231040213275399828627460450451272890915235711933387549570796819104
980698527075236546423057454422731025758669124681296060218859191898772684702759399969775876
1100698958662832767480033731329805297788713863856182526799958711351158576006175873646105824
1219998170234967471730546079719684791510932270242952748218681377212531535345145531775520248
1335438858958356879416539232156967829533383656403164078327373609263416100062503246217532848
1443710272592076035725696838186126011338406481052778458142263359910021282850951109564895444
1541504153656710369475959543301323202854129212702101664030267035854941047527378279474778104
1625682764523246288772095810176846852523556180022716702631816957433695636194405748783584008
1693447088923528845324707617307576657825434283226259003330585552149273450252133178370106560
1742492556192847824330687995650547827229563768511387376130374292216521013168028555635800360
1771140112184953017773808416927519811170979982318937711463943256490234579641545809831105144
1778432167110107848126401054032819135968591257760075967712768313197876908038897095620604456
1764185735301896519354457277718875003130057768825672198380909187914107315733953735367886520
1728998658739886898486099228038204775289996183502044322376861973690245101951866821936954360
1674208788836297489045142477074344324899922036814474375252048295341865349474844830453693440
1601809954687787829318047106013614129390206249853954953526471667186938782761539657812664300
1514332045222925099914243511267002135465949531404107703072291314748880887665442720712422704
1414695217039466906005624580915828520960442868887332256491159737639249810809561437334066800
1306049858709579257131074918935669119619067553079911564652510628266574726184722634616420304
1191614382746823285105595770933797575595254300365973087595357447450800885062267559727139750
1074522209124268340098285115512102680991461035496584023757701275105877600507322788929675504
957687610307597826598772248241793443296594719185966886691194473948522673968686988263202604
843697667824753073967719427343825169079550366739382195633434861482109569032916628955332112
734734762824841817900477121083586495966096006417494893641213154002182356381981038061571448
632531118569154276473629729812651856553097978892407678333641475744867064317469832260556760
538354232133230770063379430006208353701025421059468285745166313484682949912191632068232968
453019813532506086837525006979339908331509342991394589111492017872836838185162514668296592
376927247288768733885463160361523755160787514019776530354241378857590947581604628011303840
310111668367227119845134541982725954471880039414202783660464351412195702680610882346901472
252306481843855842126139720321963409073143696132965054854443415070374527263241508618049332
203010466282854136805210797733900532412723702519932808804623088635220492141222413402572664
161554351615442128174183778576514816601697420351056435033335969474650311911524794317274902
127162798558564773835137116685821825808448023264905014881947167081188175169711124874667400
99008873910735772502521892728466705279249812513994238033301908279139183593319651894055316
76259278064388946972891221585465888125757378525112771145324592937328098413152946084309864
58109631197370448460807722505241256598959335720970609867358948468769943233448443603654120
43809991524198691405747806304205172780873650768872768270942056963404856053014365291269256
32681426546950576842098623280394254081676729328704429938799202001911696958260254455114400
24124881117786992523033082033633636000997808336709886186312022710364897778953530194045080
17623802795634005535479518338751679478836475253020267939660170332688666228702444549976846
12742029651960609836716739993877656165451229685344169616475380313582463015949225291661584
9118360423375542312025383105274748061589927893240198938497466042400695152905610127086272
6459054986483929277329484054803610575425317424063623648499381726730603888777768329166488
4529294042348416305640854609578048527370027503292565780866150398393091602643089520536782
3144393267002864531951327216858698342888332089963618098425300534254535881420419700515680
2161343348944433792024876723724734317194762092329036189077556058501329260369042470841444
1471049308693654391338117804427615935132686227736071239393848690181050759914757465499032
991478886450547992149557004388875323834500998758393821487799398639582469939618955608634
661803252496699942387933101567471564824819873023673275711970168922014661543829875936288
437522209922382311194984530462120809749502999634697159291717106829723122040424181032380
286506081490087318112057928607465541078839601574932859167824806138028757503140277797648
185851904826517241942909562758978187759616555030282734961959063667691493917443937957724
119436382168624502179040959207289404983717033420881372740622111006212977092356049530728
76046606856963670071086738935421095494216436920147627364309980595478944263332454222696
47977082497929340620743407301023216642676455640287006509826466547066440196108889382256
29994104975195301168884584410409469228613359478607081371238710133665900874320915602550
18583323929687273720623695512246731116081143335154374902871016494538840761155074725680
11411262142878616686034889575897105002415974666920710725761503268926281460450619542860
6945510313970079259436042629407191921953320639656324503159277796422109721849131076008
4190561674721025168462380277353530612853603081040253069032577542003231397405569172368
2506543848568782429457798095004013749498000077842099115531001426121555329421223316776
1486451493131228755042311787301367230471250921898379898659699517209562794291621284332
874049194989837702545619054308824674107387381597638451496939792613801146498767433072
509645269259967285976391027229631413331586211793760441422111540064715871660385124714
294702841012777752910094493039939131090222849512770493837080924407507699232976811256
169013734533549337209867223813658024006606970885105362612855747923536318581632772676
96143091125450508432422813402390983235514564351648340188890444790030884461261153992
54251222723522482440375854171584540821531445928948540305194220874844425947308619278
30369189176677291051736639238245216367839033230668701456654097040480704762935231088
16866532596093057137328541324353654213527070951599686874001335401167125805972582768
9294455919406301379926353223110755638955287676435591173575650784683734623527272736
5082345059125041166950354402312077468117195701170193171143363438635849282863252368
2757926291754770298527270624968676448800947501826686318738177530926867445927697872
1485305055440222370787179476769291552752773546785528531687353485981331896187863596
793960988453140883693483231133775681142108046903513096750614795235813917907098232
421278217634318919730779587953930037591126878683721892222058290158996307187417864
221901808933363340707995750966689986162022851275657505959973595882724277427150040
116040651973330515758881262103043709650696169156662847334409041172800764637142488
60249334437514877091019729922826034998633900746702040427666305998249964588184944
31061486062002519220756216613238417834418060550474903738025108978275064574853148
15902119052337071613896759050393243203005043320644444210612109393230470593919912
8085097857975193752756487747191081451506506762377407334254506631352851635911824
4082701080522627410219638369914651221398373808930781584064858379980817727011304
2047746625091651692699367365678491635214335303482100018101303958781507363673986
1020246912715562306650824053348719526272253903436310489751189247723614257275360
504973619093694080383142826960165131101075790568360171867055507952754399667380
248313372138446369343221243799743941507564625583341308667251214902925968474248
121320172136909642631231211974318444641208540526784793081085155851265272558706
58898018801191004161639820042578252455496295122557038308473980935796725737528
28414248159902107311160201557715055213192973903632855748500170646744170076292
13622986085408581499097280914574112898719973255170722498125222294935977782624
6491450611219262755658675614369772569870976112198726150641442098229702686796
3074517256941134466291477355768090460390826474546813329263987090755915811488
1447471684098888111471440182739167163687853364794338583502998944134516366632
677443706008957118957603700339061834236775707450369084193436965905224508624
315208685065338612262260830967346049076810542589067530899537882777638009704
145819836714932827245882645027832890437719853433561439915408865852928606264
67074889185309740521490538400176134055069289054450866663508970375744382240
30680294026909910980687719823624237568171212327698680112249947316515715000
13955531026171788434767633900403004838527178481483671793719228087226322162
6313227534352009704508040025157625243674487183489136494410254389822556888
2840570116009913749635024784829531951655738927452033643575990411254861764
1271274104626434585189945002713527890685255010883039790958598264919874080
565956404456175412374271678906181197858479751580845750435522649229929730
250649701634317188350954435779614631928657760062649065354385624190577928
110438897384785564871490755761593627619342047671060387145671548675835244
48414750768689881446573548597198765634185517691683528978593449655390952
21118551197381829744887578427933582022621221737054520246720265181636140
9166662697028194433677533261795611091393794504530634692500013678013136
3959578408313236397375727270607721345513363553050223514967168085364920
1702185977470102307635762349970276739860466685376950791270822267858248
728308184218909307995947395915239968189935573191618216816539175701210
310172450425529485569820671848467619642890283516122263575417848842576
131492450053943436864109663384642844059237580616072309743310669846744
55492935708299326791953195893841000729838316567916922646368336833496
23315439817653893078899586165851307525427129657634021171835120126100
9753226988976414306863254320178048878826652313904054875936858471912
4062390726251322284316946785259058464062044251636583603804914555788
1684897929922782248729748819077787135694095793243869398612751575328
695911535040615964590597144518943245917742514784034016108118422924
286255011579527826431300790594593216638855427385933555083312284776
117273799281667979894541860605983302683092253310353369363593756564
47855081640720795505874212220948605460778753767951266283616148896
19452023134095729120900548719822845498064239333562369299305073006
7876654115702972583231898934948285523043707742539998584489327176
3177531372626124783973622915678166614144783222057046851512997784
1277144256992936517955299196503598760201245892500587306334201920
511473608427800055672309025704453709023652708740545347660763652
204113144837452240754647869754295478270564359130564640561536696
81173572564106723703987666828184129581208719037866509191376976
32172582362866773397129744636224345880340697762570758493539280
12709151044137488058506512062045283034886474287148279898931328
5004243557982239737550819732014392558687441815121884370292800
1964190687707177384666352119963418576944784164755420139368764
768571525317438234849892786923515593749169065333284445849144
299828247612587647525897879161217775917332600550543413498678
116622035319553601318665951935296236090833773999802662251680
45231467551170744507372741393017901727100105869282253764536
17493827527253441554808299659492459926139005070606200286984
6747534029344487314761805155483314402228390930375672956482
2595692272940606975897686806252860766458894925602089298256
995957366874673866877252325481340519888122052486070024760
381187753705606795925113506131589690815729822093173592808
145538738557984498581597661636130957468547359206781123772
55435772189343679420283615465131188312443732162090383008
21067025533293035917501493828620179152980156875793497420
7988166793494133684427050553059411257508557695590479456
3022388186133508965672710953143946180031172578708335242
1141143347280461797829176666402588123003051637065067736
429975527455457660291177060603933031849392041460746896
161691284880712333258889442639383518338228262029766296
60686702770292414506045499334108137731276131688191030
22734642329589034233673818932783989149722733984199128
8501445601764543086154467827260130855547414831880696
3173428227005175385678842364702503658994069053369296
1182539655789120732240181376462226091837474624682322
439918714467505195849968264049848784821992547253152
163386455641776544626786489685617812085478123879020
60584618215602788044163418511669346199455551793904
22429822629620516930387186328084154951899837064224
8291239959025410347589922635759388339293178592160
3060236372248175140294293249531446352308704292148
1127827307802933023535544943996117690978820179592
415041337061790909052405726873283893967228893170
152513710757535129642994352026703258313073609848
55963082315233280507407637092785075188574573660
20505708462886588779848343098649578627204659968
7502955975094111934502451433245096888536480900
2741431742185707546663560144681451711749833296
1000257467963637450133059935009931071123072328
364448706005101564230595426027281226507487208
132602360167711972182119313455015874474245202
48178739563368042076564773747167488384642296
17480233716234117414565348897211057415708744
6333213926433110340541334575206220112189664
2291305373820700880045176224768693042861096
827789188640232270279410674418845625182776
298627570458633018397096778605123678431768
107574217389353462750174149834674202663920
38694461200393770428600271250115703996210
13897775196461904824552423757808055843304
4984144543009508717754396945890732975556
1784749322588292093500683629660134340048
638112017068764954974669969297976008970
227793289916496201777784561262595376488
81189511071964295346206792441619407028
28891088127751187887600461516494500680
10264134458086874928386846441159696964
3640523915456524581315723395922195792
1289070842083484700250371451782779604
455667694471780073177509496690281896
160792255131737327864362084736409786
56638670169693003106884440285069424
19914869419498100868439266525282336
6989436196406809797698230983146568
2448449127310388295212417923641288
856063429403149300246792650699408
298723404832905816193511644774740
104030382181649696985361684307328
36154296136143058490389486007352
12538471570869421027601385339312
4339046167138124317018187661780
1498240256964836543859074026896
516161291789714952065468343336
177408302827081055376122262360
60831231776974534159602533772
20806785410683495843744201800
7098880230733835947471991712
2415650339996900309010974160
819829719197251782590236212
277459078780892982763116144
93637825541349711980659722
31506820744731322355551440
10569884528439762465065400
3534603243820944910258704
1178258477353984439559918
391413354156281332899360
129602435977283259586128
42750456333090887092968
14051919700944895122072
4599998554527776400240
1500674904123277518936
487229018039637691752
157576142803631673636
50718615122928334896
16271920507206420324
5184129252972002592
1645178887874122416
519431403061110960
163595598969414120
50873539998679128
15791622623616312
4884818109469728
1507314182847012
452405176698096
137152945420356
41693814468072
12534359308092
3541181895576
1059141315492
320033471904
91670799840
23156066304
7204085316
2189833992
557916552
114854256
43906722
12926664
2493504
357600
246312
58392
5976
432
1152
144
0
0
3
