478634964434602031705712
14480285163354528835136820
260756355100465885416528150
3549905704440027259030444080
40057899340097837360346726840
392669405914639172280238011168
3438212988941849067746167242690
27382967588821252478529915994260
200880690124919961659344161064440
1369909481324939622969390273140760
8745061863252488370872948119181832
52543258941193735756979107830747840
298441266025866313231333929851771580
1608270616218861496802617230607652400
8247836883708912350493664910767801950
40358478303109306372462745555563185396
188855170834068845990791721950209636240
846818581682584799732245037135297970240
3644950378251817265289059807922331196790
15084313618105917185037132039311493806160
60106036589545318136697037970597005924440
230907298945769732331375678643642508401320
856254223449745100956574754486598817136300
3068229451245819454663143657342574033482000
10634781160916682941533259893938480976660500
35688279618068971580093319665435163343470564
116050853776772948189615416197573352995388740
365963424848717849932075279503824790403977180
1119976166984074580122823180250934589622560130
3328535793224365737123108694123446003135255480
9612605022732483856648961724214249866217512654
26991230994154040275725740115376273742191359720
73727613039128636449134672877510870104267783570
196010342943969102494679919978007914869144707160
507421855676414570236470718116421266786641646000
1279636196400432346823541450263718804923230795476
3144877063178692568332541624395829267208669648990
7534962723836854009754734785467276683440090650580
17606296642533333131178428670845445534508182862680
40133139766413195196963097085145566746172752298660
89272055149643463114462696896469072669619939508946
193831908792922523214205748790720360995558622481500
410907524825192308040484911620688173034572063577640
850699165321948239106078629257922069173078754489840
1720354116043422319482192183279285717249234944569860
3399067801797336216143617945406519089784564814032448
6562751943574054098103885820733124932177786852746400
12384392361163064312877165495419116883980221365188320
22845416834706947222699264557994496619592224219337070
41202865712442235150694782577565992203311634444525500
72664710926288543529829448959833054603037862792788248
125327748145086255898022225610503086086632196878679300
211424121741536101992423410747846557335665098295203560
348897716719503470028608042087838166913208421506637020
563284303331290344801775739023651423264007523148962510
889795098493302422491223396592619608666195077846670768
1375402129471393876814967021421774351534137700691895540
2080602221053804839447987541613800222231388863910487240
3080410702744359869209549215757355500024900485030685020
4464032494213026893780204793932860697159753588579938620
6332612228567522160954559463918924073587491118884114914
8794515281627528283462937697766312208657348584136636260
11957771644106660682359708352849205383483195098867944170
15919641681714148039022669165840340708238049814464133180
20753726065529289045932590145144594984627578809400394550
26495594146479703431823315322827102882761722082522092040
33128460669858429591423961130931112265217629733430030740
40570885904094066838317264275911350670593162540131131440
48668685618330970074041919515644502774032556556681121110
57193110266038277748330608309348524711707712963126661400
65846831976097834461837899928707631477238424862792729216
74278382651758127053933643758739795753417474320761259440
82104521058793989666371474676398004360299251673194079340
88938751842316964545009790683280864336109911721369663060
94423101475585126953454684928325079513990969533793741620
98259501392822519896884849747374423344005219239549564076
100236910997568978610476624661460407664187071275687489890
100250710704361296427544637561539308459180448078372853840
98311865542038679292914849123907959768653783119643771450
94544744990430968816252486651122551477893947493011974900
89174042294616988444593862045860813757469971165055266872
82502691962869901383930358037050579094625670482981372320
74883789779761721854311414538900647544832544693066590370
66690105596076238363389263269075252219230366221115628620
58284784191355090634659584203211260468045844635699230500
49996305341314754580384588191851335076852048148002306956
42099864265273157479759071995202371514124518983299572960
34806233941460841287405007782188708800659746841135974080
28258084480460221098620985200989785061296661952417328630
22532831357135517281910882552475409742380813584913781000
17650472615494079887419137459362208763388610729956678302
13584593538614566959981778022310071152135812237167309280
10274740281742301605058576553437955762046800438665948250
7638620605758167869554081739874246820993909763444906440
5582986896324210943948262128377225784250632914373622100
4012500869303844231203331228455563685155482781519384152
2836294122941949275384378137250263196718960871296600720
1972273015448066143289185419119507234118294887624914140
1349446490186135663203360878252359920082527448338595100
908680976685103884617617477279983245996118790672986780
602323078267774333363609404436138826498315769910517022
393102496801443660718657391535880573864078433120934540
252660234110837410901253809964849224569314811159568370
159963110851896972597978334051226523086985953329690200
99781970981768044331928304803248555999168027954805090
61338237023289557642498037132294731108335867996606752
37166810417823484502288259413008976555521287314029440
22203524926993791587225608481601380827698374372256180
13080638599261194829604746800624851854447780633992780
7601055888159859435009669477805870905597237329440040
4357668206472875350430721153861792010211714578200918
2465281884825541826915841518162984919047543619615420
1376599774431017387713511261641676142725887430501160
758880634526520076783651455178895966780990776884000
413103921049862597544712173831180732663927178018860
222105851859956432426873986225603964986203710976372
117969462543098022017126600644116185313400016060430
61912944901026579746110887805688130510795821055120
32113538278929584882435956260833699033165474080410
16465748034693729042808370853623924198097324065340
8347421224798640974478320982201812246982702982456
4184955618393734540392298189131092093740050714020
2075325881120333697534388620814775145088370624130
1018185872548901499463951447760331297012892426980
494311487885886346683580452023078459424520289040
237516579375160931860349194833371243607090797196
112977679167576542283304571812703970304446821940
53208617796123958868601388302242830758867214500
24816828673314914152198457504467762605884392770
11464872441052756932948095039897769069372708120
5247274960095512921746227982175373588484543560
2379701516548415230080208101610539291091122840
1069589475877834969423470336700526111373270990
476539797417804410583677254902423395594224980
210498857439699177953952338470268405414833890
92203974558773563707435335493587626392548652
40057101332355269164946516464705917826558800
17263146044327614450110463316270455416200880
7381617211246331747437851701001146216693640
3132239650441074830163418223474235004125240
1319202029033862697432720701758369657420280
551571507830735590856020936908430243741680
228985658225347822209801080898177559075410
94408907294035759141246906828184595844500
38663286987030335310895136255059167564600
15730742691043032394456925575445094768144
6359874730915202207366347927348468887990
2555534218161318714107892375168861299040
1020784911071623049052292471600761903870
405408075918705047423633201778503795580
160119005270453855061009844674853618482
62903207257868918544829807680552386820
24584952111004706624481203887022431980
9561362603290098252188217066076485360
3700929830933324701833496029574218840
1426029867339564529117339865563473540
547089075939489329408227550717594370
209017424268186535760321324362708320
79539581972224918896226133663174040
30153607466513359276437156501868980
11390063838965134253594819491895322
4287618485839632883762835594537700
1608708477011068444265182913194410
601690892180067681440510140131660
224369144589977383539707927047770
83425708108790663377959278073912
30933689787174026124133244566830
11439336933855680889110027987280
4219333004047973312115959796750
1552355689384070028775448700780
569728903084165302392604499698
208590368289662736164086276380
76187481564522334324812670440
27761658660280294581128360340
10092169880575707530554974690
3660167862204905082919272624
1324316524888435235477398620
478023339793872348204504780
172132839225960616409341980
61833111434938836735932820
22156821343902505626974904
7919576983322865467124960
2823500775041323150840800
1004009513265134369698320
356068659246291388266510
125933229718773475162296
44416068503483657683170
15620199391705557348960
5477310223291318342500
1914782740744939524360
667325094928323929052
231811019427330764160
80265703737112227570
27694468969349306940
9522729947655086880
3261820084956554556
1113338483003649630
378374450917427880
128090815890858180
43161414659901600
14491883354233914
4836584495155320
1607008336943700
531156418104120
175054631488560
57053992631244
18521651716410
5994919524720
1935092019540
607513002600
191940111402
61208888700
19199955240
5596009200
1745830800
561791424
164240880
40754520
13932720
4603740
1084386
193200
103980
30900
4020
360
720
120
0
0
3
