7602052788795074501382
258944669738634585859920
5122831916543824608317160
76226147406248098368657600
938091949540691601179821620
10015743959192171791975750872
95422671958776477360195201420
826230500289113513208195734700
6584922357591126848058194567310
48754856147045007546834134839440
337706176222639506210659261603892
2200287358117405019771217898354980
13543512884409312614864564917708770
79039620240433358517756588269782500
438649208572131702107515408836191730
2320897761048855966261802173706364460
11733350624808690720266288926950962340
56788772559869024880581755603289660520
263592512514427318222439707447989421020
1175208951605514428261762289886810666620
5039967445157132610272142100328438710182
20817921442896401263905197735809645177440
82921018450711635928536516982575815056950
318852559386778988257865315052408231364740
1184834571280740938287674101918924356736430
4258731372833659061948088546446461295408760
14819730919436384136701098997672679198024990
49968222897634203306380556961241559745197540
163370000346874331663465130220339394588882730
518303445954086679320374332474948110580125700
1596675996998765936420857386066481503173707860
4779015802423980569729626149674325172203954600
13905899732216459964326927152560972743072946000
39357897066753117797874997865294373888867304560
108406283536359597446361681087035159777211237570
290716656841850714963815420971007461734546287188
759395263516700045299889868863367216106056119190
1932971375253482277253480382162783707464297327840
4796317284999850398948375548790892341342887375100
11605659384437761093451383747563229301572162289520
27394004794956510646007300181041454875238242777280
63095727405329528113821285116245197984131889628920
141849966507579982836122296734148971240780446749980
311358954730282273856812267638010778327164728397740
667431495433994339555029986290116891777375763074170
1397553876565136460156163372951274069346679247166672
2859194516302105450563895191866237709918540628882920
5716402435785774411109541051155075844022129074817780
11170969679740193935872668072194875468733950364126860
21341638364037063878341578702182617704139045102259160
39866532076526530965288878482372132558636843875726792
72828869223077083708631676880569145627364528612438820
130130652636856714874013255893834213027335508688138240
227457047739406930075428177003109452571249849514277660
388975617045771555939731289650367043321731673187485320
650886011177627975802071308441820572380948699897648468
1065861370607151392135469552524367931297301944061925840
1708287398329088381378872952297577317740479860532686460
2679999011741213829209283332632905947179920919779389040
4115939609109146812046735309763083183769368424123998700
6188844921626136235430113373239705033336446037123099488
9111727063887066601218100135899925173423309172174134480
13136675487459553588984727483399530360005697838676431730
18548391495461167517673248188229388227243790081374564280
25651029980857614981607862082944825445764102886174398100
34747418465716292636109436861714261652426868983951756868
46110597427151100806419805738572712455512189776234467860
59948842955844960884985183130459073362192566501186343980
76366766979319224446916621716539518559235137381914531540
95326522649016518029044662826069875177540514246919557300
116614284670568907067253664300063588078367474719116628582
139817717995694439807823760190807133601168595463470803940
164319833939508033236875816579193524881892705294681386390
189313323956730162408715289517062822161928843551853520420
213837204242237962326831242637226659180478340178400491390
236834653706852092100914962124799608712443009741350603444
257227724911210095313910886829842628205629377269555024520
274001708082041588073881590709622193927175244393714768420
286289893073883606968099529724847761701024651830552550540
293448745016245129501499559402954237871286392029878636700
295114303116836306528284436162470507367493549697271053716
291232859524071059482290458044286697748872193638929421540
282062324473053639429199162680531884036985217050179651190
268144569174352649840061647447195981020775619764518443900
250252796679475763104974009332837632449016974847250551470
229321002395627334069593081497204312808173838312911052496
206364394825140303203906141702257286085739897882296144630
182400045364044023178830636948755615434611482879908923760
158376084776915246930188858550541512808688432738806413310
135115756360607090219658672473683666167261127555717329360
113280014476475170562914361267575367589399787975215250014
93349610918767487386939041274988728743135573985430656080
75625177116197101357356032077272859507207610819200146030
60241999382585721055279636842018185409072889257203988960
47195149626849440992305595665892616711817595146452059170
36370370886405496827276658451839703376929498426340840780
27576498130315090418146746914967295392720486101301142020
20576018644454051461380913916384466130562702377113362040
15111420145107498469750275348778553767844870212400905170
10926037769542958923725031862581144439175151827447045780
7779042659196125309261718595667282946737165110826250522
5454925937150187716002056634292603025842624031685492200
3768292022422573257826736845338538988416827014287597860
2565000002689958378339336653352067032562840163035193080
1720726058513819507517162798837543607035092785404544440
1137921315009753892189821087175004878883824036965852156
741965132059282983020381180581336922958635370389240520
477111746078100412484001455887484366192135082181120440
302633146525570184045210924627629525597499298019957710
189394264393055764544528391599961943934991443201035620
116967424547316844311510946048017691010919139500071028
71302410674006925637217627986841739855999269403772500
42911884134045145579379577616414313316859693565511390
25502183660691207470591622540601024654915926663682440
14969085297034827687003490584918909535297842748861440
8680050713659723802463758663228088514596322173354936
4973345328875324995513200733236570428327732118376500
2816201828025780228878592309689368176077680740948480
1576363459564152681988111483174507912971384683256300
872396891659682821127935629248080263655142271164280
477445569884590350006621111344103591928962903240678
258447031082043075654272112953856899888726890685760
138401919201415297683110997237123436730589540336420
73336395784151567356924090648981292504923547971380
38458019913474339593461353076392667203836212314690
19963019267030638154222427307632262252260184072128
10259318995159738012434875531006439173890691279190
5220882404504603155554065655134969388987763390200
2631367133983812584792735876072169098487666050070
1313739483736857936224724596017979391330180784560
649837074039438449950380334823301416257784303160
318524872425097212675653792799426224159144741460
154739478815654044628424611203789919646319210050
74516456785854916195176088942975961924639487060
35577058731934277695449246025637855569812444030
16843304404665885042615686960823562838422692192
7908530134714364923699605038681850612879568890
3683379608728442485004762357898138849851980080
1701961222467464368017587753214087686728732350
780323765839215450184691587386531108806655900
355051065943691013103433418695897672967580872
160348825656782564551576049943268328288282880
71889797889418426880738794227926725396271880
32000901358469260927477411605004714358334300
14145458555747523324902602753749587841451140
6210085857225832295997330405191759579087088
2708128885958790953875843293809074389908430
1173267779942457944826865783737919106225580
505063000483685376151484452915136711088510
216062130042730604472674746950558002453460
91867127514475294037660235726011610417504
38828741538135023775520241939163620669400
16316278559166510614348372912098367923680
6817514331711145434764761045583933710320
2832893782823568324730419179121752238360
1170834498589155346864562917132622975652
481374370902829444770312299111794423740
196903481922918807716486889214705166520
80143259147865073659175215883913569980
32462603318839638799600991807772704760
13087639342026399818209203174034412442
5252414801409194751112181229355496880
2098619415661160397681501038786417940
834913660850837558544339338179092060
330778951309178607221553679435795380
130519832507259985793180338205039196
51299155502406829070360607559484400
20085843886462204582243222157841180
7835485252145731023138807801764400
3045687616007679049660585040689860
1179763385986646093038480584212328
455447437173798865259232878515920
175250085980822805926856487954110
67219282574861353416166208359380
25703030511905327646344589045720
9798580968406106113685918832828
3724485294474990612537664248090
1411629176393706706121562883260
533531032838148398611907800440
201095531397335260505809092240
75593019113073585110129868264
28340392528106416006165182780
10597674646617395690612501250
3952659260167324637295001620
1470572249746755085114752330
545724151135992632377427424
202028092589255693117138310
74600230092764356668597180
27482316322333878844740870
10098032027502196770168240
3702052500937286733637404
1353546449166773277318000
493828258669694418478080
179648124974543307419400
65225220399470058863910
23605873753815863993220
8528727611652052427160
3070136231276532820560
1103753112591289153260
395074481719196322540
141320989117602568368
50278132707723840120
17894175410220023220
6323564417433770880
2238960911416695030
785494666395418920
276726449548267920
96223507505522760
33726102274346340
11624181684429420
4055239284030558
1378283230350540
479010302569470
161302749152640
55770067072680
18274283311500
6345558516330
2072842775280
708901015920
217663675800
77638475742
24348567000
8091205290
2205145680
878406570
257214912
77915070
17214780
9349530
2340720
553332
86160
92160
16140
2100
180
720
60
0
0
3
