127182487482734356886494839681384390
6562926410525515227934907247431620800
188336591280867344009411975293323165168
3946207431180809793549886123564990305360
67084536407216563389891633031316933650116
977166911730376149769569668630376099436344
12601201838976934485735845097635150259705372
146977739032064260151149456157444294778539952
1573884700903914204660629098769193809744848242
15642713991924735404981916938920832530344007488
145496693750864332949043178230666028874237312088
1274637148220167610787012668270174238197949424920
10571510679511977071138219763090264319129022447514
83351570176993661699729738872454685519339401420976
626922679770249731436102866654141485400128753970448
4511240259432298372940362461151160061586828761989376
31133798810855097545832399529366800676167943199330490
206513338011489854743877013028242885638673964931654688
1319022713694219055661024256067689835949231078007522504
8125649136513988712567811922562498550713887385576084664
48350536875401247623936679957396528886428194525171857074
278261801107555644722597713255590922511821731781644713424
1550718123259427475618886595753413206445648924763397641544
8377446338129273499336152168374585643248113435966626774016
43916097196264107181934022479481935414004982931572464950628
223598767963192432506787492767279066631626801625137024681960
1106674138462721679903469683396934931799538247283133631973540
5328686815159190008488715641438845443641053155361168352284760
24980047750796672540868733388475300097293975551738436529345200
114088286500418855192869032488935885118917822218290388679522032
507980685311695174608181564457583060866201765628594785866708020
2206370967742469117479343646992700557308391752599996118018931448
9353767444157852047497027033632834750591000546041283387291943498
38726541926044304303094219842578981775199350548232890593999828672
156664068506097048979958227450887314773228185437867608916242666920
619556598176033391635196762756480022952569398508616110235110566576
2396319123465475517810938877345145724192601181325580018147774487222
9068827633444221097564597391724869911039813085773097301263108865624
33595527701651126856536988174315104291500846655636123168558378684976
121872995593699703975769820482558159658080143763964912681332719296416
433104324020162210526785463553982891538137376400799857881854142526656
1508314284404799304115785617308937470505946963172878344286841289267264
5149359029363660019936632782984447857199662265060036054395610126978932
17239199664812643886626501428915955168641856150867763499437151666765904
56613173668696094926611465086469554594739209410277604570069178949232540
182423977681899861718599957511541467443594574555723806879847936026863088
576941681241488333511162243816819078022981412229289336467488492048403276
1791362118245730824844422468253727077960582985979240931369821853780146136
5461939440823043432811457388621374395817645330228978491331587776162844006
16357912552728339917664402701637125270801122795243890874137968779523505288
48131242626335612972194720402357593518431005261456127746148941063373587696
139168386168787284843623790397787530960485158542365303683011322542200362496
395512535469100249757540095416391589345773941743273121502351376762723789142
1105029276729875868491953187312606779524199879168844673128933734933587582600
3035743151044546812676359929669619146928425926014119590239307652837919298668
8201893303403580047177389726269810069075638250973710282589770634638853297512
21797048603049412699816903853866144742412730488169686502422166129191118167504
56988739495061383438162098874347122953878775787602995534891851805344679852504
146608216562011698282534453788591578821101645599181477840118725156547818037384
371169744976811602775714369877135739974697889037609461549094297183730791214944
924902692328971640811367059679327696534254242869654954931174511816588671687916
2268768659521540120522542986220981208555277321616133459519143723370634796436632
5479159545411759950299554771330253457278603868338627431129539526368418544128804
13029376028460952105761677317601397468106511408486732209517988683750217879123504
30512179631389360670734484205469243363959404766388205670616705749797946877658616
70374371853631865535266687161519426045600887134626502187489817275604558031487744
159881089225875400601800672176302316032368833110589528935462993106972447416833296
357823169378037926358963665219037975191766052136835557574866145773479472128418760
788994856966752255180937740635815071487169278592014829835654899794371148587746286
1714185942431425891581632026018466493782073163477247407361972226850698794616673176
3669962533634234823590259354070490498191094054832586903076854081924418197558107012
7743289089420636724501818943589975268268023233914022434182824530222470209081142432
16102304318327134836270066395806073935622963983258131889108705200259123620306047376
33005500459268054150602005038881519077646045782115853850397875650548270489932798768
66689259463707535263444180971141820519612795219356053532875421809623225492436682088
132840617346394648652593770339708828423811329179328673905833176859473273072748449488
260881984749850777930902966271119663964238385649942582597109652506967562322453957916
505157760764220959795144293810464059575369435604994196719584127731125805279664162192
964517275879082130671761087050070432607015515954284406444088698526590993158051165984
1816026523811177944960341779257897572866136068163674859815113585291247938737469635240
3372031448208707160846791398961226976696657288493988014648244049210797106804093597590
6175118786929389578110660985402711346158314555602059135699971537589694891811022204040
11153452470233787249825685274918370790904242283332821432625217983826519910197962133796
19870497106757734417024111641970665877606814951753671612602595794070772456334358508688
34919480309046427134868115636979223591786155039504793893390679286708463760939866069642
60535457791253566119051344145040282488532072949660912480306928513715285553967013629000
103527927592436788636413311928857009698201088190362544828395428188035536313298992216544
174675790059875139621330296504561813430597278034869762997841952144320238435198677850376
290774694075879713299742543284035065954224492677344540286188438194626697473644980171926
477583969826250313593120526740296520137965002136736770150550061121797079466033246481792
773984149692008309887974120245418210635250326930042126289022255513955784727234488691728
1237721628106019961228460024556312634478304539883242267331994025773199612045452453640224
1953175931357152458039985249800410666956562786866944091161875351851055694096229053833838
3041624744327454163196266014671140378200225126850536299615646482101193118831299254668144
4674485002471136179039070291486452863898125756679979933074732155261794320599004736383704
7089953289636025816991383431506538224695853440282179350599948283758367682247079064089688
10613330498393015965422476144998991072956099845541776448139287110944730080082162344266122
15681068391547225680621338249760399851049984430538045978438212058399800622864673516163536
22868196627784456419604951064744069676055628618233528460671831428254583698539578679331868
32918263765692497550966901838648178458009966265171587677104673578476283683915434251652944
46774255628538189456050813451602838445712973326230888935608885340816011520859467435117138
65608162260765180413521636722545671638579630378433783857186853506041521323470550258970704
90846002162914603845571319100119890803104207924216510317455050016208280343100791551818128
124184263913262265696938965420012963513252947753571535935039034794323222614673710157686672
167593007945552440603020598810675248787865148625425604901411486453606643194405075052081720
223300429840475849602808026790367440246561965122879954496064026760504865295672557346005288
293753680689020144851399566814630050821830236798328057970951548165274020863018797006942076
381551324933424276370054326462156485669744921295313889195368262988416784026186888169840336
489344116108562780211114469209860997779499337263239166912066641208355803680392098445958988
619702850634512216715978302482803039874588322728390731728411577508516992391957441496493672
774954894931012767606737919666950247731808566867977313729038319120709022229813667626192988
956994435585154282611761913264478851881952274663482438577450964417807219028118629348473760
1167075317342341353529500619852865726660936861930958771413619404197267107342313740663973242
1405599134025889728620292732932342276121762975253226063704732622629191716518334782989339000
1671914558100572832717717011650205056245591587106943105990827620458450028675966724394930380
1964146228459225364720677222009098908776524970832654563917055152513937444200128399396635464
2279072379334971385345096026800261305625885566703447818651059944166001716240445483344901296
2612069400653786097010543847614822549252842484425070385459381908263232687232596933205241072
2957138458953427444444468566350124355149032579177144836685736927548245209886058844262177068
3307024198698744351924856172109542618492359625630856417243770367772288366369756628308510800
3653428674276975614268073860611513066635749356611808148756592857325902882563658731384666442
3987315586416061835372974906112201098884092080792783479831731985585455762171011534428210360
4299291389008300968081209957465392100957469590469641999749325799827997492383320328592433800
4580041809724160887690413536966886860603214304650484217743270339232244956755289952063028560
4820795735436893084645992147978536365249102481560247046321415664278294913748366486635895152
5013784098387941510847109900440551183030065960872549552870274714982747528780997013470225624
5152659987874749912756406321143797287885370046354848829978572215147515225430917430382393832
5232848013254817859929451609813013859046316828459305799817369476155660692083841187401850008
5251795890175040681931155543589726992018773536309120841159714879589832721320194051947483770
5209108866077032493788351571247830616974811638569547563275402872066229717024635517859434864
5106557165888088190896529692192431498637491865069274033848261748274875269088408406061798696
4947957114532493574933354361696581236961340181384495954810854467021526171944498001311974184
4738936868029072247179325503977338370428068019240439028685612073198011218149580070535365448
4486606690448240896350524288279525072501625685212004982326749593082042953416529389148497296
4199160558401260692254379155123678601217191309457028379229141940464009842497299590238092972
3885439950238344820814103003494205385750657717993409433684288478459666831174694649627739296
3554491722184425470532374483738960095776641343079207415214471626984814875887564334746750416
3215150084850283956726353415627509867259645632740187852860863464870215738862624456524148160
2875668288477230863712319360047864084572097223845493295378309644624552800294527751490864516
2543419365107266728238853805091115504108700437770982774532684728232150187885843594096478904
2224677962667215766717490336615815065992131261760858717637258900756950985580393152597667468
1924487771489184280853914857440247853809251894913201236912210669357809567048536937664748672
1646612046791349102541014041955260182078960025938041558690053551506499834193678479823763336
1393558875890468649519942029514437637823412131556051447859475867116403701771052599577295424
1166668526713295221684388693806671400475308108448140792203089751132416362982521010647702476
966247623034377328749496844311705289764155125523073974167928422371538732376921889121138448
791733991902547663794923055814060270007382775969565376824288729010308671686807644809222692
641876619046900745797683308536743959241207118158265489596679699110575527397274048696267672
514916909173938150223573937033629603969416161396448018299611060434308119853784422317245996
408759999510523453288964867165593170523645991567346185846471857794016889069698508390345496
321127829542991309722229968844708338140422545750355557256020147024424557702611096777098196
249688678156214460106017418985219827131994660249013259277058504801184516475785466562083440
192160660142747795566450991929490389113951834292063980723306898469977444172740673270583480
146389030437006064587877494976496271978895885795752981285718867532934589296100100730870888
110398966132225199482123695697503000528095723480832426284623255785827616438211458485630688
82426751253177121539864233448122600721494070708222996547160511224644799720866309004482920
60933007958438867179806115182419477589304388639508262306467227481468908458548255873612636
44601874657886891225455275402665803153869418421775466351005088593572412219916362253027416
32329925426987950975484991198351628845396421489560694466497974902896230782270485776901572
23208262831304659407542030557203580134841550247698416308744052972980981546085238671129656
16500699210397736394203386977063310641239688647471463067064799255359808283659849154104708
11620356712931400800512303345655250043901404722222467322422611132559395642310586830222112
8106432016087469076527096676983666624430571878130091753726048311917101280266742178168068
5602335531837269269201691074522569784658864788143941018531161902700139373051579042106032
3835955912389007349696715528741806441278504956364848160020418008747051096125818139023028
2602431798046675232059895902586262501462954344479715339853320999234022317159581432613760
1749534814477371260302017532707963043488307094352904767842883686910790772312438082207516
1165573318049702201308935367500147515207882487721632388267980496720540620141304861110336
769602955084140281794931122269170051238720316935069668630476778333951950260036517018746
503663360825343510666962318412492076175644098293063513670877868657128922187480901775784
326735931048913082689735469488818777016160338690499319517665605955716361689274033767172
210122589721623827898476869421034082119633861027101170108619859821092232191163839808496
133968995347881556295200433536778161007610442368560374742555872890317890024634185723698
84689181409792031796816497445858286028032523228672338997905972147820718098770632819024
53085997339628091817382202004447610841570604007305562433914684074607938841639079885732
32998691462862823589023994007915612515391380263606598506495566160357132198647535069200
20342970214877141884196310963534472330361786466436251372907576000705417702415254355964
12438529841175797514283416094653082428601312527019011724422018189714187429996125136224
7543915832019453968893393537850283410944446642376947055793816411005643781736898594568
4538722768034694869043253218023622547712586835203611791873998971987998347099673603560
2709039601777492064439952921059628227803820450219517844183673778547877587925490848546
1604270659495346685872062680102492336100933779895174486044909338335793377051634459112
942662214646602021634814473625527978310224296663533424410828731166184058262883025860
549649922031552106497125428615988371737710398353316780267318563155146606104376164696
318055673271343592405109650976851037427412796752658147765980639007237162181991403204
182659456541798319093608648949245136184870809225777562911141073989095896742425572432
104120964620852827029088674036107566541038159888765684228992164262985269204631286052
58915017096952924264056664973205054084524458895451764776848584316134811214657417200
33093313490078360211327304400039698720480252201291580146677485382067406241615533802
18455055276028678577221646142222912207467888958615533589522894655795013837158076952
10218462116263903590445054592573426599182546272217403692364654194940705798417109028
5618040474724928010025375580252242225456417805910851541736383680054456089845733632
3067235813168138886180596818553286870011264913543342768822951996320391672538090194
1663052976816654796294920150995117901551516299021008546758696345610842285935492368
895560733486392875001499387456364331091503957614140443429441648569586209570919852
479012954019098976811215517071950709286052278618439679077053167304964749636059960
254504652406206022882374061813260440034114573159289742651598960628910410298432604
134330064589358086238255165286659009417111046009620460681499577773911704369796960
70438858219303937625373639235807773094162225284149153669622225234242730664888160
36698246207108250355914536019003011607178773406325673747917902832062192437988728
18997844870752908021424488264956930326283344417595792989511738872433190737903868
9772850792495548591012194739574108840356233242760924370113163477270632253986864
4996061258036393720890940076518810132158034551032926120649679259428321271502468
2538371711240211668978407889184950546052852572268044157195559679186560949686488
1281843054939065186552638314015462095446898984868816511873021488117902153485248
643424546869955677834725190724543895356371706543085448117314038712277597786944
321051176640319146021109150694691657028506606247527234439379578961207874237876
159255808995827065764659619966122905875529900967026344560514148336198207869576
78540010252989801806111652023165134991780176096841129486092206254040982156182
38511579473137897474541363308153517198360454560011912615903000341232521760824
18777001454123492650272898000948286865636323891961803795633256792312049631400
9103853988844673971835270798085537999794443204195536352520143996112403183600
4389528192714365471001387431637523254639139439128355906158007403033591851184
2104907801934742139533362889295979207293043410172504361631572027424719528728
1003921910730454166508219593602163225945111134726589449601896743149329840764
476263322214978782832405571297728239429332430730013605951444578426825745408
224751815411836365052236952318414870624689401782055335927738238025186267054
105510688353868577218297999544234285021930676678212823937017537892726842072
49278217042923617703529797213926153319980277509380374406532357315195076156
22898482450526325923143532597041560173742543708439451182754510757901325064
10587155924843900334710340076039039297854771184962960880771153450739485416
4870800302114464902817164058539646591382686070403791953951779556311598488
2229959997379635699298174186719474108658668434713904493702406987139037300
1016006990942633599143168985675820219176876037343876897636970897891345728
460708430721635719400356230876927535191540010620586565493785257266017958
207927653796409059307107532757151323749061127998786790374076287730149064
93407467767462202949573284407455770010796631589691674820935223471172140
41769632653843063960050109565465918530229410378494301440107706534844488
18594124165621315274161321402809082584591690213699883905038750007363870
8240488584692616169278010435270138881010252592142661674147547355142048
3635953891921571029184528067259032701544146923686404679461049916436484
1597341619888898042507731426396606118024171761366359061011283213448400
698742268173668779266672884555400518797215636138731802308566674759846
304369824838354584718346531023767004228591658710252951976889568490616
132031338897825163926244991878826781246797029356571977898958232359616
57038576851835027992972357046268404167514285622089466820911003138912
24541540032717187561323288634726235961171497473738779335292823418910
10517234877195503844840776565044057040953679271370178508088354470920
4489448737667408721507425348351586046965280896101604870753202911804
1908978793360516080860726085283933072380090830872707930855812582568
808631591871714904787917560843495986357736260243413658278519063338
341245242299433086913524443354846133142233509756271188642089205152
143474100802748892722475312620043540589571289861770786548544602908
60102986545461244074696403820516213762795556207674420053477606824
25087580767137792534592108024623218011431078817433759143601499210
10434849433957771866796289837582313850102618128048526166235299088
4325164951496980628730922092796117038025972452420446325803876844
1786621642692243894098865524835168011085726500107642611170373720
735529686766838492424053993369345483156975308029233630134030656
301807287584374751958349560555298853501473358398204856312840376
123436973986323157718674496539561862940800909162800751280175548
50323505847129301966003705898283811681174729458948342497996640
20451753892903771869502195960109492491925442962976714899072484
8286061521814917940143101820343356127533822330387022705709208
3346936408926737622785329248962557672093025781182169452277372
1347882894475869706169570255786903000433341237215939857271128
541234938689577247455344898461994720482223183299269793668506
216706476253109321234216127175649634700101700591046578532304
86523417556892096787471816254931217487073101627556058669860
34450402519188588720923012709518033802737697683418980599176
13679706529005590317127983989216375486566046389402841375042
5417562166788724008304824308359698496108339992106542271416
2139923579550388026087359473849294891241686735295263062312
843106103549982807724024042065662080821625253763998972184
331343104594961284362051609054882911694675503666652306534
129899426934026382481289867123907861561914828768727749640
50803273521860099924199389026640297091657889008115122516
19822233109781687639075171285100903883600116609276645432
7716330126022395539044005163016729807978528859979848090
2997001181263792554813704849500202575473859977585947400
1161451528653938440511878534316730665773146280837684728
449131050851249228464741847909522073235003045935577584
173309434044484474166471032062788551264850303701020390
66737096968959623935963890496829071002428815469706840
25646421078348988143648132986112007336055580841742580
9835997986597930949222777253225129584000181870057768
3764953547521425358565041651873108988257013023737840
1438358385913627789598432717880409707898177413792888
548475319579058851385755880975420051771922651751140
208758979430773405985576820692026266103374404444424
79313357058371593009152645579582736187117340830496
30079801268092246884015430197384848811277500835944
11387930193889519321074139425189579160414235494500
4303966879628684049961589897937463651201381946928
1623901856644513885373179327354858058657447981622
611686839262111204129496791328572285399359216792
230031925923159597183585102218244453651577996200
86366861958056859742609668303568486560610864800
32375463983251083807934047163900073712352804974
12117241708001377940014470122164042386242230704
4528130341881883790406348053199962529980235840
1689542675533535241544074741425671044383368680
629450646904633456437258386666356308399542634
234154679561039125105722134715524919909483456
86975825075667783429624948386977099593171060
32259218511259713306715753384903351299521544
11947400439922368445936320786720224135317752
4418358233113935170871883752221767000572480
1631623549640796715201890491899143042245208
601662224415246945648625692788086674596664
221544958225577268379030006298696620944384
81460676374292848407332281248776613936120
29909760298767056876714595644863899355092
10966185156366150587131812999512400773424
4014921919526636345592043150678125395160
1467825441137009222483213218957650180768
535856414017455358109202367747559990676
195341036982354380835100292618519313768
71106755383209369157068007649358250938
25845889042190566651725476001990529368
9380756489235006680178171038864646372
3399666203640175208753472650401680888
1230245851097647176335868913204622334
444512931746816741327977923570739248
160370237227879858917291605659231272
57767039825508323352313456281297984
20776463638820428739427057253802256
7460268038977211260479480052242720
2674607238014098446707310800957364
957246784386676703668813211841240
342057095226107358065495445093012
122008269437784120433482664404552
43449111080261815235015331822204
15443077442880935183544946346040
5480026453764221212283439165768
1940536676096274535549891433568
686057820393678640538415224364
241989642795045259223178878136
85221770423282416908886329720
29934976144004148922458332544
10499458389390408226091632092
3671674265805339099650134896
1282321309248068998334728140
446293635640014281364475032
155171150053149729625258212
53726256621439029879191640
18592314086171091768573852
6401362340099007641347704
2204462117830965612695460
754283756804104650122784
258427953878695295728500
87830789748154970675760
29937189952828474209012
10094600662503036009840
3422247090918306876522
1144618766291601639528
386039869180156419552
127717894302863441040
42856535041948606698
14046560350992196776
4689561822640073424
1511030385752489760
503152457612174712
160688275979675616
53154333478550244
16462534406528304
5486561283636936
1694549101706016
554902365486060
161411808491496
55116777082470
16282453263912
5225656836132
1373657553840
508552041600
140636154456
42750357444
9574044840
4327431642
1065561768
283202676
49656888
33827592
6680448
1329048
161088
229536
30312
3240
216
1152
72
0
0
3
