24
0
0
1296
1944
7776
64800
279936
1442448
6550632
27082836
100285128
339257160
1036038276
2865338388
7190895204
16328989584
33931657836
64604376684
112899335760
182078568360
272670065424
378314893116
490805716716
595813501440
676521108612
721826152056
726436046286
687594161772
617111134542
526167195462
426197015226
330104012904
245440117224
174854074356
120351521250
80164801116
51795114174
32545285974
20121075054
12069774036
7237406052
4208752386
2494211292
1401538464
843240834
457054326
283930920
146219580
95193792
46833390
31941540
14939640
10715814
4819194
3679992
1527012
1186812
467532
444204
182412
130248
27216
53244
17496
19926
3888
2430
0
3402
486
486
0
0
0
162
0
0
0
0
0
3
