3
0
0
0
0
108
378
0
216
444
2592
15120
23544
8856
47358
121320
379296
1057752
1307946
1867320
5634468
12936888
29392686
59975748
91783368
192360312
447325146
912288576
1818947502
3509345412
6525213840
13608922968
27889316550
54182814732
105257860344
204519789324
398074843290
788479349328
1537945170588
2957354565912
5711574128850
11025036638424
21266889037614
40942938779244
78441812415144
149750736015648
286057176497064
545081748061644
1036772046026802
1966935230871048
3724463067331086
7037535199526352
13279933638764856
25004804013574308
46999458008557266
88167224804058360
165113231259363030
308640434846999724
575961594482609424
1072860631859888172
1995047109916827444
3703418352925655724
6863046889204215450
12696581288478914220
23449166627778990882
43234793952641224596
79581719235607387434
146240176747476265380
268285852531283081670
491368220887762465128
898455033783304968474
1640082682695043256868
2988928448419533984552
5438076976528103718396
9877665868638498683784
17911886270173887366792
32426824992054637496346
58605913768452608276640
105742470893562923151294
190469406204397352307888
342503361183336143701698
614842535851101513325452
1101837025778074928803638
1971149647579962179370084
3520175636358688508212428
6275447240122062441517752
11167425309986852012333442
19837236366079679762783244
35173855350645477677933526
62252907671229790110096312
109973865226752808340923236
193908980595873526604431020
341249758809003903638402784
599375663036309965096435896
1050662705438023661070194274
1838014027876222637867016768
3208765793590325725145462124
5589999001404471858845138820
9717376657138723026752966442
16854935862273693848058117000
29168962660182144497856077070
50362049632054298838421629420
86745006531496900271494392894
149042986817628805019013842640
255428138931220300517466584886
436592995187441485284126092304
744204873331897573333027125132
1264936414300123499694242380116
2143648035466399200458020048662
3621513231233729379299868805044
6098406209944651090493779915566
10234448211413483950886165162052
17114348041979291102353511371032
28511739734980646699813644526808
47311568571720532494164550111306
78180254415858255885721722818916
128620898788533423005781722306790
210621163024777266261785310375504
343203999026613735842839807127406
556338335232524327237999293950744
896873229749204251704183341494584
1437442563074644550582814817289592
2289666855257040699939418370549856
3623471171869057801324489406776428
5694952933710801045146106791050896
8885964371168226307943412612590724
13759386278242779342835426315155612
21134881881175558184464120646868900
32190585171207230500789167036683568
48596462495301580536171415859382816
72684650138218869543964158192499980
107660464818299769744187633418572296
157854468744413211974870440181791566
229010373814422585607920184280790456
328595196135792774864898089722392398
466106677554642888465314378898050460
653338810849497715084345559049693348
904550321180653913498379409317779172
1236465145012741166624478372399486726
1668021431521722176061895212157601124
2219780582886699120506718536736767118
2912915275562317279128966044325595224
3767720124751551665987666356302899364
4801634265630356138417969257907503788
6026832460754603239633561352794801368
7447526939135167180681525451806774140
9057217120259214121932742493649925932
10836214079235132653699600041022828700
12749831921568414076044886391104193940
14747658257042254101564084104974470132
16764272361921941432478505408942290366
18721661852775966961028076246367328076
20533398947517624406118223561111704346
22110393756972603494691100052735787048
23367778532717299744398710836591055214
24232239187091099980581840411198288312
24648948169775337809081270843513490240
24587208281169169242610787921060425296
24044014407154708375842031749214073172
23044977202930463478636679095899328744
21642397924200855560105509290297188790
19910680376643606324036457799851733208
17939643685418703218553942911508713880
15826588728543452537259627546224861868
13668118900160459813687612811875169438
11552698480798034737370516860147314540
9554759275551108410583198145743381414
7730878907775563515833783798565485504
6118212821308928678587881708907902144
4735032526531182787892162011463676480
3582961269840849598362135469303456248
2650340871555381082670840008812048432
1916120275218936890695067515359169752
1353714015517083118743842789306266572
934407266385323983341972844019058246
630046132196063044297520738707175880
414912243663100044261553708008429930
266813215922572485350473640987120268
167510832825440597774866396321522716
102654351711921849590874651504764076
61393382202744292770969188400764346
35824644975118566438347656739292144
20391986546201047442270655660665220
11320080617554944435816342227470008
6126886578501761737933755364664628
3232291307515898180360157834819696
1661622971236248621233778187946436
832083320717558823640990517665848
405754566915925364976165820620456
192601688577790574486442262514736
88957265519960174240077898165976
39961125420868426177994556304584
17451143489040477004743975737424
7404888962173431141573011851608
3051286817233363237065813589404
1220283347908376162859689335248
473343456620002906890022361436
177965732888273307991471619760
64808029433039215950673404312
22841508687173423335451644560
7785395858618427226608633492
2564141517450687205414660968
815358990193561153711360476
250117851545542129203289800
73958448277878273806536008
21065289484154310655498872
5775966564429896211047724
1523976595577950029466512
386861096511476593651584
94497762424509013950936
22223485030133380182516
5036685388906816666656
1101570751159261232544
232884588679778874384
47677276270232555184
9468123596613417312
1826456674698271020
342602739873129312
62530903672067520
11109587388634944
1921863462565752
323719556292864
53066323138608
8463093359616
1313979664608
197697137664
28782748224
4070200320
568559232
69894144
9172224
1105920
152064
0
3072
