3072
0
152064
1105920
9172224
69894144
568559232
4070200320
28782748224
197697137664
1313979664608
8463093359616
53066323138608
323719556292864
1921863462565752
11109587388634944
62530903672067520
342602739873129312
1826456674698271020
9468123596613417312
47677276270232555184
232884588679778874384
1101570751159261232544
5036685388906816666656
22223485030133380182516
94497762424509013950936
386861096511476593651584
1523976595577950029466512
5775966564429896211047724
21065289484154310655498872
73958448277878273806536008
250117851545542129203289800
815358990193561153711360476
2564141517450687205414660968
7785395858618427226608633492
22841508687173423335451644560
64808029433039215950673404312
177965732888273307991471619760
473343456620002906890022361436
1220283347908376162859689335248
3051286817233363237065813589404
7404888962173431141573011851608
17451143489040477004743975737424
39961125420868426177994556304584
88957265519960174240077898165976
192601688577790574486442262514736
405754566915925364976165820620456
832083320717558823640990517665848
1661622971236248621233778187946436
3232291307515898180360157834819696
6126886578501761737933755364664628
11320080617554944435816342227470008
20391986546201047442270655660665220
35824644975118566438347656739292144
61393382202744292770969188400764346
102654351711921849590874651504764076
167510832825440597774866396321522716
266813215922572485350473640987120268
414912243663100044261553708008429930
630046132196063044297520738707175880
934407266385323983341972844019058246
1353714015517083118743842789306266572
1916120275218936890695067515359169752
2650340871555381082670840008812048432
3582961269840849598362135469303456248
4735032526531182787892162011463676480
6118212821308928678587881708907902144
7730878907775563515833783798565485504
9554759275551108410583198145743381414
11552698480798034737370516860147314540
13668118900160459813687612811875169438
15826588728543452537259627546224861868
17939643685418703218553942911508713880
19910680376643606324036457799851733208
21642397924200855560105509290297188790
23044977202930463478636679095899328744
24044014407154708375842031749214073172
24587208281169169242610787921060425296
24648948169775337809081270843513490240
24232239187091099980581840411198288312
23367778532717299744398710836591055214
22110393756972603494691100052735787048
20533398947517624406118223561111704346
18721661852775966961028076246367328076
16764272361921941432478505408942290366
14747658257042254101564084104974470132
12749831921568414076044886391104193940
10836214079235132653699600041022828700
9057217120259214121932742493649925932
7447526939135167180681525451806774140
6026832460754603239633561352794801368
4801634265630356138417969257907503788
3767720124751551665987666356302899364
2912915275562317279128966044325595224
2219780582886699120506718536736767118
1668021431521722176061895212157601124
1236465145012741166624478372399486726
904550321180653913498379409317779172
653338810849497715084345559049693348
466106677554642888465314378898050460
328595196135792774864898089722392398
229010373814422585607920184280790456
157854468744413211974870440181791566
107660464818299769744187633418572296
72684650138218869543964158192499980
48596462495301580536171415859382816
32190585171207230500789167036683568
21134881881175558184464120646868900
13759386278242779342835426315155612
8885964371168226307943412612590724
5694952933710801045146106791050896
3623471171869057801324489406776428
2289666855257040699939418370549856
1437442563074644550582814817289592
896873229749204251704183341494584
556338335232524327237999293950744
343203999026613735842839807127406
210621163024777266261785310375504
128620898788533423005781722306790
78180254415858255885721722818916
47311568571720532494164550111306
28511739734980646699813644526808
17114348041979291102353511371032
10234448211413483950886165162052
6098406209944651090493779915566
3621513231233729379299868805044
2143648035466399200458020048662
1264936414300123499694242380116
744204873331897573333027125132
436592995187441485284126092304
255428138931220300517466584886
149042986817628805019013842640
86745006531496900271494392894
50362049632054298838421629420
29168962660182144497856077070
16854935862273693848058117000
9717376657138723026752966442
5589999001404471858845138820
3208765793590325725145462124
1838014027876222637867016768
1050662705438023661070194274
599375663036309965096435896
341249758809003903638402784
193908980595873526604431020
109973865226752808340923236
62252907671229790110096312
35173855350645477677933526
19837236366079679762783244
11167425309986852012333442
6275447240122062441517752
3520175636358688508212428
1971149647579962179370084
1101837025778074928803638
614842535851101513325452
342503361183336143701698
190469406204397352307888
105742470893562923151294
58605913768452608276640
32426824992054637496346
17911886270173887366792
9877665868638498683784
5438076976528103718396
2988928448419533984552
1640082682695043256868
898455033783304968474
491368220887762465128
268285852531283081670
146240176747476265380
79581719235607387434
43234793952641224596
23449166627778990882
12696581288478914220
6863046889204215450
3703418352925655724
1995047109916827444
1072860631859888172
575961594482609424
308640434846999724
165113231259363030
88167224804058360
46999458008557266
25004804013574308
13279933638764856
7037535199526352
3724463067331086
1966935230871048
1036772046026802
545081748061644
286057176497064
149750736015648
78441812415144
40942938779244
21266889037614
11025036638424
5711574128850
2957354565912
1537945170588
788479349328
398074843290
204519789324
105257860344
54182814732
27889316550
13608922968
6525213840
3509345412
1818947502
912288576
447325146
192360312
91783368
59975748
29392686
12936888
5634468
1867320
1307946
1057752
379296
121320
47358
8856
23544
15120
2592
444
216
0
378
108
0
0
0
0
3
