3075
0
152064
1105920
9172224
69894252
568559610
4070200320
28782748440
197697138108
1313979667200
8463093374736
53066323162152
323719556301720
1921863462613110
11109587388756264
62530903672446816
342602739874187064
1826456674699578966
9468123596615284632
47677276270238189652
232884588679791811272
1101570751159290625230
5036685388906876642404
22223485030133471965884
94497762424509206311248
386861096511477040976730
1523976595577950941755088
5775966564429898029995226
21065289484154314164844284
73958448277878280331749848
250117851545542142812212768
815358990193561181600677026
2564141517450687259597475700
7785395858618427331866493836
22841508687173423539971433884
64808029433039216348748247602
177965732888273308779950969088
473343456620002908427967532024
1220283347908376165817043901160
3051286817233363242777387718254
7404888962173431152598048490032
17451143489040477026010864775038
39961125420868426218937495083828
88957265519960174318519710581120
192601688577790574636192998530384
405754566915925365262222997117520
832083320717558824186072265727492
1661622971236248622270550233973238
3232291307515898182327093065690744
6126886578501761741658218431995714
11320080617554944442853877426996360
20391986546201047455550589299430076
35824644975118566463352460752866452
61393382202744292817968646409321612
102654351711921849679041876308822436
167510832825440597939979627580885746
266813215922572485659114075834119992
414912243663100044837515302491039354
630046132196063045370381370567064052
934407266385323985337019953935885690
1353714015517083122447261142231922296
1916120275218936897558114404563385202
2650340871555381095367421297290962652
3582961269840849621811302097082447130
4735032526531182831126955964104901076
6118212821308928758169600944515289578
7730878907775563662073960546041750884
9554759275551108678869050677026463084
11552698480798035228738737747909779668
13668118900160460712142646595180137912
15826588728543454177342310241268118736
17939643685418706207482391331042698432
19910680376643611762113434327955451604
21642397924200865437771377928795872574
23044977202930481390522949269786695536
24044014407154740802667023803851569518
24587208281169227848524556373668701936
24648948169775443551552164406436641534
24232239187091290449988044808550596200
23367778532717642247759894172734756912
22110393756973218337226951154249112500
20533398947518726243144001636040507984
18721661852777938110675656208546698160
16764272361925461608114864097450502794
14747658257048529548804206167415987884
12749831921579581501354873243116527382
10836214079254969890065679720785611944
9057217120294387977283387971327859458
7447526939197420088352755241916870452
6026832460864577104860314161135724604
4801634265824265119013842784511934808
3767720125092801424796670259941302148
2912915276161692942165276009422031120
2219780583937361825944742197806961392
1668021433359736203938117850024617892
1236465148221506960214804097544948850
904550326770652914902851268162917992
653338820566874372223068585802659790
466106694409578750739008226956167460
328595225304755435047042587578469468
229010424176472217662219022702419876
157854555489419743471770711676184460
107660613861286587372992652432414936
72684905566357800764264675659084866
48596899088296767977656699985475120
32191329376080562398362500063808700
21136146817589858307963814889249016
13761529926278245742035884335204274
8889585884399460037322712481395768
5701051339920745696236600570966462
3633705620080471285275375571938480
2306781203299019991041771881920888
1465954302809625197282628461816400
944184798320924784198347891605890
634518589648382583123721016769660
471824897815147158848621529434196
421242326049554532523570620751008
471824897815147158848621529434196
634518589648382583123721016769660
944184798320924784198347891605890
1465954302809625197282628461816400
2306781203299019991041771881920888
3633705620080471285275375571938480
5701051339920745696236600570966462
8889585884399460037322712481395768
13761529926278245742035884335204274
21136146817589858307963814889249016
32191329376080562398362500063808700
48596899088296767977656699985475120
72684905566357800764264675659084866
107660613861286587372992652432414936
157854555489419743471770711676184460
229010424176472217662219022702419876
328595225304755435047042587578469468
466106694409578750739008226956167460
653338820566874372223068585802659790
904550326770652914902851268162917992
1236465148221506960214804097544948850
1668021433359736203938117850024617892
2219780583937361825944742197806961392
2912915276161692942165276009422031120
3767720125092801424796670259941302148
4801634265824265119013842784511934808
6026832460864577104860314161135724604
7447526939197420088352755241916870452
9057217120294387977283387971327859458
10836214079254969890065679720785611944
12749831921579581501354873243116527382
14747658257048529548804206167415987884
16764272361925461608114864097450502794
18721661852777938110675656208546698160
20533398947518726243144001636040507984
22110393756973218337226951154249112500
23367778532717642247759894172734756912
24232239187091290449988044808550596200
24648948169775443551552164406436641534
24587208281169227848524556373668701936
24044014407154740802667023803851569518
23044977202930481390522949269786695536
21642397924200865437771377928795872574
19910680376643611762113434327955451604
17939643685418706207482391331042698432
15826588728543454177342310241268118736
13668118900160460712142646595180137912
11552698480798035228738737747909779668
9554759275551108678869050677026463084
7730878907775563662073960546041750884
6118212821308928758169600944515289578
4735032526531182831126955964104901076
3582961269840849621811302097082447130
2650340871555381095367421297290962652
1916120275218936897558114404563385202
1353714015517083122447261142231922296
934407266385323985337019953935885690
630046132196063045370381370567064052
414912243663100044837515302491039354
266813215922572485659114075834119992
167510832825440597939979627580885746
102654351711921849679041876308822436
61393382202744292817968646409321612
35824644975118566463352460752866452
20391986546201047455550589299430076
11320080617554944442853877426996360
6126886578501761741658218431995714
3232291307515898182327093065690744
1661622971236248622270550233973238
832083320717558824186072265727492
405754566915925365262222997117520
192601688577790574636192998530384
88957265519960174318519710581120
39961125420868426218937495083828
17451143489040477026010864775038
7404888962173431152598048490032
3051286817233363242777387718254
1220283347908376165817043901160
473343456620002908427967532024
177965732888273308779950969088
64808029433039216348748247602
22841508687173423539971433884
7785395858618427331866493836
2564141517450687259597475700
815358990193561181600677026
250117851545542142812212768
73958448277878280331749848
21065289484154314164844284
5775966564429898029995226
1523976595577950941755088
386861096511477040976730
94497762424509206311248
22223485030133471965884
5036685388906876642404
1101570751159290625230
232884588679791811272
47677276270238189652
9468123596615284632
1826456674699578966
342602739874187064
62530903672446816
11109587388756264
1921863462613110
323719556301720
53066323162152
8463093374736
1313979667200
197697138108
28782748440
4070200320
568559610
69894252
9172224
1105920
152064
0
3075
