1152580788838198410691651026
23294412188092333404689084640
270685129660954895001436085952
2329856765337663994227628530240
16447981193122572218720647541328
100558702163036540810709845176128
550540550113540896736593654128784
2760196696015210370946794420160960
12874658344789948148397936264323580
56522484073883655328192641200798496
235626507018695086327566884506225152
939128618448914603112011065995236928
3598295485308134143789251606829138560
13312630396950874773149064516729568992
47732282233317779887363285515725714784
166366877702682019189376550181986723744
565129802038594826053692583281106842294
1875052174895775376271020491411257352288
6088179739791605381083340965058052535968
19377048967781881348873635086716947448224
60539867608598897898497910623230288866576
185909526504040761353645143385387617569216
561768748298990657412691208960697598692816
1672032596783860461448590252532853672242464
4906279801408148908417348410655596558821496
14204613285539233229541504495018798315297504
40606008965650216969231527625028073045094080
114688194185257125016444496964603346905142464
320236985935294739637433963993033439440363392
884467132964494989345654285010453616748539136
2417471014703250193695517479362690921210472192
6541890787172181342871721399753686762157086848
17534117548009629225375014490733760715780020988
46565484949765683804353296149568364361579563520
122571985177833400637557787338552206588577003920
319889561207552964776162892594910595897498301120
827969449612165037128860875976653424977687280264
2125922148228574619083686798219370685504089336224
5416306930976981174344554304456509395980677084288
13695489825928494204355105540341122494858797854304
34376207123637088561057244410747008735528988206504
85669241339747091402370169238016322206572426819168
212008030520045998683949607135230875654210160945104
521084127333303802567726749038081086811459021286144
1272194599808726545322689414949475813630769662541920
3085646470213326218349374277888167758861490353364064
7435968170291711810461249116359516076974856409425552
17806347174490192372491918980416513818453464946628512
42374152177031924346468325221200684224979246976468864
100220124799800592691136011952047654333085053611849824
235598017662890552265172780997475245444252234983804896
550531957141616922850953008038921646593793202037172640
1278838361179545926159253450155296252058780570458301808
2953219651274297973340812250370566934194556283581058336
6780230556623501128468536138471725761536196788016720656
15476774729774013412314688238753327561517866289598271904
35125260868810293768669521873218809415161576535999896912
79263785524945086905716655064871738562052587313133390176
177851122581100701803131189393410266827632607740682102272
396801016935267990996935168561942285769723117655348116096
880295768401659011893254873507586168010695258823280842832
1941900556978110889354640342928113825144042356378156449312
4259595566447916308833003967584969823724138474269137293744
9290752439951880872823634117774463804376290745257454896256
20149783738392247972226360217745198901141695537035696993534
43453068604635358301163596659982148070224635246422060996512
93173505212278382269758189303780053545338576004195302699168
198644027126052105775500255635632439159491239406179283678944
421072327742965437669508682241229121083740641112237221626200
887403017500282513957176365086680074650345106281745976190752
1859306211493478734623122159460535768408530541590797614045056
3872821814369770542131020565735820993082401485677636875035712
8019170263994249182073006271467501202228394533288791807990208
16505681328330912159746501573971844458096193354781148071393216
33768707965465860961428045704268642310546844123153760084399072
68666578043369989027949400596043065133956497557929941484409216
138770627221577173499796325428375343726386566109644037636165336
278702186217625524302560408653113461833664772940580755956978400
556213765484988923079902538247849050284765569825981999941286032
1102980746033700003643538316702112439724278156344204828074284160
2173120613854237436259076536072153868208043763787506490980361826
4253563828459355109801888781557467382926941449888123112485889248
8270611036971778532636255292638819945343651232537107315113519232
15973458408382144250893494774373715788026229259674857766008034464
30640599238870230777510638561739232909881983820111525607503295320
58370293994086630343216065906712381352331509122635088778972718752
110418417631568201849076470461567092951477738850728716950937921232
207397870705671904388370839169263708176789870522318343411576090976
386756752432928097281770331933978097999008174521508308341944102328
715978155346440447927986929988757240852343672387158553311746165088
1315670589136029051791088889266601940459117720565616354851432758256
2399591665577617011752804599616997395120330562232724910085966740672
4343378496916038385922013183463722347452492106059150263530720845920
7801457845525339394031649002294946842726438830706241821818028422880
13903993742540426182359689179963185952625143800476475073418926674192
24585411054529177651202540537046645598090067648044851911075183569632
43126920856879652518674858926929728398304474925375017249758562130950
75043328978160159880614307836557393965570937606942427580805056906272
129517574973251169630811370047069105656352770434015140465695332207232
221696782186529932531980896953140484083541782831754322263186279056768
376327620680037675588180161503830784466588040295385470103460506152776
633449017196421881765203465531061549099343556926809469267949961202912
1057206673442586296965302230716029392144775434643883858924355281553376
1749345333496828424049942641644307120289918150983936267589622689921696
2869620102234333037646280630394413377720210839463019319319138177973372
4666306512051048470869584807679582814659320676585337999973590934454176
7521248934482125122241343817108318113979828212419459375774052019536688
12015542941390514536244460667649299097355044300350085709272382729516000
19024073713093152143741970837247657151647275163511255008118990461173768
29849793030872398308244652355699210577737479983671029620906710340419264
46411848187995544782605458999402483046372565411485367704697162854889072
71505464151478984726624716511934704229758736215795130938360984106915232
109155733539832030822425641494461178554993371101663921429921056735229350
165091981297536153023410007127646299415374470472814965155786771475062112
247373782589894507400240569139325167110882026498407595359273616624432128
367203470668482781916114534292732732965973747440496280122869616771176256
539962297665349520391185893175414248691628551421747536097403378034047032
786507283723484681554011020791600678339134861713036075058172858480463328
1134761953428158610357971089230674960689834520734646861779747423823558016
1621625174345776676657014593754485449793077052398549431253737707202399104
2295206660591642726330901867005630875987610648292574167165980089330332720
3217373949102614311869288892412590939156991172057298119052559509709423232
4466562679572269132355983724434128524614131431843877948786865859186406896
6140759305980939276708403916673579985568877317984521323811349616927634656
8360513387121223138520756350343442203105452937894957401891343421615777432
11271777099031094301960273342309180015073792133812803422807479579746812160
15048305953411897532867663916443450367249784544898984946703642641693876128
19893292084762139813171345175643645496007146097728181368667964013523402528
26039846925690382464566630627275980428990075256130775076075110329414739400
33749912287028405090032061929520856854144204477151039729493488367352267904
43311167540694067421033596858761678462909805836134918156573810239891673472
55031525710375263178066292729762731791444267891860214134470736784705674880
69230881737191600959217728800357425715395511146793753995594647548519774960
86229898459716061842735688444847121139589735436103803045214646415016563744
106335792339807609632517647468009115394756903253658200359328114474002955664
129825308563528362044450302871786275672129085338519598174621821156484598144
156925344075384761610342205009002241103074075486513967786993984805099051792
187791970397855689455346399177405494810495509646663055178002852679193151488
222488901900886599936235287241622782352364892314299223697452427362443641728
260966720113502203176449796728866874243027847407137446707988603994453528800
303044368123769356649842008393192148525146523736266087927140556883165138232
348394538639569680111511537326728553733898620294008864651169394315536027584
396534566538477096340306289798916320121408244354935541504523962807057097808
446824281685604239021972030782392660745890849476479513033586348941845924736
498471972568132808876611314822149679148330929870823174626778102035327792372
550549163067433077031789628571690925745137285383268366974676903137699451488
602014337088614506740687003458176166200556344535522563698814287184973718144
651745098306548116511366624088760932134121000221496674278289842696778665824
698577577697546968000772274306757765634178107492098746207880959982799601672
741351261074250787489981209114882731236399888106975041779483105756176350368
778956866067369313034059740685302870771507368977468494982109796984557065104
810384511570862052553613408948618603886428093934872927501648286325790083296
834769239265181193471639813252205854800281682394397557189420854347002924348
851430995016841046437444806498981545747540616867286872535411403996894709024
859906463923572942026455255155841946986655521993830063776950507372013455392
859970658691999883637828103577696925923233958412158411536773488454860805984
851646846222133377616807100695139121099508821322088463756831325927364669616
835204202242546683456692317183423782572131139795389786198536095267199143328
811143436664861527409560325436720266162099900898977165403468935513352736608
780171456542718163726695864991854239243107948783253445939555774567158301792
743166856531686971933056520417490264263995937332364966306755462249323586224
701138587631364421041438954108301866457677118896771425930160716391031625280
655180510727742368938568531241765561893019136806332662170465033302822073408
606424670816168648174385590050826672496336498474797414273031788754674450304
555996032511396412223500080713692603527400699698125239265093973961177223448
504971120686958846893013767266087974694345245800867723592396077816658626944
454342552462999157696295608806152684080926079450227560416079351038939622384
404990880772264377621350008415828558191176687105429662902186061333982289920
357664553237769482794473954483833792495374162870506143102149709845529101476
312968179833439759574459986264135319237430766141157317880793556043743157760
271358748705833843252946451302422318336305435897751516597087352133492374528
233148970453135903715992999646099253408390446845712112849496392087612727680
198516592299267426658988721295744195317044152565141660023803754189819139280
167518315840248050441567943742934490879786801752727762388010087002877416224
140106872867473406630287450801897065287800747085478408921067046752764517248
116149849559103621987593908943896526655543112947052238048215849409625596544
95448978432670934094033814470693644689365460162330629920061561217724367900
77758813661230635343879370123063502499753506532438747692934526287683667008
62803941236332519375982374004407393452286842161668195976966635153787022768
50294125212559573600405968386548963261552640703220545272148762976484051808
39937032873193205957803883472152050744191068529522958076756130071928921000
31448398214999144109282056498576693102967883173196087242981558761544892896
24559663412848970453836012655250353257798478153069795317996315043450468784
19023276134417928823220624216087644975624589806776217420264878749854331808
14615915784126964185452385385398467777981798071979339436022812742646969892
11139976814249325861715031540587931522731486091599543605388297321244793216
8423657642434335649915280752051012081645128822450916862046786867099702960
6319996454558112589375707413721669610889456653311758419666692989989149312
4705167743745168676101990159022280038443374125155118999314896849035425816
3476313035538707498141624790864068984370773254442609530069166294295076992
2549132212022654518501427481780309879324488978121610807243621025986454064
1855413325892296455367065870174536806635941455591536207107365346583143904
1340632632734805290359756122478017337704086075885021837195654503437930384
961715337665154458659453341578431178248175474044319957432833418082399840
685012695901489365605390465137453674781385994426932858514555791768540160
484523152446811129099865117578969394672137469064072275481349901060213376
340363993182999597406570085953429461139345271609722454786715275036907456
237484884479294998759757795620264889172190414503950505548102359897590240
164604810188819569962303162488235912513592130650512665996199620682849264
113348274609419241560508491082911795672373260739012147293850115841068128
77554237266096908529233549183238542808926269243411605961955829180525384
52731176428966709767504474620579454132404573399197997155877151358233248
35633170072360096555828488767424646137734232812260514804615420935454640
23934310953924894227827974505465039867808212037913789293122609658520096
15981659244837378114116520613301578964054041834965429650674680556067448
10609937805734508192867698051256943543293407612514777724091346753915072
7004061170962427987852102375489655639276654923687770341308986218101328
4598219573357101705719926883888233480093165385862652929240528098685248
3002542427841299284640725646936748087017549991744297306787094546551272
1950318920604486526441786528178648817174283674554712748084209577720608
1260366430873580541920057593108952202966008852716651174795361215382736
810439627727990838963097039498562425293269088417925573748157335698080
518603309755202015731809111692611926670720634451940611619892136781248
330292663445259635479758235514537966144259834205936572509726318768544
209396734163837880493146775904083388776884499021765767382711167686064
132161969328121261079037249339795567981947617195518126544592902758432
83055215467720012424556585737696835987406949241783689214855051726132
51976752422474857500349493263180463428428122335352272086889139345760
32395967165603426174857649153817846539621276776073470082084072097888
20112670967902234387859607051039056596467025571636773714037893676064
12439488401813613266258098048087838287929787827006475745801843699424
7665592511112961341241241052477661427149695414537602816075399410080
4707119698134578994510484753035617287422875527217033612393556844704
2880621729351149026411247187177145984895524329548830457737819787136
1757086317112236575881108777904545562976914931501616805377172786550
1068388907012920571075128357481282908748589970263378558860791359648
647660843568882639333032663719954396833715116296728563817141682064
391470888839390173526676645979722747002201409935866078716779460000
235958333351661760561528508354522265494340900354918127802415468792
141841875353442196078560422395935526473312611426366453559466421664
85046204799716861920029094340371364720305579879667244356391802368
50866687912745048352222346612395701912711709464430011463397196352
30351865030486197282838959978556824125245939493576720374559347572
18069853534992470884987574279131100101100459384325283837695835680
10734545748435596679137280624783991519401938890301815944435113568
6363755024032286047296154982606251688942530129298335415601739680
3765159631842056316727781754138533562785545541223198575283032064
2223470378117627076847954517970087465149291701296031429658848704
1310670701341780910052870012026563711316406734301741547159880736
771267110449177963193953373540929599325806050462340093463060704
453104221610481111025442692885046140607602924647277426959442326
265769412590260695463119812845991856788908028891585264835348768
155652256106763286843802490893685147412984902359295886465023696
91028580669795134266394732149993570483707760463801121066104064
53161706836100907498464535859846782438259673817738189204263256
31005891686051732778203578455449769842887300743705428587172736
18060826113598443841896377582919967177121073305544234563650080
10507552480119811467959326256250795065701870642624780480480416
6106005859298283342979073992788331140330544195418284976425788
3544250066759431483687044408888364007680831585990213929796800
2055045832460541022872278011395151382950028904204897304676256
1190326197439110643091131782486369350083986920855394185363328
688769551810260189876900706885381213146683229998706953381952
398162537162671252714817523789769560658631044148961075000960
229953140965592191114128349436567238868097744363003978831520
132685599254411003298902826761311137074065790101650425157312
76493721441605741725084566875104393253679075140328451950714
44061221095278044935605727158389112652692293148327308760192
25358663817651252399997728351794805941704636344644586805008
14582933356843448148958399978364461242717341852830272185568
8379555339621018635431118141947685209413252127010820425232
4811304174231770484622476676741155771958828965244955973216
2760437971177963256767363143668427317113552655709772890384
1582608566303712357544690519781664953737871645636291389152
906683771232724006680463431253390289025958080448869088596
519076013362525123417034778282076413787088802924197556384
296964399795851323155082389250744397535880288229465214240
169777928983627763957677130207530386315750918221471605728
96998765241516028805285753934159821271105600890039781480
55381367450488739395477956774465573747465395470661112480
31599315525766006778860164725909720316322123729404392496
18018222449031599553392771841926758932222208835262490272
10267623679473368497397511085918756882293018715821237378
5847293308144258000239327801806749758639369976062021408
3327895866789910647394907745295403735627947535778305808
1892854583514511752432489258134316375804267141007379424
1075969623556278328038834216334774683796944132394237224
611252133808019577147665339929480366822121073236555328
347040848557999964200208937854158807031923978332880800
196916765148620337936916670945722399967150008253831904
111667961805405815688378302620373208753921797553030648
63287809519053955512766522973126201906925296232798624
35847491521602562716704035961296337898875385054777120
20292999464120797222965281664144174069314125734883104
11481110838419837097918148921265666019230182406599344
6491918964077864386220034017469590607439104101700768
3668723736796850004779979645605466621547286690617632
2072100426340807835474755512603466557477299443348896
1169665028016394012072582812015802419451705478604294
659884738119141919772191494302510141642150908463904
372075792922201667237374446739422035864698654271424
209677727950385002597905190853085739929104574031680
118094988623196533705854937247371969016134572864992
66476718006563764855186466678223654324384900294048
37399619984255953280719140537898983429431719899840
21029301223105560147327053405071115102338239904896
11817972504041914153097751781155810240725864396496
6637766505819787241789662595309335544960161368384
3726165560339243540109609689395072214095430983680
2090565394221328153769269414907388686130252271680
1172268217547189444402561581369335132964914493368
656979738332905811544314618006071722873361118688
367992340188994634523432062020002885194364512736
206009573947296055911465880643484458630443002528
115265090067545919775933170252591460288613771454
64456961723825263902452529849710057290089577152
36024945623759966708439086789542638073228535088
20123247245345681782195651067069732953591262592
11234499151054946503333691785531405833782793936
6268590891973588664055085056758647543838584608
3495797533790269045769685918532529187587895888
1948418569334475362210236361058885869726169312
1085368818679129463151711375821199804253522140
604269812608182781807838012432578399068544896
336234486429208209545406903526107388299269664
186986678480576866778131839643877220945346944
103928659324371556797707880331778562860116488
57731833971667990206968958319196869093195872
32051607261342940011025164484251424995036288
17784337479681731313447532570221466894915488
9862293236422722454963053707267237555648508
5465996198395666200461475547666254064966560
3027685176007015875491172946883504513841696
1676103326921824274168153902985464247140512
927338269770480767054340091969694721702264
512768644437991646945002402818521327450976
283366892640580564842482159218169936712528
156501871109442141856982435841325931675328
86383554724859358840374908503384566117208
47652091898823486167962160187485844360384
26270624839754175723451214980942269726528
14474196151413872053971992118357818451648
7969886345952519617068946593482252971112
4385724446932273583621044199081068348512
2411903479309917309483190118779525684656
1325578993883572542059840756798042668416
728074898932583629869611502486890313864
399639873316678658067425482634309387808
219220586984150127798875745524023798080
120174130649887996117343842862983701408
65834726555472345717301808676524770392
36042145471655887185355751934583132032
19718544173651962565452229260236277632
10780641921360441308361614593556655264
5890020479016668181037283029489626552
3215793304501486659343840222627702944
1754507444409495953382867506135876640
956565183604327359646259278371372864
521149816495132347797059613515925352
283723646787395719905773824650311904
154351041305460643754807684487924672
83907482270043773863792847279185824
45579003620200919539288880696558742
24739887645065568277295493244246560
13418224005811459370920560217943856
7271972795348579166824884824906432
3937900552443578030258038218541848
2130726571532916088198806128178048
1151957097756307765255731304479888
622279332793202650185725839434912
335868897210265391861381319131100
181127382421719057513808791801312
97593954153544902292066997353296
52538834049422699243583187634688
28258618762999772355341919639816
15185471745366789255543919972224
8152794735734965176412385100672
4372996382434752419424380752416
2343364213650378389986642012710
1254531548020430279244667621536
670961973902477298297339294048
358493652598575571321078527168
191348692029695517263743252032
102028651362173770338010758432
54345552601319806303097196096
28916298733187600091371867040
15369199659724544014428102180
8159827792363627740432482592
4327370714242413416595659472
2292293751189309894367790496
1212861154213010261565045048
640970037556246445998698240
338333068560248712225795984
178368541956050573783810784
93917787089406075005907252
49387885801034282397645792
25937696802305947681330512
13604274227082847167876672
7125975916944570758169432
3727387439201355064096608
1946899008853951311983376
1015466983952849740440768
528911557505138585639784
275092522724875399109952
142859344083768523568160
74061147284891389306560
38333908116484886352528
19814336631770651935776
10226893270254714256608
5269079256642202843872
2709182453611831068468
1389978147951894807456
712296421278672391344
364705636898441827104
186330453021833607288
94903502110650209568
48210423131595367056
24448905516066820992
12409784776365990336
6293816315750638848
3172141892094011712
1590285167493361248
797089477884044808
400169579488477344
201712152852288288
101010499638550176
49704498608162172
24418169879572512
12153073793641104
6078136213357440
3041091486655008
1480216349450400
697670005575936
339330436804032
171675819259440
85547171652384
41702223153024
19021467219168
8477501302752
4322615516256
2282318547600
1090220906208
494555275224
200444573088
88323420480
53171147520
28149013632
11660698080
4669174944
1582620384
856258656
646197312
292172736
90914592
31843680
8272608
9010272
6922368
2116662
408000
144000
22080
96480
52128
7584
576
384
0
768
192
0
0
0
0
3
