85520648349300305293903983870536467753532640462401151245232
7040164304739550206804824174302170828550942219875998364348960
292849768731334740810489515704673304192742575586344004347446520
8198911941907074902098530790770530072804380249258284418579075680
173657604096831379363388750218364802263415612082132687298205561960
2965927636052111537177905725230228066412056158636233922619028308712
42520530489174505355466480973223738892669792152870355992202773398080
526002257337099735813137735377201373440619194180618138413425474049960
5728657665220293913352269340877873743158673815404408985207329044882880
55773228288393066265850146810154619760809370726721843024815776580164360
491259547996879262666499976855853335497139698168260743572962487160999704
3952737111711658677982378489665526449782943385835556370107630148048419120
29283840817154315056177783254869759043605032994778057846113111032243988760
201083342654065916744144985579448390817018804180204404193082050903953657200
1286996480189234765497775568171059585059791712509329937113952496320928318560
7714706798011359211525158632097494425917036156219163367052525456880514296008
43492086477219967232247420768800400814266805091826994681395278685864935064600
231435258441194927826542074635737653199709312174737467147232972350928152401600
1166187332019028555919406625056718667696299169005463137034527952906567888848080
5580331459495315138102161280794387143198944974853422329070983552996689810559280
25421712186033838000234716288076130800090486451054138271308045457783399048032496
110506950993343463214074905028465442670026392571691130237622175396930130814441000
459307923659891655759822813670346555968087879650464207268522913912214718680583480
1828745261182681103933505781451654549021548602026686849180322280580899009983294160
6986659557884452247996478386557683565134819145963133473625316397239363646408307640
25651991367110036669447483406719457476589546470954959012716995517529883811470189160
90639882938357327830673190679100701311970738039879184023378527256343297526587097720
308621394657223961736467700057970128644891917836623076294701789674840744842895401840
1013814515192504934551585608467947971797398590297091051552797969644929569331640214920
3216581212254772153419887024457819271275424316177286259044589043664574200089116280280
9866801250102388400864277725586373038549729462756452848972090665437137634027553682584
29289672059390783469103209988219418839060542357697086137413262702560609226968353015720
84215218894306705980979043094236289955660114164877500666392440418379159669954805485000
234725491249352635145245621528399101742259905788993395614074927912065172209807416024200
634681129367033549534966132142121387167007553457797278480367589784771833389919070222080
1666046599161160190756525557391748691609746034944490449412141871761492528568158114232304
4248600724668322703440321540004272261335605592651430797749948357960450299937718207592140
10531857855747911181657460901428633304474790063359311460369487395800986359356509504983880
25393410332147982815170467959979205826854947314784842083811843077001992859427948160147860
59584824141612356949450040340116598963575371582960496123929206002338684725792560350946440
136137150420972737355526800037778164016623333979053801307956251930795890476244765886103944
303011444398423307337899776477762491967833242164650541177028373067789040915965397461005840
657333920109593882303934955841427419973790926286949170633819635614899988847504929355409260
1390433035422234080763342581542008477048880067615680941684651196656935348693382659540354760
2869019282629481685972670654575661513967787139881744179602991699026200358039996630227188940
5777091367628362228115128881179730688016403071569766115276707088449891607094694618084286864
11356428737662850522805600457376418530790147046172363869449651148671182261663506802832370140
21801555870404217650559805795038031225501109951436571427538054781956297392213061784172631720
40887948137042084895610326275305836562510595859876707858930142308797756633625759075345199600
74938900570209647721395795711043486118535888154406655566675173393536247998717105546738970600
134263857300292018418251045351427131735425182064858140881874521939515172697250400869969749652
235223326383243857988808307901744488636802374233494194424423453881920787429461111279940887560
403083692804484059658115460688281892074743446437797498751235892055785562707550945631623063340
675806849361769656822840740727944425141082376253473843861772754197830544563385650209533480320
1108859722310267959496125505007256368012597964817805524333607049372736347293223806825301827120
1781012464376842124374049838337282652786748823426879297218550993539723855613387710228963300168
2800910013557152042215195455623901660963168746801727496497385858404276619300264951745482986160
4313947501238030448702007536014461472817425616357492170571285514162281439530097360351249806480
6508668093338409881479843514932316404513523908517708607531139310597665804236518193575724771960
9621564717354294751765808113040464548815378775160809662846209908124507967871826557250401402960
13938859771489639955723416965933747724617096110321054097706040485123573796710414304350795659072
19793634738464091971804589423567537153461186438015853358197706756877191990161973246688785946040
27556671937094013932964877513268919991654257096232171719160926553669106669599653512293383083700
37619637240644577243929486017059476150361151627458463293679823580707402766437545295538898269240
50369834811037365094274836485087013777968375742770285756536127835002041075051696398459895276520
66156714560853192370003785450252213800207442990132978759185001300058873720653522775762731942336
85251554712401454663986181239715877179356513106635058290548566369484015241091423039506120576460
107803142702277356067951271232214983505932537916570105815027679062938158602937811544327463749640
133793633065697503319522858840416890139471834685361404958959985982281419039669365795650798044340
162999818203344700479119173244574368770084459395346039152651299293332939601048967703293216156160
194965548235060034420128732897509048574334939902863578550715941453114682445196076994118873259368
228990767703522350560040506900738923081664996221216994172856758373259669858850356550631489682320
264141489365355425732115604114646735864348280797605935836742244650304426489706579082388542634260
299283032141970051091380210343469390852956287453114654062961830864652488262506200754697893482920
333136206642709204964686559503394949444463037812668947328144022092158949915504146431544107139940
364353179586643711223008755404060084356327127617520536901651994396741973121905922712050744532720
391606928286553342794678136047017323290813092730650240376371546812902109681596661858498415784300
413685971407210612657563063677956692318836125145755636342487846184498838536507454398168900769680
429584831199495875777563801805780529636180670268102918469306673307289769206720535213436749168860
438580698678572387199969237399554459632117801212490103675573150872967539250314307871908205783480
440288089054528821979991433688555670415346767117788490434184518969747347460822154978727755792804
434685724405498619097102099617284327723576056823321431691081818664470097349866819284308008023240
422113106829786015799781461487844027914343395572207267142283470955265311682473981426625355753700
403237764024304783855576298393404661289572904394320928563357420141715374323060591190358366099680
378997438414085604876441176739385647611168481427886450073570651457861055502941560504625366679360
350524084556997532894061000943585610527877674645647531797799784975147370957332472623829620484248
319058106518648519859165904135902170104696617180883362529048066182844295198217609222260433734280
285861659980184950497233020372518745962008044078585640207609920232084598259388137483278749848080
252139110238435262506269718395635600977028047228184801308056716436383747008347799881995078218320
218971092496800813314195453016509198106041515292430508607366866360493335196150363752428485588040
187266394454365804735470302448410580486026178882806442902128047512405033787039450387553150179828
157733448285707858067845572460825811277364117795139810651452040286758643273504767770350373599560
130870932848976138575713367185362052142567526729083714672979338443777177344905323224415978792980
106975124879828614208004787791444949921844353312995174094752281214961493528372446185335929713600
86160369919040860651077720878479831989977825182918406963303600603880767565382613271653663113320
68388424203557682293648290189470598253505830444223210201621950911268935502589943206516770587536
53502399979755364147913394804343152234419284818891534345216516656092671557511806479047666066300
41261506671476295110044168552535274629425800327641501638166867060620484348732670122867798490360
31373557224208475534690881367867628538072287416700612938396236150907812691442674483313810455820
23523134447854199556977412886956646381164046802628029318943522119355506551409557990258282571520
17394238136599223780101343913536569749195780299817036501527651494227679394941349941222046545308
12687048994410580688543928710436629162251632396397578570134766362796083870760221681918461305720
9129082412249354502163564364770273302630988800739506349016463458258951273129174471660052272820
6481438023635485757807749161829177822754773121118561570464941117109509371778731643101790099200
4541087480961388131336364730534179778508849267070317954011245737364279700584490893272137894400
3140213640869055570901736548230306416550420895562462820112253317178902479191835277112527760736
2143561635697189817279566876559854674062436582174019943953882174030437889507193207174779114740
1444630710419036390248911684852247490208462456487998454997622958174978709106365525953997889480
961365251511528798032102935667775121987113120544153311103256244601295401416746285523335035440
631825706241631158019196385511013900756630524006293309217616661941412112855669086980889647280
410156852450120079733462978969879039429510751898787667312623927199686289214247434436306819056
263034600757904223237469924382190166822498199298932335971985169838684816708605458478825742360
166668035604139799249415107449195553018525123791439739246807140036753000343533875649298933480
104360084496198858416990964055821669293427145549613821418684780433875053832841279604567615680
64584032945253761576633510532581024224949252655792355014882939877288619842888501115497518000
39508477057879358145054596303002374152714694154123944047021406900037569290989982736721000872
23894355812716981643815629186908768825237259656242453345754513339450473868256788736683199120
14289121559951685870205160034779597408600573622075950414008777043792019533009412360717488520
8450567433308120470163256185815749183460349661177625706099997386660370554466791336706099480
4943118307024380488292755517027593117337277759659787272043182508772328529604902950478540920
2860324121393620696286056832599609877077090260168319594078258613429060909301449902699529208
1637542422702297512082964537806741595152494286290093844964783889317552073394472290586998600
927676407943082930056099639624413703928728458428804357576050672135933548864099947788536240
520104096384884551716810007034857538025647786143050238802839921634893564594625945222693880
288626757888496400068736620510056140777612335317985844332095049260798385581683801465200680
158561506379947430000324996644337325982686134588785933145022678264919455814412124474161904
86245338391240843083691708596232529249477343576026266164866383494972895038022835096531580
46452763547574493491092027732384568393547913165937762432869269872677453703089428149534480
24779150278611951853961931010565030457956807915726490026197446734508136132220844699983880
13092438881162721411163571449632916658248515700246905610972545086781789639043252711798560
6852891214894812239772399802399918831942034021385322867906748375569239476622243183367428
3553903014859349124472480416806406581611148117405738847345705035470674692475969075410640
1826310145357150389277040489704831518209458766564999683827001539664024054778188833038460
930119912409059833662510613094672472463872240617812736042377195325902517124167908804800
469522566670778371934788247248606316514369651441048597378725348693780867216635910984340
234954745628369666119186352134386201002038383462982867336757779253613509068734510138264
116567834634205014758297521241831605066679439938373613854637676011641684136339695144540
57345052559663509973300451315257245333472522765226532339089358339598547848886486576120
27976364908154327886562799720369888359283736995245181026287661884617960178184004667360
13536909372010264585962874562571269872150839475927680824299075455734869209930920954520
6497329511350791191403587201323374459345941821936860915190882887335138238214937621832
3093791503556543510967834536295794538068632824661231560228576669015068761557344933040
1461642075495017123715809682061276603049018036787887267392468397070540994415422680840
685231566507631145501828160934640831253093902754996262126992798061054084343517130560
318809995458236874207779356647686790712726123524727900138850419513671594515618406000
147223140915227171269747238968703112645801257555250625591573975092950442138808789512
67487071344219402750916660030164343641975046078251032371110188359089623032809612000
30712533734768036204625111726006160395743819600483746690830823270259113318636106760
13877490003922723742837560823402452894663384694924832276311550175268999410227884220
6226665153432296190340339265227599477919264770236204518762510854342557121748105320
2774584575375299778002498476480152834284643034760701670594166185288964791507396424
1227965910587172817308623006341221329345254536094963530986821267973521664967546120
539843693455724406924649893562283315849611766869239350465972563250865064000971360
235770847887133481087882018049374071726577292877731796881122328108477737745207480
102305502565133788566265363248762340824642774174167349588719250448267996414981560
44110365825643576869047207821118375458809557414709590398210551711476831222993664
18899946706439995196172627611317365406468273247754980568608752328395432035126660
8048292469523409642829263033806256322592538116700632971443808039359007684003680
3406549475930422400619630742828691316012467875137622409595953002607590210334520
1433301341724075146044947697570463940612299827893620094883749090599431928275080
599536738954434810075719565903975037641128511119954268116380339368798915235512
249340475630064564969037795613442691200333616399472892091168472958294719123400
103112480972810055910115818013900537135252871005900550505031417375079240005100
42404655206481329138745345133272249625004679678114302378769259720563793785720
17343696530365209632499811017059081191809841068001306558812795771401029286820
7055653217813786231587095531839386635596812618952801945123207256605342813880
2855232340263685268015371076610871882011123828495699983929657463111176198440
1149463602744946576208065761533670873857241201058551095067997170421274623320
460403982054274875467152694268015143517578958288549411257899672663876791720
183490336635463084515578908330027158195350436096019318571680480870546888320
72770856108115196890297118115886081489277345461347361522461530308235343504
28721790042775184510456060576140364448198148894950997535564393277900705840
11282738606283241443698395267189745094721074794902925987936757563522565540
4411695579944662368712830293766180721761634813236781977591534420908576400
1717209315666994964156168616509277810062752320467671559312633575827281220
665435628830058159913959880077115189765533153753181722308173709037685104
256739174865022567461024098751725355455813392347281473580307484636609260
98632356133680127894938776938738621914586438218170744797142857053269040
37733361103919677001855535083771258276377256791028087418376821026079780
14376321625270285971747541804000100715880430266181642842051291528267920
5455359887241131531784736488526243409901398432435816073956304231895764
2062002786782130105826771993659327616399472280873925289766232303034280
776393565267763169567222398517862770391707455926695968180835943354240
291231136179470979246922844674848064885963728882445439630008319899440
108841112471288515290373571980194839977809362965324174332673562627160
40530619918261660101040371796216203045818687930246509100170313631624
15039872586911381321230314719162492092734754592742856841380734246780
5561743226368184711506396309011846369467533816852290873850755799200
2049833068056128089039226910422160096481652608579284413910360438480
753011177804354296820582134707749821706464250271654686002842131760
275736305988278258756679273570623925667048538312851078610179283532
100653747260922157314286907799441576477645582339303627917121394200
36630502421664356393280942611736107283093050250181933546685143980
13291248672672177675191388631050249594180914369999233762982635200
4808739748729039219677871299507657264795993056077281438368439540
1734888115300524131094923491601733220178843081080928316652059240
624191716814922659557123192061237033601381716029592882909520780
223976239539568094622463157733415756614707330228865154783459680
80159285304056958980492825977053140774716631388519428225676720
28615648216896674614531742693910737028430126957221629157831840
10190148177038839040729106624228741625496771825576366120936268
3620038619288889012460518765876356919492795125593333293272760
1283008827726299579688358589413392837137531067967772814455940
453687739845348085799485969862317210702269871497309849450720
160074396026793308204118066704623768598795278197322028482140
56357254165621975123383135445133104795473985719752813811504
19800027674367520447166358320678494950821065397469074551020
6942147830306230064582336739892156737570443741814013070040
2429166213499096294979289937061316187280106167120252106180
848356292751187665254996355655406951053721896238659912920
295718509293082241630548775170894163586177395007233385060
102891264407727760088435928256425547117647092356338006960
35735345410678844867564720321570643606986332786204098360
12389556535378385687796497244439893438700757730075393480
4288147858076368761963045996743832249488900078962263000
1481688714759124591930785399933064664656726254608688096
511132569049698698778337153845450362637167508508267440
176041371782325712399784425070467480221784911026457240
60536166886585187872884134551866021770347301644845540
20784883693875610191128362394944247131819635342662280
7125666093012986335155023800705091775327759055511964
2439272874670714268554844977958815052104740188465760
833802928423995697987048114674731180090372970848760
284606516191709500147632089882301294452293056339840
97009481286843244565800050764799418291168041630060
33020241109009960511768020791085084477116367351080
11224088919432093925678773249261465438096876034980
3810080575125118046778968295632283926458813211760
1291624180846023117177330688190006489433319140180
437283634858791017346505206573115599844722431880
147849828052450803834561087079467536376559218804
49924516104080940574133795724476335712243586000
16836300648807864213697057577683423412970366480
5670521775269107408079269739377401066814245600
1907419212011476363907113448728831734792779940
640794507869128274568298984235833003826684232
215002306356329205805830229255646192031886440
72047826301466567247401455902440684394545040
24113114242951486644988879454638234924317480
8060113072381766885472882444413777700818520
2690820042317107245174918172457125922379552
897188439202540711095314860045268647488000
298770363955283019979924978890092752363080
99367658371978994454281471149079956074600
33006894933434937716898481680899079952200
10950003320093320077511968178355803138968
3628032707242261778999904178333954072440
1200528213378437966396160023923176856440
396747446052957390505603748980477899240
130946013229215623668061033800567020120
43162047019731576628797482991276508392
14208164678730040705163680327562706360
4670830984040661321751990891437596040
1533429412024186615056435949091183280
502735541940456733743367425881541060
164593724102940190397844677087269152
53811621945439793351190412893625200
17567823361173702190373626009154880
5727018525568574314853591979533700
1864214064652432798460552763928800
605909291501793744634011104481564
196629757662449598531086864185080
63709949645081489141303345161620
20609308159184248170704352644880
6655842764748523657501401829380
2145869560630772756938695876768
690636492568264727055580827360
221876853969512979904839646440
71150388030348093696040084440
22772251966478383975327683360
7274301616897079774496701136
2318868513426517233288259560
737673068051154473791072080
234139832676956587526545560
74155663044020647176754440
23427903308313503521075896
7384467328563548516188380
2321229741135844569695760
727956993097330965640800
227555156675366258387640
70959264783804946162920
22050402987879146503680
6837226792559300783160
2109550493076232837440
649646703460682110980
199128631798312127400
60957216885179053200
18484255587741334080
5613402726304890840
1693292325293769360
510915624866359332
150937083083984040
45272942670349920
13416644720467200
3975330970589340
1123384959236304
337298158985280
98006800872240
28147009423020
7347124473720
2314408385784
651742811040
174690100680
39778573560
14794884060
3842922024
884212560
161946840
89004840
18807480
3180672
420120
477720
66120
5940
480
1920
120
0
0
4
