424518796977565508499204
12390721300114065153629184
191368143930454781213819904
2049738119147029468027791360
16956153227021572963572649728
114782507603620102808327577600
659178438638680021070843000832
3291414116681269758345618127872
14545678539311520759330481800576
57660852901518564247894568002560
207184424734882439554217340151296
680420614288599672770236815618048
2056275830230862799141962135496960
5750373998734978645867327149563904
14950385060785301300007428695544832
36280072254044382890028480359491584
82453796043995700147691360485619680
176012619797589527246067043883916288
353805645592662741936618779459034624
671170459780276993923827407979252736
1203906325741816499979235822055895552
2045470447157950915986818272570493952
3296878904516513675419577545440800256
5048047711503986800664087352776709120
7351902704701018220463949635120466560
10196010403795054328388669906971108352
13479529024056483179072555001370838016
17004396844032410135240236386606855168
20487671066059379083195728653493014016
23596723852022503178815780653556807680
26001982493789464096244028514708595712
27435568693160974701391821461106604032
27741142380675741327873554533204590960
26901962655977052137513215457273081856
25040228606059982870619862615060276224
22388973774500960471439650902240708608
19245175208526343739176712475700210176
15916821754873664936065481226176633856
12676475199156749177344288146542765568
9730064070825143639976308472151842816
7204137461579151045340301553307341696
5149653801936907819029980637834817536
3557055052995107578349748333164015616
2376357435843877902929496839309629440
1536873237990199238356911274463724288
963094982897666352143735827090781184
585337825211422937746966835881460736
345344585141639600911561430781843456
197974268537529808375881724907938848
110375904328551729984033055472434176
59902559197827453986236224719761920
31674798048189430052965752033896448
16333009876809725100602708836488192
8220210566407887526560943458001920
4041455495930418244171860778503168
1942663214640302817454312250118144
913737628297372226657285277032832
420883477114286638914549059662848
190004358058399029173816574346752
84132681155108987653481910368256
36567672975793542866839317151488
15613053170836713931560823824384
6553272945130159793229538277376
2705996212671479229685382418432
1100046742748193851392514151960
440581218322614161682865228800
173975635294940096108748844032
67782512549804384132654254080
26075751762970059048368299776
9912302243336582332383700992
3726198175667194640368677888
1386288681578902423302749184
510843679563799199498386560
186606396437316028061856768
67628970592204734309213696
24337391262733228910505984
8703989152605937055140608
3096205063258583202158592
1096388935038360630144000
386779772049588989491200
136035410191400602082592
47733423949157640397824
16720633225092017213952
5850105159257643592704
2045426074543309278720
714881612891884127232
249875753592105997824
87342066917509469184
30549938775807876480
10685317134866660352
3741920661322592256
1309479281832932352
459218251771078656
160668981417166848
56430032070362112
19707732709177344
6935316964039536
2412072002095104
851198454991872
293513470371840
104201278279680
35449322535936
12699682942464
4208334366720
1543251772032
495202572288
185557484544
55346817024
22607237376
6336574464
2601950208
610240512
336207072
70689792
32570880
4767744
5145600
617472
307200
18432
73344
3072
1536
0
768
0
0
0
4
