1119826744940535282082113812225675808065708663599081816659396
83462444534841667916105799759494304926535871576769712418017600
3158720965507643030134951598734321608238273829005208032541198160
80810623224401268999305121654288469522831642318414696722885179520
1570144014859958319091350243285469142675928210738673980226621762320
24686457208685432168336838551623111642734925136727629329236162206880
326832125137442231059203385425384601083251053486699288518426011477520
3744490808091408991907160361493799874829563221269695214111592747833520
37868691616589115087903722239167139380746223207825767038199363834877120
343181384442755036728752487758026176480748287224165879572845145938481760
2819964946140314760470282223186954671574636162327442549740188590305909444
21210695045704149385590499680376076918315682698643363361237874098930341360
147174253052165763014498638879229685915706228500894645693399248005694692080
948176297496536912954003396026096282307664367766788245606740201457185592480
5703054261961598262401973683153174423854299806994685703242999649563003021200
32175499164144597321353391911842045233520952301904266760695549645921723719184
170964304567960009114681419270120375292497753288337324077155173485472846952640
858591469626300086888862375872622414988935600579832341798864067394707014882240
4088105011501508733492873901438434927144171275359420018873796176179037843784880
18505915716467619624505768832855662879066189334645449930269628495337630555151600
79839990152576929239233032794015542897154627444107700476492040861499126892466996
329009971282077006426035723693154149297936205468256736774608092974001667063612800
1297593031007909753536024166816971691248467224405018881248998528628054744298592160
4906691652680794868917964776130940830002598256075046384591808669449391048104738320
17818384457813442327606606972498444019441783224268225887910935478556380068704345280
62233342905751869504453380647344464248979521294026392634265998544821630179183370048
209336104336277061577101582041054827098256047983233892037266326461107553362802979680
679006130098211478008015673970684378111611073789277552133412487518342266512288878080
2126233626782294212550057476870514451991369645527418302771849547516870959592865376720
6434527859404542500763610188686407050428998523667677518773655092187567542702004874880
18837229458985788508262930164249505352163409569787913932489717730155687773896856361124
53395820790179239950544823094166806758643461992797834270580035929332641784839050192640
146674542297065703965192924400433462210421494711829650201664631447338732294345176276860
390752301747547031882400107950865320695458038102523392688261187307687376383919085771120
1010338424195949481914522827182151437018414027427997987771699237345194089909245579434400
2537167183097181368911215068696596094736476376251876561609741598116363846006436471280080
6191951904395064482995317619538493303452295713737757030113154024656328506110977513593680
14694823397533818342172357794280319511188822606420490017488468889166579021843964558927680
33931700334453322364970571731101018155593587254190433754567366495717408147257310737893040
76275120037133222841561626217196730213700989631589569212301742367542157284638280251750240
166999192783379025704275414252467303397618686250305648468333738373278268417643341988523636
356291836284270049241375874921509999225361055702920352804321706872788096020964010831946160
741057407453486978234082303886932875526354444943208635860590753138864596416351092864832060
1503267482069048166393049046703498294296170170945267372904932627596669162150350372842129120
2975317626204138787213415774357669824655889101961739580211353295042106929550832966158514880
5747888150781488165307250131899126391251117690408051481637764127220479987151784638966605872
10842216897359537002436243702475041367452115542583223093530859524149191495928044765083188400
19976153345086204287509426991862935729817848968589555661608507984292503381902274523707171120
35960989599255320833140539742408375719396285009607408782247929570920115721319299161685282720
63272173786817096062620860527968966238859522661096082087623919563049666887650564059360615680
108838961756996511753091465876548035602989229129974729744874878815407259833305207875208416916
183092246863759497533644567741634200581770871116509245963055374410187721456918192786018211280
301291943420015852191651453908971209364086966061372810430016223330247396660312474217374408060
485121126267944656449314161783723585879994587644005985258736332976128241057384859868263501040
764480565091582697700941407227455284778043064695475791231179481144931925365016015253958513920
1179343994592624887653417315925539313159614491085031898462843472546415810206602852040199923296
1781445552637605811726462455793963969261544037485821671637931831706398991867399234579420639360
2635476351956227271826046222243046467030649465431990674672763375842263600989316398398527678400
3819383738032523895586269173957997353669177338748496242193965715429972077277886810995089837760
5423316757828783275615834028431175711812807368603884857728590102970000249681972971574089342560
7546770001626907003360699949784642867549985365616257728645933754444324495231332009084577883092
10293568712948259638314026115202429924340748485000789008905503444448932401959009743451117383360
13764526116277872447627225175659265644947180430925611160278645641063740756146634567229348927820
18047889554170340929105534564789055372200163325447821518170373893529898692115577909999528180720
23208055089546835339898556849669094026480110110513225034805212408381177272637129865179356025400
29273427877567396998498275355110081189460245417395447663372694773561172808028811543246019317424
36224674958329423649779487529149993770324834348328458345917056461371058595108334928470015138000
43984883493596822359687061858828574776766009811356225078474290722497121862210893653623018088000
52413227707300611320159307146977329301438405594390609589110186706593147223043590312832437140080
61303606437100981225177514647083292094642732668870821309569719849888843392301150553147191644000
70389318165518236441188586665439696425217544734167364745202141265871333849360265715648769665188
79354214013936930320361306982120852306148716561051236314955866713533539756025451759162205752800
87849981167581504257273090344935135601694235431183621880246030824396491485744703167754335641420
95518369407564583058689206964926230966521924216565944029842825451566650278173616055302541202160
102016414731956880623535748933205085322194792156921078638783587225155980746252535721675125693400
107042168229274146870708413946438150974496468359533850694402311233808897962628048289197218124160
110358209937105791987880975453872734254089547609036799181369051267137185887357654329062461702160
111810371301705462378035135154755765143843207716124840909311091470463926546881566899919663953120
111339598267168469455208484533883342500190609315837250065958481428913171553376701103061241144480
108985688915179143135039736990432729489172115464559022024428926455562071099006987808268896956320
104882613088307606743147476374413828311041628179706042891783727136799015666756600026333673426444
99246116711847572173296377278203379808618458646086496967227923006363245395427392308203497729040
92355180848426425954577963091165350769648393322149411214285414017854980732061968441904486761980
84529522454190033711774711179763754134779185415244719708914713116955141794717850801852392043600
76105615771937019555774168195882854932019108921967721976309141268625998609338068304187339572520
67413663484716852185667493746333128832911456495051536320997219833208615225329844055498681592096
58757594194349242261471706020375607037928612919547400944719242686456002509443295261482979685760
50399590030154260742681881646759218391100961170401639028132221728841766730361603529741965959680
42549962179856243790213800971105052293961331037770580514299219595020968865605378006796006318320
35362502963013827711033470911136919117914987717055353551753098594846940802168040739121563654720
28934845111245122878471903865247857415057863633912313180161186958799775073871078480975465615068
23312917688705277246224395446868214673837553159971135616818455437887199987517786601483908453280
18498334434868339640220416613340215071038103208734175337770198028409507157423169558870867373100
14457481815283910564196462975483963982177307557397886273583197040072253267156960176285547622240
11131161950118489499635595069432689233088629714382275413536282987297931945460802262315463553960
8443844788303088071980299770589038986381936176267127145152177054875847255252834409191047112720
6311843697570978572636006845995338153601417963236640548104751182959388758838744446997384187640
4650001847423456879693240084629472506557933838399038995795208222893934321114266057326348677360
3376726033160347328451404105878553852995331043197724686395216325306803697335124331875929103520
2417405556031273303792056885159344459693963713368813012605519762226661190672357481658736128320
1706395207503826693602240630443572724797784617234027797455841936896259670810758775395517043388
1187823211045633363116057474740930515132744140549263647815913637331253387285907181042397558560
815514986635717722636352768146488924051112854507088961499844792203814819940225685223584166060
552314074248575767985980514154878388150216543769037394069983388434430210788680102378776270960
369046033290988889803000748727231582365750649696683950675517122893100500374038475760724552920
243322142485634884926437918822564281577130980484933215796105809968691834920524156141974792448
158327332378023092504264292043933878381788079029227146131055558581345375342469130371391459080
101688054739928017892878480450292314307839495557750241373255844569471144439389173456444637760
64474865544350778412126373474233042435941726979678385284852287289497429028177825042566667440
40363064299283286838255657634333655111489928384595659931060152348347868436552141742068061600
24952710203708164009562963459878511256504571376299264536697832589677845747117963702837387644
15235542937953972461007248486903736386053314967635199424964669501227260113348694748206114560
9189067276443351626080654767700960767484951926424508109898818139656819112342770251818412820
5475512768148039480885028781363345048979051887869380579856292418029817278730668896050684000
3223921878462926206304170563465829595482210569672102572682314079270386245181538183247827240
1875931238505892321746481790037021275094666817552264299172781943448141334200670295550951584
1078917390635654621559167594520367370243857048115687847627991948661206242026781219482966520
613429038246008296122190999491880849756785877501347632580530431613003104387522622418065040
344834805896126463509122720387670599658374596269151621973956831577984451998357209079656000
191687594785661211830125722837525765334699635229335546787558620786166729258210462820095680
105384883689584508040171241301372618416270956924428362237506727246632603120138659230451132
57309812371542499557327995101653108191475353730166392113276367021777802773962705403990960
30832634958161207039657120920540276314121039523246637103941579123734942640398001812515620
16412985174339617813351182640167603930792566666902338016989530535150702769732510724289440
8646169097383638332557707128776946312283265639424947886826791148937047314605587697919640
4507986760403511308444697379047958544903245473743512039923551364593834738192341235086416
2326630644061926494233931833556416397375324009361859781251159713064251203177225996825640
1188833099730350260643099508799421031395065628386527826042932189592516950448978259090400
601485632240815500979887993632551348378758660024677732618343619977672318547086080185380
301371649823873909080584507485107907714281386408659539858757073625210713444359902831920
149559389142235965450803919521758163754783493122328885662679963089828307775224824779004
73522459241528132892952249545724156847228629093961008935964384043755485653637031234320
35808146762606678524575443967011824383143529381557120261053911008353865413208582249700
17280609992956804247664594948637203233907058615352317053735520489482195558504249364800
8264396065847757818512150101838231424260433097890819831573053111467448549633807913640
3917391015243410052239817089836361481998054444222210541797936989066053575061592617216
1840665509763440784327625719505312323500979868000070360131825000994357588503589876520
857438272469896421689887943283581529636695575043888707245903250076770861037409579280
396039279222381853246318909774749357797591444761536468668969794329044741644898740020
181400263374865304042984151487170874965281202027974229029219381022088753948346733600
82405870109762924387349714178005340136893583245067290035286773673969704607743134940
37132550607210565323657191210810696193286603737272341067397115583874961953586549200
16599045211347476457205012953701186656208969435433691815348874374271594433514888900
7362035659161363840101979316876763999836732134932380781950661205873299358108349680
3240063290808280515904433865401336092667934784719780499964819196258809903697230280
1415153757861457572359205330028012084448731172352135925800323057097990530156852688
613481719048474272140460032847838080431497737804278565674456306219178754872963720
263997802420593390654795772403813630504200900418277724080944585079647394172922640
112785183248110871812947116186390714432808625322087635291774188959238276718700820
47841936583581217947387315850898998885573463089429720724294813285083019749186080
20152173415501417286016698055234054429767838224768919790510811822585995086391020
8430290234144188962295395495513342143885628129267104278368887226159013366762560
3502848123835579948805285519108789838767029951584927651691409848749652848618420
1445800940466965975962434280215337801771669823756135225119898481525857148916560
592862548509490642919521545654041790922643182117707849062837138997588217779480
241550204964745008596765261473827958236902583357194823032323855600206994186080
97795287185351019198853681351741032314121113784329505650299680057298595562120
39349073505525018964625441326006238758110019456121365911671467574723804813040
15736416454035416682772642070141643941078052269535690931859277743032699724820
6255763838710242315168748375721980223063699088477169152956502960511842293280
2472328864626633260573808405923491847808740895547004014985088059977654061004
971474813588840788956620442452115837390943010147026326261892139550971374320
379580702512994537407689836578239168255072061416558667407021718562170421940
147493100669677817926937719786464693175624370364199953559179915704938723440
57000925731568736802311334715074742679934330559491393897903614635742031240
21912013160570502855111648271187259514978038162759036995165112557542078560
8379542626639336646225076756344758729567200816986444077542319456335692040
3188184785979000237509615301658235039955992520549166027814316872262269040
1206977756496835042211278622632916418818402849479412866973326445016723780
454710685630806567370528504039354066619666731401859581985611283424099520
170489922816124972722648895041725218647648087785482187291151077612162220
63626427925371876809422527101692596666625599090824848746222989502922560
23637380034112274227524167347111711065142297868628872757267307709983140
8742424412923750234966945975791054976028457544324204169842235615215920
3219460264337848169576467612569325606149481266924277951146109465460760
1180594802941000926976853561984555555689817428937815129023791822548272
431154925614068511816235737024210949198641422511243182463257112028920
156829831728036264965290838089273115740896910375935939238772243091840
56824425571663101760131485109744384341917417827751371008986255569060
20511656362371286700154456893868163352804716650855546434579661917760
7376900984116288837264899455654027353836636304466594776061295523020
2643643670092259402082809413183265586268543552704018001552253281680
944138518172484863708584132634457230134635339217639631674129767060
336062674156303107776269868034552995529465588281297013078000749280
119235148087446610753564810393485281582606528114839281686256760920
42173061843983035488699927789428101935655884425816131017252400032
14871670136259116905075462752359571333503034787972568871191416200
5229071346665542354783610176364693358719748814004741985263152800
1833476802882727587328803641283709865156718529017480196486569540
641146653681767071387538078184963685653620528316539699266063200
223622074327156655539246493909873193222753834961930864750420476
77801960273315804805435533367754056622846617173429217726652080
27003939379884481974113901578358167851752058806540239612938800
9351156819052659714726199377066708783216112212626185765531920
3231057983533586414679852737794788058698040903315278716235240
1114046859565663197270211022757446037142685374645492720620384
383334568881191976455815202710103163854046036994040264127480
131644639964229752369647693684578978953773294801368402255840
45124471712326746533943083614486233671180023595121901665780
15439601195355415465905761494340705882721920312046648180000
5273565783993108624539465575014317365656650012247852398076
1798226511184097333436157251250225362499199180985351315600
612183451162695348898797620231890516290630264278296224240
208084327862526031507709625933291558455107722468692826240
70621870000542483417262829055965108648282579102596091880
23933191138149867497018819404575975575569330828233935616
8099181728408388132963296329532871193713322415612310120
2737010958578637608092831772346377697100845037634994240
923678234571521622308285986667408899809152707644258780
311304838102482013338227124660464123858904853371251760
104781012672868181799011118616017975018737023094114988
35222478503509157864534020207161474373786341658891440
11825116762959640823725272758876411121938171560384320
3965020499850032764886743190812064202140817863568480
1327837568681661623453315017467342750280350119989560
444127737100952660727835378071101094086650475646144
148366946468527249745929873001638746468098953799640
49503361526076899730578140296757351010527843127520
16496871963356684602793502715400770467486809452620
5490833149958269903960287666183880566788532182880
1825342154864009119546586790234591070752140855388
606064376209193940756718763318684260862785748160
200983382704726519936483061719471118440877498880
66568142413441297762038551974680001580592238800
22020902842852829329328730995715524116502810880
7275507078515813069533911138800858710082616720
2400753314513173292913167287974037323364141320
791196208087744123303425558430799012572792800
260416882983482892149574500600523735389170380
85604751278903739213011681203819171584605280
28103831871900613226281930383477970840287324
9214396692545583479599876495794740006492880
3017146116331757143028332687491638564128080
986615245780161093258549361836371721915840
322192103937032941685329106951229783740880
105072886647428267423768924165536017218112
34219036636150174703700755501779096523640
11128545116479695695158450673658943897920
3614049807011184320024665450854054572460
1171995894491302018798109927902264058400
379511344737214039980989831226838527780
122710022466434941481393156807030436960
39616959496340251792334660617324282080
12770756448878094040247903986234209120
4110307299412357601977078170799050240
1320812569256031943107385084482832368
423743993961374190156575252198982120
135720906267034765464574998915217920
43396554360552917606392659574504620
13852002532882222684998028472444400
4413683729030584770633764677973844
1403791610009601038196850775956320
445653389274450696294712403373840
141209560363502299725046304023440
44656149576425702989196481877200
14093710982312667427055261328000
4438862629695981472601666329200
1395064216818858380022730391760
437487125777312779380753822780
136884906930665435008881024720
42730155574144606222920802404
13306674941231515572144154080
4133579387013409540640262000
1280759284173007176250658640
395782592197006701545898000
121970150184320069086815504
37481169480953535219056640
11483869388582389398363120
3507859198167295281864060
1068120599325327054079920
324156076595795600531556
98037861091127799152160
29548136234863029090000
8872516460507650520880
2653490985156612444000
790448769668737414656
234583274761916505360
69286922106005084640
20359618621316418300
5959213847994516720
1737786731502711684
502841292374283600
144558294836046240
41514742471197600
11871751391426400
3336115876453488
933723684804960
264029240029440
73692358748160
19687002469920
5375934216900
1519654338720
405529309920
98240317920
27222587520
7869954288
1873371360
377196240
123523200
35622240
6399540
930240
524880
124800
11760
960
1920
240
0
0
4
