59525452695863368704
3698687972874361218048
120119084644976433886464
2678537824588324195790976
45768176566571096594119872
635815001480946791240690208
7452535437156663209324957904
75598932322675798209986616864
676082714318232771246038467344
5405936045328432199734024178272
39078632897593536654400811972976
257684858233232733973926605801664
1561421737046820563934801826518432
8748139519552410293887388117092032
45556954673740682328674249591667024
221511718523785407852644793577708992
1009585505329000632992163929517053712
4327964571582951715302480521138235744
17503817095745365039874222588886468552
66966460727315135389248595268259930528
242940388622481621524674065339786565584
837520797393988870029862662425206297440
2749089924886288452768346437709438738896
8606849770092852960833399988123123641424
25742847857950918102465259865562487181336
73664879073217365190622862888277629786144
201946747745069124070405049602981770759768
531030488707167891424850321663350910859792
1340911350907280961474400803753112364061816
3254866853686041287033409645587483088738912
7602216622764386932490072729347653204070224
17100654589775103080427559074722889145246992
37077958455108661030823860858258462609435200
77551616381024734147472612765652547151351616
156587834549787491975380723348060634801143416
305434794723587663072519432548872962288948736
575912648179822867102170458634377293352235744
1050368201633552043949392855805977258705877920
1854083170583779381254656868942216256616077392
3169301676410297470462229167335902580461150976
5249020590923095805160469277293168137029635464
8427480862186430310204559392697625805346665888
13123165297351467226442885995316586853764766032
19829437564690096588034100412860068794345494528
29088204603033238305229190558305599781127771448
41443545399513571978148627251340788645838004864
57375289034868570397099921549589672940972035544
77216821820258170184305477019581453397820895824
101066265955958988700405849662433699139695077216
128704497787458748653679099394499142892116214064
159535970553596547605370105261253522465820296152
192567846432215381057155856192717143026437766912
226438950403856878830762001178169214572279883272
259502804603833611444254802809329521757553363088
289959677564648440902386538688148710386978456636
316023093590294405147527955217212154689615906688
336098758407400465559524024200912267501396019776
348950213827008265475947315702162556736342882192
353826739155125248198916408992619311561682458968
350534931770645919451839756726740072100645539784
339444768123490009031254868131847953595592368388
321431736151602676863867127177734073308751197168
297766572209486177618433422628431743318959528648
269971301199487898815412321385691816597830179352
239663517400996174004741716667285796686047682244
208409975044073090115568193421904170041399887632
177606291164697837024752853688916247169200156324
148393205466263553508139107416206292145326403560
121612905049892570009351807010783441462504755100
97802752622186109545589572476592215869101628648
77219277945249285937658071382727931932790376568
59882898957282023219128996486552618806532763088
45633439588318957981813063069898470579985470944
34187667872143738850145495673746564807368910792
25192186068024132704376657938290548317520939024
18267459253885784660473350293629254638879763792
13041082525361697340141092457462190436653369784
9170246151171819972328868597622486659853486960
6354626781165267489436224460292331184515042984
4341618588567584716268526394683336401689044288
2926021338074106764041835650958869080182954328
1946165026942075324214523982407651836177416080
1278116847506471384954978264242413968996957184
829205969700245792107924824036009793173246600
531700412037235345066609417192945073202715128
337128249663714071699032192029306935537654016
211473714937409141515450848896839624491108012
131298113230785625442707101908997226440937872
80724784571188787004270745883878087949192148
49170467668167632677578976053737233860338064
29685903232540793962641881006108839287517956
17772165650621457322682215640256153167202648
10555188213246212698957046005954571217563964
6221767227826158497189706645729269234692008
3641371781571339199159746220300431508377996
2116875834352779464559369408318730307626632
1222853152274752296313954010821703327825004
702206272191411314859270631528984415455728
400979895291495070916682236753396296476864
227770155913767191402459197534063620263352
128744522561895993779365916117850533087448
72435622252301587693014084974723794377336
40578234396174187053381726616221284270484
22639656505286116849768959594999570907176
12583245617393038150939042104700680470940
6968901980362976976974929080892007653440
3846626082856025641851132651068448896112
2116543565920417033839981886226739718656
1161145423809408834338980215234752622636
635231267303447512563158789224801170624
346601266123387394688642048190295486664
188643781672043015300267788858932016896
102429305757482398411078176528441133944
55491358144298012688865190003341408656
29997909236526891184435443431524727184
16183102329265869159372587190100322016
8713132842936114478315502037273578796
4682325413290662899450091725494766736
2511615782134389047144963931421763508
1344856255814087669860925286850709040
718875446072297601636690957758284452
383626200752453215627095521544909048
204389841479069952556939688526642060
108723773669660399323729286959595472
57745739237520565043306699209231644
30623874801948675558569739786111144
16216544275082964235900135788100296
8574848738101186506580139848746504
4527678087450399203035450010697888
2387346780461769619781580560666376
1257058495003586711828466183663528
661003615854851310739001364976512
347110881024490388811679354928136
182035349735046084304184059922880
95339499628380991491008036237508
49868425529800936994435407066848
26050715796516638183317643705244
13591269228808018594244942532216
7081927026398415285894520526052
3685515928968911713465211878608
1915598590470030103198092100440
994428780932761810128567986040
515595416063524850201340297600
267001353351950615064197960400
138098654965193426350443718536
71340999836403086875948557312
36809893263537721163019996504
18969989871935328354372069864
9764455934038201513711576416
5020053613181494395233138352
2577796936719530169442573188
1322115900814855364010151896
677284233033679594591997988
346539568165380590078212512
177098420757125941353751860
90397404382468148001030240
46086720319351566042449112
23467825855684459272262608
11935626478721496023771880
6063046328754959018457528
3076154268491172625948800
1558815853083255976256712
788946582478473965387256
398806224685098714644184
201342006301511762790300
101522657461815131015664
51126395021401621823532
25714212018562873280232
12916311186747187403820
6479425205453628260784
3246178809194839242972
1624198601900348430240
811561848754773834468
404942580534525307056
201775088357070915600
100405744456880160144
49897369286186437800
24758685714861806112
12265981665829444152
6067391876574307344
2997668207773104036
1478942157565807776
728456336854561440
357943857021371520
175667197496969196
86112264050517672
42177421116635580
20596964343777000
10031303782453176
4871448642605496
2372058175352256
1152976075790976
557843323797468
268053481331784
128882023971156
62049938654088
30181647824532
14434089898968
6768494554980
3200217516576
1541710186020
743524098768
359320532220
162180610560
71417207880
35526786408
17630404056
8300314320
3772042128
1475746992
637465536
405499392
190482624
77866416
30390768
9156888
5830944
4862592
1599696
487224
157788
27864
70380
46224
6804
1320
432
0
756
216
0
0
0
0
4
