313587250646570762312874941505864
22653131326835041607616056855672064
835372193715575010855543544431909120
20934812191688223313200554309044284672
400547059971707896549970274919955391768
6233551207951795225502787178709166385920
82105375719639821186019581218871217428256
940523137889014336405216639313349920400192
9556443532813689652070583964363444886508336
87425386685110369960974864348984918183067392
728557885333984024635544182458854383886854144
5582676028119113148625257416939935501374802176
39637068070662004606649685851882515557710377872
262429537367207889605878514215004690477943458688
1628981046736984065516883032983728069356149504736
9523817210681374505588468194945089936515144362560
52653103282848985144907353256673099256104984145824
276221926005631332322370189994545440270169908689408
1379217876143430808758013559485357201342036246740672
6572243640940861507645299492587979294598009157193600
29959608022390150348476744242797980004141005547888752
130925817354973148248283230013962375726590544102053120
549554917822090559681180072822641579933507619616096960
2219428802881235657460614360308012989627909285422905920
8637571623073717133734330383997870282019228493312411096
32439611072773009453357394221127082894905164997917392000
117720211505209539938592798685722980041189519489330905024
413263225867338999951556048032351224549056927867426886400
1404973735875625021631933845109778640551861713325226426776
4630222975180185491209428319263754805640990072439565577792
14805381939394246557902440280763165885665345408098999762944
45970777021649244326292662441751099908971567696487919820416
138714210876031291451845112777806025532230461858129376217192
407046377041475377369197964910837216747774158095335313907200
1162343780172170304005438916966806389686748200207948282321984
3231886738224590823792425960662943649031769425149617617529664
8754928652914988798885871477064437715874978784242161662991608
23118033189590853148383986947698647153865230203868945817093120
59533589613614731739170435539954367047773971261621295885967744
149583241135894500522662262577526250837424933279668429629039232
366857285930469320104297067758280297105361411046864735388131164
878569992642057431532522399014153307983269384961923524176812128
2055328712698721436696705803005846065351610514825034733893747168
4698536178980963708754434062564363685585736544340999685837617184
10499332355883899263630688458938962015220041262681523426021452720
22940963252471494838349517822420964886818091512339820756039360192
49027278994265488085221524726341397702249695551706569569467032416
102508140999369539578586603531554722505162435568456238650005870752
209741866298938676081509510388790240316352861594326214058737945904
420072215448100721278104644967371782584141878909771916595668537120
823711793124764818994206568948216700861707366676910328625000324192
1581738180510915649429336622175172279012543281535218174581614977984
2975040438434705930047767666730504083610375535025442724031677841372
5481973962833618161910468206565622738652549647988671731227843958016
9898058086292409870392938724091160185616329515659775762575995293184
17515061958206382402182532079440932208639364376539925583738312210912
30380760810475264219702496115158173415762103180636159488779355778096
51663611087012526289995591174090109916754863825550046499128254531264
86147240844944800474401916367037296958073707326038420117423622497248
140876190601788630052624015251537657637535792043675699959529555594240
225964674712349478548342760405144179703279141182828930435228296799592
355562180289439193719955889586491990263709843227007330362336867512992
548941920968707271037289336224088589023665860538475408653468004725936
831640176382814106605270744020073279013015837091159191723435836392032
1236528035245887335127349267634911114773250884428697176679241958493840
1804646383457451520715540760727261178393577975159744870286052717077920
2585587592486554075896414599334982723154131857202859552491331163245568
3637173621447445580897848668126533091099473880542051116027614759409824
5024172407516553111051817557558531280937360114230863617045570747586312
6815824748022626165298068285775529919099074139028262030000304186445600
9082031952593816823804511343498364962907524689106176072230467412645360
11888184154261037977235232807500587622927805225760615354313271458215488
15288785431881173401989540432505649983579559888411749888459107123382020
19320239401223252877937561157499736833555667051096608678643192399919424
23993371698142737060066271730849269478607017603771035497484130233642176
29286449587457090261018280883636131578283279757699020771241406344358304
35139576129032104948578833814572512919739708667656522726334934241785664
41451352563974088479058463533800925326011689564275827005902884025466144
48078594341669155745118470088778719643542314993852957405221531727120400
54839647590074984659456162536206704269664965563229526686587147438939136
61521499801650536405460570379267166204369908801723614441494827896678240
67890449273996933123927748988967160897284990767938261913420795104674784
73705648688478299183722320950033973932748443707399614406388534287520928
78734435105924836252023650639185083518762324133072985401758356367662752
82768066064812053921265365798082872039685609179170135458964647362823956
85636350463201298056132558398677376317769113652250687814225568267769824
87219721165078068178926535987477350975030085267761377082827170403621808
87457542098519476789023246374720265120226235200313465664804961028721888
86351844434882161142882756749229268975341403946659781311749261403188448
83966187969388612804491070124703879486033970262133019803217321252943616
80419873860999118957813887901227323077922332571306013333207862106600064
75878219701454341227479441493114395851369246947062630805307369429650048
70539983645217978854970180929792801371790829981619344359910199561749072
64623247157406110175435990827982658444951318679680222048170338608069920
58351117696484630867427972367728576285600575437042533219771691361422176
51938501774894196936142072767752540817549973286794799366948865490783968
45580956415095522646687947822207810982313956858847508162816900640837752
39446299367163657369909532304713461315290420444583439452720378221856288
33669298039385509626659744516303474176879852633912313722223535119383392
28349413594812565176704325776961252996357086406658068000861533850022944
23551289841687978327260066351112476859043627175742238609888651833004512
19307471868462791374833362812111169702499274558209153894574430435903040
15622726753439766096016642294893484880733459891200034966455203388745744
12479313916301212711696627143150704668389809626719879749067811975621824
9842600882172404557221896663536663487685389812958242369791432576255780
7666520197013228291519587720742230033506867837961290897899036748793056
5898491855904036263901058268915603294450969911894732791653301536300400
4483571544033843341967126613142607091645639137211486975751505638832192
3367711199253888781291020654757213500724005139240499593460100205088592
2500123379550465507344285033361608233773720875242708996540654504153344
1834818790749508904662284247284967644329201787299361184087796262897840
1331436114475062388003645401665716491551924108455985991617045134993152
955507623519136238547400796751652670337765331008078810529041380762424
678307859641809569841812683112586337654012553682938463086804584316256
476421684975273469931608712621629627760659378104807566658605642528400
331148011483308759018349409125369141363045264805280813263279741149440
227831385425292035763932758292335782015854707243353444497465243795028
155189134531291879293659072210594314268146301050159336632377773365216
104679527625042131176105958899949793452455545533986823692596015267024
69937785715216000542551661323269675828034907799800488708819351766816
46292357232385266356512396769060699618344403601744784896718614052164
30363523735126853835149698725099606000729848134699430898265258277088
19739636286531323231530520332242915246151589914714308475955138328480
12722406623026034814603439866932486479872199764046474324763239723680
8130961850650912161818549813063322167578995468990289207682285836488
5154146012056541130714969147803292256509650557188064821249430156800
3241256669578883351296953023782786223475813462776753836515632698080
2022608685103541550857856470408134390503792055716548182176247246080
1252713725253152744501186320004654564000965224185931797042707424088
770252235526899057704542040814536389310274876848441180958545242848
470277986201502335420528748123209622854981328615548147031030895392
285177924979764897709492878006816638665882459740354224708733232416
171796880235339493298518993003088179610622680831771964625545863820
102837307107082760009793823940292751145615820193025946854269628160
61181397392829724457472747798712200366918660577652977997709650304
36184096686119911491631411713772470918154949458517866605846719712
21278505682328513894103128967338068466421064714530800678646402732
12444683746698900210761498344537305611089646088780977750753236992
7240007647874785809253691050893534568017939622963317534751769808
4190813408574775737219200685384274177457501857294669786166721792
2414081894628911917392301822867839255366999351541737113880964056
1384167583437770783779747801006243109758408533150102123258394656
790123985230124587330906178985921501042873611327424185300713440
449114169685492172123325487728794926280548890863963811545390208
254247262897950051634536647222774413538583387600171531531188568
143375462011838098139143956845297601373504963769246062043774304
80554759374910977675707648175492213928419721845329306714083008
45100560781576787509828239188852204966227676351170985902446816
25166406177378350114511466949130666162355673441487097281443508
13998473768210155234239463092039555611085949638757110212950368
7762999798715386527966183471366399450058995712558261065382704
4292738612434985995658555538199962984932225782436572941669024
2367332354724914524841769620654340698938028387405565641240268
1302162518249442188975719937347661966336614796608084705426752
714514170134686100671125635707354282733405672992712882623824
391157801756308468197406036108350063791055118238731344194976
213669088502294662494916777009185927830495224213601394023472
116474342634339156083452154178418733514218002157700351344448
63367316157491253385907109219785121250793070356906107522320
34410561052748806406022193395718484671862538052239987881664
18653136402706540192923260979261084265232816619522148013844
10094512241163194234338254402089941392686181381760156505280
5454178356021488813245240163663747305838336417767845577776
2942514193665696184733891696716512257543607263185816847808
1585204771290660797148340852588878072900807915899441754780
852824770231787417634757058229221800666385905502169119520
458215463099896219168249459274678595054170872742436560736
245890051198697238168308263965275585402196925199959679712
131794489507927138156195945983776942321911306858755729000
70560320425009965550239673939799888279694650426730038880
37735575842560988707736160066611241347136878675853797856
20159838541522702439755197655041656153123581898134089408
10759341138819010425512213883253212741472602601881667956
5736702727242634853470410261917171950427922518441919360
3055844047694452485836702883381398998359534774406863264
1626316572807470957183126857537335496014821925437485440
864760384129530669810064211393992118936516408298130320
459424298520806273548388391605065180721935523038668384
243876146298827130782018571799537392435103799109804960
129351270584791743429717054141272106024738639334645440
68552942997906928344854311543732451562568385135286840
36303025535277190831653611668039746920911580252934912
19210004534821295105742374952572021306851667415666240
10157481884398901253594590617636278868137245810031744
5366906849399590537473680335113554695870651476786156
2833651576674463700076786277629186813633293089606560
1495057052017354426009088158236870263180249939807040
788246673777127609322595387333800883104888244396000
415301377658034287987174901343124852889744908821896
218657762313080994888070917401505759694185921686304
115045569637713492363305082033682610261290877742816
60489678902332096666603943139685457277720353664576
31783499597280656365782871366923766407171849491340
16689128821073942133585942150853740467175938237184
8757485078980053642649613376040120572975493061424
4592413940003296111050311073730810415894589401952
2406691717317973074576006125447698849791207746196
1260432243747597655901413362415568060994188081184
659689851341380572499762525651228383693730227792
345050678469034268879335161153760344219007899456
180364126426764707392696364341932657741123285696
94219963954498968695732285264432027284512199968
49188365888729068310278331901797830717869377520
25663131146372038940423093976369038274271465536
13380911001414317734117192581412377740066175804
6972546574645708845873412787376594836786359680
3631012081308625968278091068695418450747071152
1889710311336852040105228183222025218018073568
982866875659647906297703709602453538007720648
510889138154829532058584042636910515504281600
265394331543139181709157305991406568343507104
137781224039118391470041215782427554205688256
71486198011166950417475833649223437274784992
37067081364940352331152420823756990406836768
19208294340298974450585289435283636778191952
9947719796606551606142652668099105537570112
5148641480130970372327162380659079420310716
2663152782746231167780644622115345703227328
1376682261152463035885532022091383006524672
711222283811078143956358120402634641009440
367206805345495455457315506366848303176584
189473927155365471818600257322665395035232
97705975110834454733197742577700537025952
50352982717121874325576209907625854550112
25933497350122015770350847758385676802868
13348365802509935403431031533479805718816
6866342508424712461475222952733768096896
3529818080474838747509214782204882921856
1813458981825314863261218090648758601852
931087877228862292122135734306571040512
477749243515602548062152088263087092496
244982200829745893078642806336964818176
125543125916270402979741318139982498424
64294500389860871851962304991361301344
32906045818959605137088573139444007248
16830497660882559325195194428086879776
8602722363153383502150313282212441324
4394310531960326570906377165070640576
2243156424227776244878600527948760848
1144301155047874711154222001136045440
583352338329292184658823050930633132
297186538591527284085853488071127840
151297775971394822526254851431506448
76973048633280498208056780417278304
39133163053043918883874157351500296
19881474671616262597487996131812192
10093615057216480554601709745850128
5120783008503432644294564446559520
2596057766374751762066044604244144
1315156310246498883020198707038816
665766561679235464507569067616640
336778653799267131797502453610560
170232061662858105847350300926892
85982184951629176371629636288640
43395211011185058350629876086144
21884518895008418951325203725824
11027818012675539662940577450284
5552582096495452680666042667488
2793498666735458708988129181248
1404251532080058170855696826816
705307972195712463422377051728
353952146989770523771556818752
177474878365000391536008586752
88909934984612178374027864736
44501864973925216623915509520
22254258089201992268743025280
11118551121853264318462603344
5549811205923156292920190560
2767562979099796562677209828
1378785522608021255603714784
686220723849228064451034048
341185733167504055084778240
169463551498586091920186028
84084600502522566450538848
41676806561654792602749312
20634148992618055990040256
10204325426209945435909656
5040840969907469542120608
2487411470453316504580368
1225967621853305104670688
603445389095034612840240
296635816942795329395328
145647114113488282493040
71435076359371642022976
34990319473429815201996
17109928012371994337280
8352689113128205586160
4073134396657792851072
1984571277482600042088
965541962604342942720
468604057553777775024
226868587760017728480
109747664739308552832
53108579316940440480
25658530704645209856
12343451901984262368
5914079746952725872
2832029386029368064
1360993765288657536
654080400408753216
311414480689648752
146968518857575680
69478657691242176
33115937489435232
15895440345818988
7519952961338112
3459500736539616
1597249079360928
758606968945440
364108681148352
173081371653216
77840839292256
33702760159104
15857063378784
7866166645440
3731489017536
1678764738348
675082245312
279123259152
152632738656
77927780232
33308491680
13235975280
4435275168
2098791168
1513459584
671240736
224708544
75593088
19310112
17604912
13875264
4076136
925920
279360
42336
162852
90720
12096
1536
576
0
1152
288
0
0
0
0
4
