59525452695863368708
3698687972874361218048
120119084644976433886464
2678537824588324195790976
45768176566571096594119872
635815001480946791240690424
7452535437156663209324958660
75598932322675798209986616864
676082714318232771246038467776
5405936045328432199734024179592
39078632897593536654400811979780
257684858233232733973926605847888
1561421737046820563934801826588812
8748139519552410293887388117119896
45556954673740682328674249591824812
221511718523785407852644793578196216
1009585505329000632992163929518653408
4327964571582951715302480521143098336
17503817095745365039874222588892299496
66966460727315135389248595268269087416
242940388622481621524674065339816956352
837520797393988870029862662425284163856
2749089924886288452768346437709629221520
8606849770092852960833399988123529140816
25742847857950918102465259865563124646872
73664879073217365190622862888279105533136
201946747745069124070405049602985542801896
531030488707167891424850321663359211174112
1340911350907280961474400803753129994465872
3254866853686041287033409645587518615525320
7602216622764386932490072729347724621278104
17100654589775103080427559074723051325857552
37077958455108661030823860858258821929967420
77551616381024734147472612765653290675450384
156587834549787491975380723348062176511329436
305434794723587663072519432548876162506465312
575912648179822867102170458634384061846790724
1050368201633552043949392855805991692795776888
1854083170583779381254656868942246438263901924
3169301676410297470462229167335964630399805064
5249020590923095805160469277293297019053606620
8427480862186430310204559392697893858827997672
13123165297351467226442885995317144697088563500
19829437564690096588034100412861221770421285504
29088204603033238305229190558307971839303123704
41443545399513571978148627251345660094480610360
57375289034868570397099921549599704244754488720
77216821820258170184305477019602050362164672824
101066265955958988700405849662475876560811712796
128704497787458748653679099394585255156166731736
159535970553596547605370105261429189663317265348
192567846432215381057155856193075086883459138432
226438950403856878830762001178897670909134444712
259502804603833611444254802810808463915119170864
289959677564648440902386538691146378594751560672
316023093590294405147527955223279546566190214032
336098758407400465559524024213178249167225463928
348950213827008265475947315726921242451204688304
353826739155125248198916409042516680847868896768
350534931770645919451839756827145816557525699928
339444768123490009031254868333623041952663283988
321431736151602676863867127582676653843276504224
297766572209486177618433423439993592073733363116
269971301199487898815412323009890418498178609592
239663517400996174004741719913464605880886925216
208409975044073090115568199901329375495028148416
177606291164697837024752866605227433916387560144
148393205466263553508139133130418310708199683792
121612905049892570009351858137178462864126578632
97802752622186109545589673999249677684232644312
77219277945249285937658272724734233444553166868
59882898957282023219129395292777303905247407272
45633439588318957981813852016480949053950858200
34187667872143738850147054489599648063345167504
25192186068024132704379734092559039490146887824
18267459253885784660479413339958009597898221320
13041082525361697340153028083940911932677141664
9170246151171819972352336423478171119125749568
6354626781165267489482311180611682750557492096
4341618588567584716358923799065804549690074528
2926021338074106764218934071715995021536706188
1946165026942075324561063550573032426255628592
1278116847506471385632262497276093563588955172
829205969700245793430040724850865157183398496
531700412037235347644406353912475242645288316
337128249663714076719085805210801330770792368
211473714937409151279906782935041138202684428
131298113230785644412696973844325580813007736
80724784571188823814164009421599250969188652
49170467668167704018578812456824109808895376
29685903232540932061296846199535189731236492
17772165650621724324035567590871217365163048
10555188213246728294373109530804772557861564
6221767227827152925970639407539397802678048
3641371781573254797750216250403629600478436
2116875834356464980488338320032195519505240
1222853152281834223340352426107597848351056
702206272205002584088078650123229357987944
400979895317545786713198874936713940182108
227770155963635616932260134528499027330200
128744522657235493407746907608858569324956
72435622434336937428060169278907854300216
40578234743285068077872115427900639198620
22639657166289732704620270334000935883688
12583246874451533154525753933166864134468
6968904367709757438744548862472568319816
3846630610534113092250335686518459594000
2116552140769155135026488466366588465160
1161161640353683917303216115370540722932
635261891178249461238717358964587281768
346659011862624915253685354889504718308
188752505445712675699591518145891612368
102633695598961468363635116216967776004
55874984345050465904492285524886317704
30716784682599188786072134389283011636
17527958585079956829233512476951031056
11224748625070503525460465968695342304
9364650826581325798900183450989533472
11224748625070503525460465968695342304
17527958585079956829233512476951031056
30716784682599188786072134389283011636
55874984345050465904492285524886317704
102633695598961468363635116216967776004
188752505445712675699591518145891612368
346659011862624915253685354889504718308
635261891178249461238717358964587281768
1161161640353683917303216115370540722932
2116552140769155135026488466366588465160
3846630610534113092250335686518459594000
6968904367709757438744548862472568319816
12583246874451533154525753933166864134468
22639657166289732704620270334000935883688
40578234743285068077872115427900639198620
72435622434336937428060169278907854300216
128744522657235493407746907608858569324956
227770155963635616932260134528499027330200
400979895317545786713198874936713940182108
702206272205002584088078650123229357987944
1222853152281834223340352426107597848351056
2116875834356464980488338320032195519505240
3641371781573254797750216250403629600478436
6221767227827152925970639407539397802678048
10555188213246728294373109530804772557861564
17772165650621724324035567590871217365163048
29685903232540932061296846199535189731236492
49170467668167704018578812456824109808895376
80724784571188823814164009421599250969188652
131298113230785644412696973844325580813007736
211473714937409151279906782935041138202684428
337128249663714076719085805210801330770792368
531700412037235347644406353912475242645288316
829205969700245793430040724850865157183398496
1278116847506471385632262497276093563588955172
1946165026942075324561063550573032426255628592
2926021338074106764218934071715995021536706188
4341618588567584716358923799065804549690074528
6354626781165267489482311180611682750557492096
9170246151171819972352336423478171119125749568
13041082525361697340153028083940911932677141664
18267459253885784660479413339958009597898221320
25192186068024132704379734092559039490146887824
34187667872143738850147054489599648063345167504
45633439588318957981813852016480949053950858200
59882898957282023219129395292777303905247407272
77219277945249285937658272724734233444553166868
97802752622186109545589673999249677684232644312
121612905049892570009351858137178462864126578632
148393205466263553508139133130418310708199683792
177606291164697837024752866605227433916387560144
208409975044073090115568199901329375495028148416
239663517400996174004741719913464605880886925216
269971301199487898815412323009890418498178609592
297766572209486177618433423439993592073733363116
321431736151602676863867127582676653843276504224
339444768123490009031254868333623041952663283988
350534931770645919451839756827145816557525699928
353826739155125248198916409042516680847868896768
348950213827008265475947315726921242451204688304
336098758407400465559524024213178249167225463928
316023093590294405147527955223279546566190214032
289959677564648440902386538691146378594751560672
259502804603833611444254802810808463915119170864
226438950403856878830762001178897670909134444712
192567846432215381057155856193075086883459138432
159535970553596547605370105261429189663317265348
128704497787458748653679099394585255156166731736
101066265955958988700405849662475876560811712796
77216821820258170184305477019602050362164672824
57375289034868570397099921549599704244754488720
41443545399513571978148627251345660094480610360
29088204603033238305229190558307971839303123704
19829437564690096588034100412861221770421285504
13123165297351467226442885995317144697088563500
8427480862186430310204559392697893858827997672
5249020590923095805160469277293297019053606620
3169301676410297470462229167335964630399805064
1854083170583779381254656868942246438263901924
1050368201633552043949392855805991692795776888
575912648179822867102170458634384061846790724
305434794723587663072519432548876162506465312
156587834549787491975380723348062176511329436
77551616381024734147472612765653290675450384
37077958455108661030823860858258821929967420
17100654589775103080427559074723051325857552
7602216622764386932490072729347724621278104
3254866853686041287033409645587518615525320
1340911350907280961474400803753129994465872
531030488707167891424850321663359211174112
201946747745069124070405049602985542801896
73664879073217365190622862888279105533136
25742847857950918102465259865563124646872
8606849770092852960833399988123529140816
2749089924886288452768346437709629221520
837520797393988870029862662425284163856
242940388622481621524674065339816956352
66966460727315135389248595268269087416
17503817095745365039874222588892299496
4327964571582951715302480521143098336
1009585505329000632992163929518653408
221511718523785407852644793578196216
45556954673740682328674249591824812
8748139519552410293887388117119896
1561421737046820563934801826588812
257684858233232733973926605847888
39078632897593536654400811979780
5405936045328432199734024179592
676082714318232771246038467776
75598932322675798209986616864
7452535437156663209324958660
635815001480946791240690424
45768176566571096594119872
2678537824588324195790976
120119084644976433886464
3698687972874361218048
59525452695863368708
