509663272560558846385436729525640
14881148761949087006011428224658120
217373260858772709191488273451520600
2117915326106597958191074865645934120
15478833171984368729535526698620942640
90465876663442699938289855780024118160
440141286147248069678450626682585052960
1832253083045705987226949730911711692600
6657332995003549686040996644644969951520
21431632028655087493616195196625858817760
61848495793296773181236573797929250316820
161502384964948664444924482751315502956160
384513876150340516705858136677759340331260
839984203466555771479490057052344158846360
1692639602003164919068321445814186545330400
3160532219585334475252193598372910346978280
5489797018985137474613485948423634183001160
8900899661934179583177708854738162244824560
13511352362019789477200950888964264665937980
19253686539081556695404621884494517749908240
25818157063892104597618318160695470001263560
32650015544590525410612750549791732610647060
39017619967318031529885375955492724081799000
44143433643236912770768830608966623854633680
47364885287010085665912038664627821442220240
48277796647466665211445649152828773873993480
46818918009813508972963349378630390478661760
43264788560940011354460331894909826367654420
38152503864132406610939728418203340435430340
32151929915416950161816941709115942787502960
25929544019784873329186884255765758478354720
20039440178341395031948579184140156024646600
14861782131357853462996612399837638983261820
10590986465794595071611524129835809988596420
7262099848466208866098540794786345371492920
4797586528074386090185947394927226617703660
3057642796061439550754178107268926076288280
1882416768392446850007369823650177654053020
1120892370896414001566796527278977842464040
646362581862273371142023653474540460569740
361399557559493225348016933638850966743320
196165138066079449924349426344187955353920
103488052672695146645610905258049365362860
53124020579237827192203565433034142065720
26564901992238823552575206590592646820300
12954236539482610976740078106664686522420
6166755292581663067098073039199316079060
2868685320340827263304245415237425116780
1305315512076243174108428879913351508640
581520213624151185987559515852944308560
253878983297551952483925036538925086620
108713422529697661384251668258926044700
45698549657665359305227073809544062680
18872955050338678216885125853450328780
7663704169188821189861881096903697120
3062177319119149723814306793241420820
1204856027435825428789540248102810660
467157439512578275918086830308724000
178613798396158713006411264490474480
67387832372225184012129299194360340
25104125849718522471719928166385460
9240168811917308896286904514615860
3362419445414902282423901857387180
1210372854221663250068730313166960
431252957574617413248956812781520
152171425504778791855095058551320
53205527435825319788268228761680
18442904593177945134742239358320
6341158166695203713838060223020
2163632108687642778513514726540
732948293585878877810574984320
246619871412254884170895177000
82456911910638108279081060800
27405587196536054229828334020
9057783341810253705492991860
2977980887656580460330603760
974257893936467450508721320
317249797964952576279142880
102852785360533604856024740
33206162573855429737694920
10678223010100945019169260
3420867110703543075375640
1091942192717601056318340
347335624821729740859600
110112479314609323260520
34794012761554792087720
10959459533381121557900
3441277447673966111540
1077256875789993698520
336205846159419825540
104614233443031401880
32455011041771003840
10038831964726684840
3095927431492655480
951927050253031860
291808382435096660
89184271822161180
27172160786490160
8251931194299520
2498084752153340
753959226317500
226701848939720
67852172384920
20281943915520
6037341271360
1783507601540
523303284140
155643091240
45306391480
12879084960
3731385840
1135434300
306975000
78765120
25286800
7819700
1656900
339920
181300
44560
5040
700
1260
140
0
0
5
