11986831172948571139768680
251285419241467702471141440
2673164754165076701552968400
19184077422388317782026622400
104193290822504332157364548760
455627363648132359718261982720
1666988215135264320452240589600
5237045524187866142068752010560
14393098462631666665129731393240
35089755539425246097969244608160
76706662944638525450783059986960
151639999164235570334548349563920
272973815666808290601818222691720
450018344462365081365328588825680
682684721245608560372769048862360
956896016109238409705385592330560
1243659863908323357817731899673240
1503436373612164646492332990261200
1695224043000456569557554713722040
1787435937343748419924598451336840
1766505825068261349695107368255680
1639983179246263065509948875293960
1433237080627782573368415077013560
1181505146417880292760409248323320
920571904646898643208050364864320
679264738875594720109478373260160
475586251441105650215661579923880
316574765420800783656493738756080
200737123230985026688765693141960
121487185004578706342708505427440
70311957482008096914714567046680
38990902130057645233599265997760
20756957548402530916471749867520
10627946858746658183151055011960
5243532063473205032610205650860
2497311862549626997503869171400
1150167205613637996013997463920
513135233192373934221564881760
222129584977460420052898747880
93450984489496225764919451880
38268621229894166794397284920
15277178554681072484283056760
5954276510141999067385673540
2268986949054152934702822720
846594120127730377084223920
309725896399008048531517680
111264743007487900055435140
39304133481292588973793960
13672559182957382773155440
4690643248915247581538280
1589411545316323936843580
532746415046193140882880
176908104199868461184520
58287729901258599593880
19083328963788475177260
6217239669146878791720
2018305988021355235840
653655506106229497360
211420968610990345060
68356157038481665920
22108709575730261960
7157320459558486560
2320279853614244900
753421836197961000
245112138513876480
79883782400719920
26092519140962120
8534064252772800
2797672957998240
917324163956760
301841174327140
98999589788400
32665664364480
10687081086360
3542298498900
1148946508080
384045937800
121623159000
41482995260
12903707040
4473460880
1237651800
497249060
134787240
48818560
9325680
6659100
1170120
419440
35280
93100
5880
1960
0
980
0
0
0
5
