18526071030273611771489316241637088634298598932943225713239270738494244589481730020
1320056545360694063344278014999288767050954885016311271085797575466863794442390463200
47161761686496504306143337679722876091909139736629889270390923590541602717009068459000
1126200053186664887547664317425154606527523126105626275780346553904272626563723575742200
20217392312775558553097321685130778373846619332080895292370585019789929901700484497479600
290973525502882271129108082838814086440807116307315779939902673111014323964262416985305480
3496533230889580696739092811272933650053253747870590031984532987552119322668987635202669000
36076368664268435742112622198302075131886681795348364555897015630036416323436401888160974800
326194570673836113261728755233167740695071097059139029576700741221077900311302391230335696600
2625149062351454514594333590173818866086814456711359212844217818635551919159290490487972767800
19035612757012530030396432088856839870655268570279323094821129934907290597490031116773447269200
125602875052630839913334517532163131376888904665265106995331907476708302473998250648560451217800
760287119945932635089703827152605136228326386122866244430998441708292187523821168361546223852900
4250605568027174529195153529181327708864729310004323564447075627626441797221834229373677371994200
22076069194439275660722901804991309800099515208295044089842554060932683732300141241902989973976100
107038241517249629336483472472187745356273446425807202221116566244977892701739586701304076877209000
486592926233715974867490135080503375419824945189986340135518072811283881016617465917514456004568300
2081769094570593850147197431594500383209389619291655044181426617831698150352003702581567590189961400
8409629011303748801811279178694521086295155141759136582892510202201873740381072971899064799978056200
32171770674796841347391345189096128994335232883326725605103651395163785639763742747960717510843592600
116860317419817180426354662026657883090748579353386022392512982576053892347209977480201433850965924720
403996112716475067397884988355026281582388494488611854597854787275003631202346404220857053449507022400
1332078175927480442202931498429274967341232205181991608915906776723834529892433053347001817471183904800
4197230305647102862661012324232830703177384189450051413804732746421975275091836963553152415439348233400
12660170568080808156386443685312129795865777454505800615145295233694534887043227156424993668691580746100
36614860792909681313427365193257667679890330222071361997437790924812845385578661727173078162611602630000
101684758556481377050395267621195399452327261414607009566314347459625878876402539219380089743005334380500
271533489503460284624823537106117103285728386887879838095957394785859214103894610563837908758388165166200
698076446432674325266755819171234990843082180451859181295583539659404167054484726289496859888842585212800
1729804656136877217734247922414886054195747424393518421998571918948100734278423090915028495465125837377800
4135916752360054365525880040558021455095189407845874284103650139811963638737865234141330989662860493691340
9551261111542894997283605011584136566308183108409715105825413191288587422973862772809729596230614653361200
21323967648452999571864333029006385081197580297679684393504669952502187529853389084682573544224575433211900
46065021843615042559179507590394454821777643103078475330285500101951755076938693113981376208317711038141400
96366046473465190411593380733216459226559766276751333802667225178118640564849453919552168705401464876653400
195370030225718138685720987868612263568812705614094580969602204562366159818882868499415014215657230248384560
384135734846873355180274379397623914757773137945266157047344755094242484359406880596066176423566218505993000
732989715018660402864943483797361013578140282029602012408960571238949869797194800992130423528476902261129400
1358233287597678011570829555688694338702537539082019213802823818507658721939856785692552146611571832044620000
2445546142010696626844885453080015403440676035563483940147588170027527519767357146542036376283010653355767200
4281047702492524223654847160082066475033017699476285397553869875701107222192336611363671150444180846519399980
7290072738607571806429800954519209668882003188712375340433656214916650972473164488491352491333716545825545800
12082152415573976022279327279441959269221420474854817659279636844635211933475251867406683918109821178126117100
19498428057946613662572506738496429750247867710781077861034794161547334965692395032163582101093309879833466800
30654899251919706098006334827937805187065542738911830415013015402210058272907240709108424859054902889519495700
46971896503246341416115561547911334520229737113453903518771972638382002092278820003650158899954774047388586840
70177609285651111418504356703995742336497940386739643466541975654227041377082015208885159948066447764849307400
102272243178689932107135133887227031442257300527027394978236108214680561082012692362766060829580899751030162000
145440346395558896555789902210933126089193765086436626908389266676849234444907017105966154548848164052726511600
201902800288275053621557234355873359625453055483171431302966320006610579907263914466406572193918688351040801200
273707237414210592153540986575208817778335713420348006883283947901385077571393068184626793213113987422998351440
362465864545519975933993363148923576887857422052977337998269806985851587053614548966511392970797670440192170200
469061608890902119087844412405140689170838144528389766768659244563284659853487221725565387268637622779746974500
593355150793922391399383362926742756860236823648797333967191890757900843654606729553248938479215349743217663800
733934210063009434493073650948487022029238884639254448161472364514583976146639328310320736184845273230028687500
887949854630280384787570983491824608492541998182866770277708420610457338835959063002426713900524560063608271440
1051080658394059654316870404570321855714035032116955473202196633822587760516526851479259999185536075908754711900
1217653539726711175837040443728231412836371663092097899973463339910809872813072102177154353951980557374958824400
1380930989147739186472016785685912643643969920608288177089705751607839412684531377441884890861131081362791028900
1533550755525097005462715507294549881900518921048436715254210887221381139899984191840841656745349427423731433800
1668079828059580330653574243586294436386161651522344685618127665540485666364444232620775630690090768543427286740
1777624211977845439563713167318135552496528903939802195914797157778771477705844977526550987239990593571195887200
1856423634866500700460695478980662932167232207609854225452501475655005559046797699013799164909267151160901672800
1900358683709825841173764545610467007640622594667338404963256881932394462032427722516015514228323032297034172800
1907307695380377480758854921412189271725524685182692712226779155431574427238335292003165320404750176500644671600
1877310511503607354827036724909141387774470434401087522075972366050425335390095496502751857231136430018375583360
1812522534926097416707677260125366423163863820104762650992725783639199669520244887898981158298551016985925316200
1716970766454268565571710771537411176126309096711457598909241920744232815598546321431780579323748340079602538600
1596148827960080330618626369971306401991254775672650530550933377677750898890669461802314560742592033477112592700
1456506348951046676068317278832657170347069859176058455049889874518853412317373401376741931819938122425889194000
1304897012315066094424829174102990933084688343053855758707780237950498361214804873458688650636582806041446181740
1148048437503485498681790149262845467280347532872308760618549220663025015596306347479062415613979435509362920400
992107177935882319397435291716073125223198542920852630902876210456941569915494497960115739431239628899214791400
842296058019888848929756713164060463505488208748384024440348881795283839524528016063043385528848394634614780000
702702208422091964350161676432773951392118829113821212990397393201765269928180393938507079268278616359336977300
576195784482017975202044602293684605225229229381117882733691284810843057073837042406984081903889480822391723520
464464148556828442310591420363771712905031060988802047842309044505249332840461851830186593382367047048621918200
368135932894216652133329040874066589230124096139895606105327575191479428568745499778062519975769400410104457600
286964432621256427964882689351485348897245420943330004842523554989731481104902756520149184024661158442902832700
220039783130290162494431216674381345866022218442515503923029147429209568572791456281021684762066623240407715400
166003234014641954510517663647780526050408737294573716267167176603049124958879901875298838085277674169763216600
123243084950967199936215518819462115944842258610492004010946452907935608718173118345491422066095128889563251200
90059031536522433792231176760110410507172393850133131389672075113714998768034492966962887804008256342955893500
64788555025597792649020719737118099308694900683616186854109846019163994967070115804064832987063811848666124600
45894731465691283847176427940230919059934036764122817804514890107306507227950912631174558281886376750250889700
32018995642441953070802028071325653573584762968431162397835244404555559079654060564662138800140132817556120560
22004896978926292954348626222592169848881008191153951102718744740873414255609368366155119571878427712461180000
14899914758654589623764567534113914108595661205613516530089856904268238869635143618584327416029808445346666800
9942296274826548959703314882999133461278215236080842686771508811859480575294952693908100962514594535005465000
6539030535056686893862822700311344894008502027666486572418966174489524239890751939470373780064184246126391600
4239832092439314627597626182079995185651138625746513752714496091180081337678743443074716993393381101129179440
2710672521869146968575493678168186055540126956423020607162435070108200349753194980905287434543826184078200400
1709159567617031718821237671938124998131527230766811031836401091529932747592378764772212077111703090280379600
1063038410349499575967464609766895655860293104738621241991321057331207039485543623776826507473532780558999800
652317867500119801849346769115929541407017873150239224189935308957429634950461729907859698120779291065609000
394999258584550913446283936846400563484659955047356636484822640374028936779231538285577975688002306081047320
236070767231310896754800018458498326580819089055396018712491407031895430341352677173831456630870394515501200
139276807325620114343863292718204138885546162009292045696789236393022756852046371635601620871994298114316800
81131082202816114335257027304825209198969533092511439110003730104362010885173438156000937066251709746041900
46671126560744058295966137460623386272621382389527984882822725905467007183429496900038890217468409718643600
26518072934295181755759276099218726877937133457863617672723674584261740142641571618098004644585600485934140
14884965418177243034730690801538181528161058290191824867962207949334402944426882118180617913477245295104600
8255527364488793807451039082708703038449469397769165303731385167334212312107415841090077996795762554626200
4524923512241689781868430908884287891483261555933318701597135217758939862298472952078729209651801906399200
2451459712419061983274066820500871225543820067071102411543436593743852576921515175236743389045981926193900
1312992914865742737095977824759679611654487228777384771511153590334405454995649272213382287041786592393160
695345164602116835488360477786647445844369152603600753450973990054342821141160385724519346396819863328600
364178719887228371228080353876602716043819201221026506121080385044584779712945765406851797102876561732000
188659937286022360009002424117846044070104817532899126386750273842658622407464797335494690924941524764300
96687426418072905801093165504126699322151751465197580958318265542265368699188573290437808010185390179600
49029669897945371311804862497624797317957555686381680606687252943896460720431043360585533029203613237360
24604769425833207581484193517838956150569327505817555385820757411351798830333214964082200902639603396800
12221455620143642072796833118686123157559200378356909551724130484203518507647943268503654215180687905700
6009537438252783121193906295518571452808533835508271674956112127027893078402849751393276633445506721000
2925795822828595655193432565271076806788770049865847823310227354428820542359224503234497079635220914300
1410592078936109272791111884278238455055193664376054546024461437250378052727738740454075064118289241000
673569040059575150756593440299982759274950787273104826874584975308915802140587830436687216220481421800
318606063572294089260781424264796829296663788535679822152396760713001091099851503749341759956195291000
149308449236859799249885469830368489896396988662469802948647044790808012039200376786362940788738626600
69332926875431794202720463733505301244655350722564248099140452451904156238985138287251518526198626800
31906931914482960105291709142220280374730181512538959266045416510058325065592768720966598509735644400
14554110411652434575872543280779512305277831149006109797432725061922506967336432334544798661222637800
6581203591052475066567599818477634923061568428116311508842709743898600701633518040026129746257976800
2950578327504127032217172103225808620070551636220823802498180132987878099817597391473744651418750000
1311757155419155273462906992232197334725677380222306464323509222341171067877495519244663085456774000
578369936990359963044824595361355072093228392363131882899082437869710864322413856559283200452680840
252944159274331084778204423389770824596427035594463385654555189436767329967178029032676279921475600
109741320024621720719817766621900013264565400758398465533232837952714116438517968780191414607107600
47239076123306264792226476989372126580876562648185133570228256295791616688470887753953300256192700
20177930846566202339780067353351180077432084044164873383541929710848180868073664072049903547255200
8553688523440000733226509406091675096459017303871989279262887893029944867524191814937836334701780
3599055828738377085087203933933487919933978055186623578264245061039431611263107033347950606735400
1503273860318275420579986213116024247498015008477323661626465529431354526632322914284889060774800
623386322292237325270985164853256542072640503934923027387708710182842204816105624871337926052600
256685067243799778163138997516767073196124157305321808588336764898006014640465680702900343744300
104959538308840393518215838564293633478394926314573051784842339564890283975739805984732336235800
42625969974727189132309239450346638836531167142735218381758281233001914368863511127077166691200
17195312376529305705978248518259563458076400593931760733783262432781343900596135272352348859800
6890979842084590992048662534624857962207105261383288984670298764306576352311657423186614670500
2743708729104948369706622582507162015680817864204143734994964723819311295090038625695676708600
1085504127365353868632191250552100266617249760714288367946990746326766416885533800968329387540
426786899328185251167630251743995581340743301796429384124120326655673980937577221085479957800
166773039509775730297747973295127082156744663382918413623817939642346223454524808487659431000
64777499764584237584762341007814329377887476602961923988986439348006529437458719376813296600
25012314963125103682079686338244845477940951959159231891614486265198735461555406068548332600
9602010238167194074342130034093483489328300765517843572118808919736158988430874288027509480
3665182663946290199830297923009393016522648634890140915194976110388179494813987088357519600
1391234412421137178684220787564867922066085428964723807300334735350763212593003094645004200
525196374408361023115880704655234653739365892417672513387902500030274282891083185159579100
197199041346288115200533139806246223050549692440573886293315505452370317036521068827177200
73653599992782550712498479258266589242634838311962739813722375045386259617918511600778180
27367377036949920619706585110249318459001863058757034146729214789081861487327380796407400
10117327570834023443382255663266247401434899024588943909716549455014741484974626606587100
3721644006745283562153029469731026025943167175053077253451550162067387386759201920529400
1362331194470654072846596963879985589835713854121872786711720337131718650600683650152600
496308201170901733802061874742463411271069890163800036561831326266879656610530911527520
179962767272453975935813738478819511671238172345668980261089600333346042661111127117800
64955733334590912576027778166704905324666648991757265444690457045426917706990517679000
23339775616290055734355075709790930453029621659108026809375346806597317908957294108700
8349501775976342139741214790879196094680732084680165194083419742973485788773969300400
2974055669868434249255319973970959312384875436240783153046865008026580998249424659040
1054877042336181261604722511021802788492036518098944303226156562368990841414074644000
372612996557075379925607432460552523987426191147391922473492098692946494958174136800
131086026874039239599780443293478326469810985757425077024339113968941428434932057200
45934132877416000701815303122393009509244698271415132430344818359377498857357833500
16033690308816415781146361598355761048758259983267318693605215968522145349169240200
5575554781903234289095861347802605848293758463049785819133691429647426110182155800
1931686971072506613131927978578396374804123424029652190326821784477737899803739000
666832226091183100846427388217736859123024487009409761080838592807847693787778300
229384640548030014931128884303622902364524534307819095687178090940678746114802000
78635098026518627337409469554100258203208230335803624054619798038476746690136020
26866367319340636433834098381937392208732227559635188341112346876380521419125400
9149083824484259095839858321481226293397207447048466127268467375243625668040700
3105687669218791286117174259335890826734623905742142442896540222840926826897000
1050955838871922045445718531186298766077307317271874643357951342371228088602300
354562097015573932710146774904947225334355462138946994038579182879837046138600
119265694927645101931390988541395298849471601888391858784179582170243064757900
40002581604653965034297043143062636912793944929006316945500410851980059723600
13379601146666522978895955278165908937055768314999004680036690818421411550900
4462867372662084313591774609997716288958261875261249705079465724953797391600
1484680499279340588815408564827355908377553365894979757144340123835552619220
492642991206930364928855247548965228044352290960913178336965462030991085800
163058509904725987548847805016418210680203896981390908268131974871683340500
53839069407502551193099180327341000817641736090659120401322366285646570000
17734749192040466385672407678134758643198739979775649966780846459207119000
5828488422676384742978064672265680241413581047534254020153067460281573040
1911259091477941469118855779977113801298934511104651754812220824902490500
625380982315615297567050525895411348552778243252686840169585432602738200
204201700631663674231224617367799682816166611552888856706558789716650800
66541264253389188650850249306396595414873176947879335959946773209833200
21640460043099374286710700072923733520530890443112559418813877422369940
7024439890334142829462438807375388421883852256956829889698920155236600
2275893668451213843473261055840187783964359879038695410758376548216200
736057625980590016793069768675559917686318856763561069219399800850800
237637511577285200604723893538405167158808464407521103221688741546500
76592185102872753683227482962297619109106943052895531302702698458680
24645767784860849187047662977231428240609712899419692032552171555600
7917899705855404991036361287616519015559645710237990821823886836600
2539848920088186473237033331544411388114095179583971291364009332500
813496462210183952969543051850335053002339531114565669796875546200
260178953343535906099256884847485321062525079443978079327153789280
83095084503265634550371835098426919642528658581181415176808709800
26502223434769486131141159516691421462840046509932825949277846900
8441300982334773674057592520266735177634238214645144857880984800
2685171447857508115078229450749928835168958093285394834052431600
853070374920033154891685493744087345347914613476159696433983800
270683475255269206741598544105182956874021689063966086141799300
85785862019725096956842083647643107761652459431614447459884000
27155578797351110862984440638702813738841315313400135145292400
8586245431958064695680231748935180307151707158627318059105800
2711809716407770232728262461397815180355465367269139348341240
855533234927061923912976303536294961807629060993261300039000
269616029516794809479477040211930045760033299653151854422700
84877858320417113542970183650305453741215359667452888706000
26692612940995200994156297230180691042321698845800840518900
8385775224970832702764989007152777386244750406466785649960
2631829133416659275378074475608617824708589654872475718600
825165074698643124486347511877618099987194428019906257400
258463043745696139538527387955793344407253608455228573700
80879008585235283610655420753826591166815382822825416000
25284695144177706113348362415053915268163740315685442680
7897115400480362546170537622472571242556816893190843800
2464177466970186308869308066983334356277476841220961700
768195329117349559471936603428672263237445759452973600
239260256470097035421966518278601180718871176358022900
74451136898897828533976843164810183915938468104374160
23146015639687730914536785351614323866730527457253400
7189309744557572594326823987222872056558440187019800
2231031734163782801883707333622813806772233709802800
691724428500955565896698288235218302401673096572600
214274342718572896430763609776516465532734217761540
66315870636158010597891331102528553281047175891400
20505730991249548949907235252659548944304705030000
6334953356491903640795102550300017004960587797200
1955336753644429975617176116607459203106141752900
602988390777846413469251996354517782053207466440
185782382282704029305581019540628513330604676200
57188263227847741992735772280083099893222142800
17587915331795038998164525653617488489538735500
5404118095615975024756515731736034242040604200
1658959823530421209342807904281820380895909000
508797149926226987457195396367401335237889200
155900688987462988401767150750194235475862000
47724605781123986829340874867491884563542400
14595654319970098550098387294047834857678200
4459510470891487187937373682370609114703200
1361219669690764122577896084254382990397700
415088926065777740429215724540523341135200
126450318395631305736184624308735509690500
38482025007948623763803807356825761426000
11698976204195248532611089714228904936740
3552890502594263021363908072321062349200
1077832271111949681137716189676316512400
326622838789367479515733885079116033600
98868451948423404493104210073767449700
29893288264405749447726374421088451440
9027811084625444744383065845951349600
2723147232190360126194424554217931400
820400140671099548589157987923042300
246848915795384706693421221586214400
74177370521141081439997155279990400
22260193164323092771667634936903000
6670909313389772086258286006934300
1996271903069836444484270386439800
596501391980546650612827160320300
177966098673136178125700317555560
53011824634372441274651043985900
15764918941880732605133055815600
4680219935084380355246847364700
1386967341549704914700610722800
410261903377466460133560050400
121120508695113515577169378000
35686030383604237156387952000
10492162134751647051295370000
3078117686416392202756738200
900973510842145967095904520
263080820157268182525717600
76626986527310267540175200
22262373423671095290732300
6449890367445877468970600
1863118203070225490811540
536636239504619442011000
154128755370863285391100
44101734444879346794400
12572559494265296536200
3574272119633297723000
1012972326256334839000
285219309303446598800
80018255915850242800
22428735577228386800
6257789734998649020
1720778071563125400
474436584281390900
131325081205601400
35877047878733800
9475897389517640
2589380259415700
711318220792800
187033266840400
45931901670000
12961204466060
3526935542400
852905968900
184757572800
60391071900
15581952640
3159500300
561832600
266774100
57115200
8275120
1104800
1064000
149400
11200
1000
3200
200
0
0
5
