64709522142492037937470708912204338748280461643297432623187917394076148533672698840
4283524750677748059682886200859260726033887273534067558183553270331720912458494116000
142559101876419556289377587363300920095135533611197859552922198331852030770160326552600
3178979377145667886643758632431421489650585979369124382223146072342887831056308304160000
53412882971300271284124772657856702142225496345737224976574213582648683979473370266028400
720982791321973942709980978939312533315600492379433477228581793755783607868660280478078600
8141234844584635882947374366357524114852285584007628937281479080917379545108934654947661500
79072127422824413210599113464148518271545857557706970229177942066278335433816529507764832000
674115858404720694383346831785850426857844208037383498682239869290190490446171899401497553400
5123021108082506385443009406342306000522363978834341848128951328797358192321514141056660703000
35128796899862961282363253449883929191937705454015035795367552750999083715477125424800688141420
219476005235221382962153477828333708342843678797212003923569717258542232636218362176142943939200
1259457769971559531634717131933811253110532445095262041272200404125661936458699334403743464303200
6682926461055179089734627058448995385287472996642586704354764358159464706204325989502548271900200
32976590534024661889014373316507481716333333949114733267727321087261833130875396633958930474656500
152061325257906155508655276324331478156231940065574252670515255538142937530475426667396248751663720
658022626624849132898344857362666651131564080641927358374149667860856011205560711852347653415819900
2682106959279520150819488211442589526449991023037072830506978769831473621872833545512454790699829000
10330892684707350337287472283161856157198493094555379802067889615991139089600901083965159025608654600
37712022266803768998797287964198702265946748929170459028660701725297690354645898779263437801220373200
130804005600187410688663489477515710140476779723263602269680907460118984170112896872120140241864606700
432081689440995314091184739054368885336594327345409038515185857313287848662701688836477661048458615000
1362135123739882961382852521218709077726325959145840128184740035335851223535222295223254235119987453000
4105866882648618816324625416032816268102914738832489800078915422717738859517796840226114865415535349600
11854048580215987828828031642117904024902335247771209560270803510926521156333246623233508424770905111600
32831276218211910664899259230360518065920895885761045915024147776889200408055808945192044375890815537920
87356081157177718584569282460656557760222123407951414685564058241447638743903530130193019607163065501700
223592674703135492423703324880996954992503747938480532430900754445483222923370256168296370734444728854200
551202362635005208344407485070274811615622321046596199964178276830586185207432637664311173866294412022800
1310218714363139058311601745786777052242919612367022700968705920743422342504826975959709988863591804506800
3006147166055127503184528663417086796185017673234675386208586855203170323373621117467391352543215431737660
6663966949419527162147044346352845153538957212460794602657474829152127059598397192996048601514718797161200
14285819973642576207853531228296212148819779510833234249182168736486367749813908117073824999245162313920500
29641130204975730847963297255467248348536178338808720622092353091747407005342201996395781429447107027198800
59572451446291106870151832367739744569076828285625519414627622815870002090776151006978009103961516958672500
116059242313877758648107468398055929040371322315306092581233510603487853176602602999725189123632298074829760
219331202507845182974058712658547965648887224414552690984432115722994904842225875285361962436588686068650000
402339433330161933943157951472221434991139494837276272860308175713014569943996866540848553696080009936830000
716844642499837418711663602325198077740078121835551153836068059487353517162851726845454905777298636131545500
1241228127267115208853710698984884842702587250438741036648282083839259901284007341069870661685533433275735800
2089837283809890014655580586805792841997497168225102268799170895848356910014182911105949761994550161401424320
3423223494757422278510392152076242278060280398585590061715401255157010209369806347236615693422802356653440800
5458031249576400032547871761634157429524866336429852436893054746953900366314721040816463592237688932624051000
8474619253161399567437577177476516261079382197515483683124280579543929733522539312108525158418976804148857200
12819864019330292047858467794945435389438617639005181235976139879763161622085417890082476927061795720896282900
18902196845152881277045981082489628287187976212619350940465448809529887498945562853728890545277685293655151240
27175968873413049986956937535414583732917886500254074175877101915184778532893376644245194022617935281630026700
38112920800112324014842592512671704757757432483900571726221150576934847022813707188812177199483365897767966200
52159966236395344983771253230501109835953007124915149669036542805435167191779104286991276599637351159041863100
69684646137293567788184282497207471275940020163325041680153167247657373683306128294295087851528124436172960200
90912248678222549913251131967877849268685505754507196508156616051155075392425999765105743305981242239389305880
115861290128043457523814039403013932839806597203048098510968223838979174378725009315909975781520019180651551600
144286248067153605487702520363300723620610936100033865559732554659537459825327248812103444765825631763700323200
175637522252840799315459632063807653352186723966287014147778207983963006121705926586271802300432933847898163800
209048074000622248535424502603811199432444733560792842792242940468189100518918214384167170817071569358713321900
243353826113506172650370773875179634186778418075614606717636927205883626476695954842916874861230915665301210240
277150827402879385053685513575341952356425163701901514456250241706811689546039518911211237907031608025853663500
308886936621609156178328778160542969306268098303669938562465365466923142657593603551638578395603508376646333600
336980231123208901796218785984256023602352620818247412927165305501303963733389930936945193223080534722170356600
359951534900336522024409456416194450882267300066400248509986578315622791139813565173099444729738951174053534200
376555370900445427003633354435275635846151872111913389749122498649886747308207725036241423516191585460492168480
385892968846647743935810056300124560512324044401269685459103424063829318848835041261834422467601814416639437400
387492937338109746087860702394241409290859329040877066449159937650833759805815623265535252917758415412155434700
381349544512407943233732022386175611836205314018434387967635364093897352007230600023468612596840426667611621600
367914480171211483488206936432236048923606135055258506168923130693333703243393732930644435443985929659051533400
348044425431955978686756248534654211263258433581845941196724023845171261864203987241511573624778643394549085040
322912596300602452019664890359751819341581876289704542028295300379570991029339302133921144651159352264143185600
293896690170666089027590384327032867224971903418739532316181528295352508050413461975071627455107285918521436000
262457744999909355586222895921227937743905455509392937358983515998703948014784100974346638103011074355021707000
230024170089848343746568881033208145883406178301236101841452397637832081633790608813967025240621069181597237600
197892915016156194075359753513777017432345613976066873513368903061524616787752044092412833752469512173219814900
167156031020398841269620718908528883691467412860382123361006586009665618498251354583688373104560067208775616400
138656535524228604532556901836975437686734121376978548071853226794728131453847968925560498358757495316503843600
112973294354544809359134940746920109018472297567671182181049255881738060234460309368366314366298054290966676800
90431211153441341310333480411498333002899715542035603562717488504904218609833139526762195792587550075793474900
71130738265237400767091053653861070759629390635499329560816506518000489813652519943886760810300092935477936600
54989710032710889400607027915357858504903998227044947993465035929920028491388768474626629548716121809826301900
41790627776681672518708543818100339696553216860100300751637928964915538917077825290893722165878594498121994800
31227516620478765750076402915865671020686644779203312770461609731783470298252016097512958945036622927187734500
22947976421473652307338656770611580635156062421177717682685694766446820754908638354317817472504118964090305600
16587718248347282643599620744324470485924575436129990995921963994353956946813046813146421689553581046243840700
11796434681898778732381465597529326414567460216303989435427997219379604778738009320926654560926870222822461200
8255111931506266472205696547178056629867223116260370651706023489470053666127096194062790223308732928929096700
5685768227204400346068258687846185585366140805569506025093088689367168624026558965285810208093991851634909800
3855093648598756839516582135381517661717004238969155063488211972917931655500113161177799610154002149565230300
2573627134339052594937572089857994877665083995379673420755671225967663580229822678996596610541020179452946880
1692023049258999862555990359604821911729107384013145245807762310857199867601023153912525205582053863696629100
1095725172164592229937094174150335820033869697162490634306010879764818036941755394471066378599501831564179400
699062817245882154485480202388980729553539849536009307746646780575786440310603633516361298968949005988627900
439474993947698904997452035432498785457171773973936384649570002049804664226876066777434317055944227484332400
272294863782712229597535315471745608516243364002354648062544115662639611641063759474865582254940489223605400
166308964135349035056445278302203698929936799299171224917703922353332097891851494269917744347004842590135200
100148880492068715731775846767295831403128719287221552541067269134552337889589239263619855148108207875903600
59472164947808509425141430013512329110003778876791929668299655876837214530404661760015592041488080659291200
34833831216982294182550663858854375574166609906917279312640137990250547502519474133003749498617287245019500
20127547566723359636164891992991506678117771330390181553415665197771855672832649680662533157490232881161880
11475312057943706598397575393349418187756042521942160222537914550078132544757507080823106608241341195501300
6456596934966133895359650520472232040806458859273598445054321719938569906161650830670616236535129593711000
3585828062066435032502211343028086820262953623182625658867909215612023596931435666817435703540700277334900
1966086001286608377276157974122824834051951220008070966288044332443874936294957875450097274436589411148600
1064444477045672006749714330806166158116027685578693213818760620349640372561210564719126613451363065530840
569155158177838870260303562054279632426244978276843372693303538787065889420302868039527432487857032710400
300610888838574980231861981290805542950863835650577512223820086443197336944100912974812626433377264852800
156864183128143844081214193657972512531646756659806025963948883381052244404542964227331459490564405481800
80884642741701428078324934044393035881417618476203200798426182957326528261569801337302446112405089505400
41220107972696562387700918817805701144229390275730389690682982755933219394329404499847058931924315923760
20764905077109309263733916767825132457837232326580384353182449939183667280533058090835995851430441753200
10342009791315732241465861250266588389915364714325257342880591906434526466279484659407854858428061768200
5093424685580101465954995083599245874467149324811861763339074420879726328541493580917054275956661972300
2480960955535860114706577858127590408392483672500866364700789902120039513938832430791015541182701665000
1195389852364576636194271444795200364752186328266041857188950594048242464140474205240016084957390253400
569839603893752224561592418990220703525339979732499207230753273763819983129630770892440826229031091400
268795678680052784769144797189759665371897547936118650606111325473170082505392346465183563275751510300
125484763081195966551463795841166074959015937394512780520758197502156377487335671325952927739285185600
57986986570032875708614989472321663660857399176788563896067628049056366848700374707103407667413058100
26528456572576030982411275765932780209932273709137375090622415003208946823932134056523633618993236160
12017266014269242041584536972170283359772937218785295808247464977027860455430341805170604913743214600
5391147849970409405122913258318422532945996415325248444258903422498283085710818842837693556280632200
2395562943486672672529629647882833022751888415997976943190131861329388035197965753771090547498613600
1054515277473705515359147108597949650944321491714651993594346163685760987321735197990419529701557000
459922382749898253922586826886281783265293926519114627692288993782149659960362070553235805042291200
198778447246452994214436098451084419672255875623285222686464385056330109187282675814851855471888400
85147731699055186915131709215027925939173095928826414646114965615631549807593883599898474360913200
36154398505972122877021628628581924355696723206026462447873607499307179913167542171259497397266200
15219415061740262653687052320378689304537401550024375861218946152236008069021695514587422495834000
6352538561138055411182501723174195180670285629990791623361177495757980306891647665071471230954440
2629494263866076106306759324125945596844400215422739246169631965438169431430397302889366354383400
1079530798163244005018273967964198833525774898195862754733917969668444552146271587251427794559400
439640151411806489480520697259989327775885073532100749512614728760810586158574596872464869900700
177631536303923237446390924917333502928297260729878319331419151164413616023763756003550826697800
71213678957815971280188635370210477350055703749998124385774010047508703238416795654104753764680
28332632866082891769435619874042024262182186704389790288489712937898300281636515418089050668400
11187923075366302246486793385179775647161909973027740670757712753867182502308503201862961091900
4385400316569587225801410627754002436957857226842432145656427937051275111474904963834677906600
1706568862388428030063847139003748272744278749848303459306010414365296813546786027423182084700
659401810086435737134109560854935345515695134393868187382575524046562931164128813284141085640
253013987262449887301183057981415194254152020965429950884962926921760698812588959396199870800
96419028139979933403175661605295516744732174249689567166299384132218818927655244288118842000
36497235281261256913159665068800447296322313886917065543156345143958876425216355262703859000
13724319212011684006756415450587823855975459790157980974883849952637195303849324512153982200
5127543827925246646055945293761505576494729027862588793381827304686770490684970196261039580
1903571866954284023566756284275884672127131091008339221143669865418913906464378192020814400
702301541365506294414662462448902286672274247104791347117233755397050114212087400050921500
257528372234362197882212527267637721953652861641153824719651508125353610798674155546312800
93869803130701059920150226212246825768522430990149854165552735937306877778368915282643600
34015584968883175226843593910754403131211175187234645218732716984141271870714043790825160
12255546341031116440067632005276237661882468779546337469855263082228885195760352987043400
4390775688710096106297936629888644312885005142168297230001821847469803329683623165397200
1564424137037125450545628381490551203692139273711832132859929766378575529176976087513500
554399735287323790764251525761887888372089015413063973307556455207835071781938515520400
195432638085565806117482244133019633817848096930401208893489697646862435845342671589720
68537279804058756429665546415844761779459755652714492714913922348386153618162983881400
23914552532035945841158991834725393434261800173590897981410621035864110120959408857900
8303344813304219519008545210599699813354520901228020462314588426051382660491330581800
2869121791452547973212771976449816351021611477760827773182798580874331720644343595600
986732847774054159283687142975787144615239930423069692524700651402747470215714186000
337795934613561264546015678405727287681930623454466866243326246372622418269953855000
115123237434346202536924507117124666969424309609953231713064599254949213173944358000
39063830038734743103132957372113917062696594057552405406001780034064839788744642800
13198951383130445889602178273670672654534061203892143397439305529814279994132646800
4441261867694602196905611739628992224728143000807788488400424104600252055524359220
1488419297763602755871452143619983723059440825131482646334449528381670523334609400
496873502218912558621237686341228090973251651741707207143559185623920954613468200
165240976122341046950382636785188428318763115674815090300430162278042854268688000
54750845797576593699467303915595402455941086167105582717521410995126287979806800
18076524049870169772321204140322094862624709876151064323668730335201054007010240
5947574599019603638353528140129904131025208429228847968316478205600274823508300
1950363826837108515410247607525101205132589112115557201342519409186886449873200
637517298281455296338303035578677971301855612178224329836802841964520792261300
207739308227103269105519915548174202443016111617846370577117369946193969900600
67490925620116465349232867274429940085453930649515529871152438612018946240980
21863591680056333648057924624843254100363680230482512236666806288739148788600
7063113674114527634730084717459144760817568389398253039837565967352603191600
2275716842544621954428118627578630429512806036825110790514666735491852062200
731367909157711981866347823032274084184240849600530562919323637331638986000
234475224789366245507076022028040115788478567792584252514864559671769607320
74997787055099105549659675916875819491197244840941470523453015697163892300
23935174308579447176717643882508531650283079519616823240935180952828865600
7622662370324012223615367353886199989884525278107174161860767509161070500
2422718335657987323833779519985874630048735663763072001911329177175740400
768543257460155839996731411461776171262005951062009657598765948927050360
243357370063896627234947817144511160366316591828295486058782036418776800
76925734575233309150211496823759370758722255473629429181042945800476500
24276625591403472455121568826689405746102052650202566164836654656781400
7649469853329379871352617335803060480001140474992731193081230951850300
2406776122591426722230786244793898710154645729434020616090229990332640
756196125256966112027023298445306207849775484068276160461027791056600
237278636720187746338446589395314386765556825220242419014138092819800
74359631023254992343685216117107970246170308440141554424547447608400
23275394066396059384295058253170957839691040004363661154034599147600
7277174092921168249548652605758907534483178621855612371805852244160
2272777424393035814494967913008888426362769475027873603734379359400
709087505702153412388079129511850569411813927203223448817015941500
221008913228116363842630297806502494044475486622172050511151692000
68818143458570309479448749473780670206834154341323269849044255400
21408857899744366392015509645944407038095623364886914670196302800
6654166897614223635658186281620280840881633488412040455943210100
2066397930801193973395214981774947271871314277087163410319966400
641154989655144332506685568318220726990672245017894873185080700
198768707518246923054227750220052757857915082777722338225514600
61570766513542674216422222379312619381850085583786084694525100
19056667233922423414243512625210023042588947170579626586501600
5893431472397142854136119686383895451439248685021336759013700
1821127574180711802950223666863242157922714914998140613776000
562295111468639804090148810094101588113703873531936592181400
173476296066446400084028839569159346869557055997657608587800
53477019863608243765396338514061020768254442389370301375800
16471916936080084156533864242786600902453284342463609861800
5069546120317651195405413043982888505850906552372375088700
1558976665127204102874366322690984307098867464308121572200
479019236094196149092488442041441087941273135208346959220
147063856294989387250847618794262739013851116559262500400
45112320149775677687752890962441564000681255679375836600
13826648068214704735264114512947094367075557911022765600
4234160220620449190506136324853045930051881956835938100
1295514326187071779636647504309422982152125066028010800
396038551032425612720071884790436859673647233077901800
120961907179571476366181783047014168883111075244189400
36912305861075673752951756742053400300886022072006300
11253832365953000231220169295334393221351583436404000
3427927348618403805194091843396724974321278401537620
1043181106418574143446612542098362723245406825657200
317160889373441899340554722216274197665522724257500
96335432120870892693154046293361584405153567481600
29233006700979899764752105780817740473152503944900
8862091482347622069832609510519751762143367267960
2683912404662192756366826747062621326144205014100
812014184369292658261851812110971085393693058200
245423184154381719291275380512030440549444421200
74099873789743141690384224617139478702826064600
22349208572563287072155260512435960296158202340
6733520038951357068510109078975739580249941800
2026514137898719031199410066985447709920877300
609223045099665584621968793995224693052905200
182942033419168222347521016229335089421058500
54872152084374769896898919973022369333436200
16439254373885571676428192311548668252191600
4919190651767127265373426468650859740782200
1470198024826480873331666374506850873685400
438851195549334724408130379753575913613400
130829598826890809302347202996726414298040
38951962912884517757190113644690104122400
11581743625153330226481484486325600127800
3438948897757558839004483196800968518400
1019693901145283117710804844611175792500
301919100283869823141605755337639249600
89263008960519327465543515230966821100
26350886992858654053665354483686268800
7766823346616761598089963941568909300
2285582022715067308289442016772356000
671483122167976149107203814272091020
196941367094070496090150933716171600
57660698288432075181219976553721000
16851568874819506163650950035678800
4915791614296747120424123589026800
1431242389786052339064264259914120
415883899235169880930188101465100
120598378111885426250941700777600
34897241761674155029723128525000
10076024470506636039328119634800
2902702000771850841107025750440
834249926548316043036096802000
239184903905877600675256323800
68403128529809485674864155800
19511145636749897051846370300
5550265008165394349493800400
1574426973818558318596253200
445306149185195566198433000
125568242502499114294732600
35297214893866542527439200
9889354880366703743417240
2761214381802331579408600
768286432635370986040300
212992690975716573786400
58811096713777972462000
16173438990547709619560
4431079308667964347400
1208586894395068152400
327881513321680477900
88581941035862688600
23848185559266876740
6376088940162775800
1691629061885668000
448222227434659400
118386996451660200
30780595430752320
7934994300409600
2069815570294800
534388545982000
132411143700400
33102358957140
8652874119400
2141829286800
483127978000
120785907000
32641275680
7220548200
1363491200
391988200
108311800
18022300
2501600
1194200
280200
24200
2000
3200
400
0
0
5
