756557256885641766365533427344080
19386189661522994222108154788249280
251365454785517129933284071221851320
2193998011889883153961841403784912200
14472475144336411463109537023568439920
76814324193668884548701038021434358680
341133517606487946601180535710113829320
1301814387530691510136801503972466909800
4351634749817338725943766120447373874140
12927203611965057517008051775339146128300
34512380223858463715343418475674701609740
83549082620407016041685805831064716716860
184738740235745262951930045132524495238040
375346004385861484491896929100179577246360
704291659102417906586358694981817872301360
1225695181760176490418563087378512927020220
1985750132997506119166100760260432054159460
3004513818637472024396433742226159260382380
4257540885892125422756332386153303573458240
5664606423988268290420355774392075012523240
7092302043017160454098578480147876401132080
8373385481767636434687279900304061071105680
9339584664236177633461290480091922161699800
9858783906488298467670673824120848426023460
9865005033245951368345145897954947087085420
9371742670332101280865495695085559664462780
8465130615816147728276062547676705769060900
7280405928239349687893264104610141593124140
5970179253242811602101724957938334514967020
4674311958134407116493767331097389683660260
3498858488467428074019182714981035439345440
2507189147249935554893982127743421948925680
1722143438981767282676623123354158924433380
1135375429933740387581407962866556988897420
719385343114395187421100255113473790484820
438628748236422359664875014980417591880040
257694143761787688573827158245959565112840
146062495135349618824370029833989744014000
79974127730804190375136503650299585663600
42352672455328144764668142742931596063720
21720470850100677547630872095827676375180
10800475540361709088165917826347552614480
5213391055467637870615044473137343789920
2445736100493339184392402268736836482060
1116368728613291694179688133323175576780
496363429853615877359462563184601795380
215208460349433979291543232461024512620
91085220871086313993593320284058429660
37671723100331871969931664085765978280
15240560427305256059488175630772915020
6037160973695756132654648514339273520
2343850409697213728035411830883515440
892694321395651039610870966783658260
333852355188239228784869172121025280
122710510056648350041001121703148400
44368689764984930844641241468406660
15795269897588408044510354779338760
5541386396381807327912267254619440
1917494773560021473622494980429020
655022793667024409969837601380680
221088435213595549411053559187920
73797632404763552637355642739380
24381620651164719564320362875260
7979934745567493337087713865040
2589519960371563031240711169180
833833793960635616355239842040
266639323830622022614357144940
84738448590347560169332058720
26782691633833807121705601360
8424140889651561338278438200
2638430811908882392991823800
823252747813778436046530820
256019175402597970014249080
79380359770804935547198760
24545388067484940956256600
7570515077203250761276100
2329337172710971010896000
715018666056748289787180
218970328720701559704780
66899552586905285732940
20389417065328434216940
6198600680573836718960
1879518886938493951780
568350924795658256840
171377064070734942980
51523151648406251380
15442403305798764680
4613550319899689420
1373738438483343380
407630180782454840
120524550049073800
35501066346799340
10415402797744980
3043622904805840
885697979912900
256475918438740
73909188036880
21221393089960
6055406742000
1713573205960
483627433520
136350471880
37687855100
10288095720
2881578980
791794780
201383280
53279100
15917580
3863720
780920
247240
81780
11620
1400
1260
280
0
0
5
