6395157364457352982502286348672005
352184210764181330317833803032765440
9764645955803285546675040342231974400
181511958611385155090719132612166053440
2542150630529550120797916900315244228800
28586496861820771375063125908430250018920
268622445961910482197571780461732969159660
2167915941730925093515991412629231215787520
15328740497413761700394782585257236442913920
96402383698123412444049506663422283444349160
545652406217775420231834263895920601820743480
2806140444736822341262686310729757286443895360
13214229760743016159056862331994279190517340120
57348909924678900717527225762223297407439877440
230640819836356298074395809358373763587690351620
863592462106676468306958534630270061419227932560
3022751331491060325771341409919126280406622360560
9925511837067337910855751347780187174789369128160
30669923979334913599403145289039222205046682396580
89429650296347350322846303687141230688779598500800
246678382528340285053108086418286235138863024330760
645096566542252407202864387874804870033146584380400
1602630884820179716707055531067083683021389796996660
3789216006281346853293743142343914196050212087613240
8540750455958870612569706844541435892593246206822600
18379690214143121553077863873627335222916031809873680
37817179612375621521939382153312383091124655747985140
74493328412268151219918852122647180417905889014314400
140654039729444143057788853815019712799492404388317460
254852292159712889735609599390253726807127349596527880
443599551366356766347644519448154648983893221045701160
742502685376732986871851701096502143475976657348275360
1196255940147001843433225151773228397562614610340111220
1856793071392237669331819809476383093485368760334537400
2779023677072860183200159378632371425205202673540645840
4013935101983555690472763352365624467641513443003807080
5599428704083782645314466807144922498887575711964293540
7549980743616505117859365577364417052354405278176178720
9846893350875842477626736517090328046681491628582883720
12431305315718043790028805667323993800331355956172586160
15202067277629577838458891999244361646740097110775253380
18019957525189924056259199437227525394889559080323661760
20718589878016851306430925052579551427712550061151919220
23120977012718533600314061529529271894140502173663632760
25059405482038956212263320230105330641478320142211221880
26395407367627543438067958080581380332278260918860024800
27036430586284038711864059480598231331155909550417729440
26946382647231026329804877182873380776268496025701812120
26148410559048329755064740977633952768104687165654408900
24719779594908657579808824917609473351408656268407516960
22780155651093845402178948116106501563806283396989432140
20475652682089914255906396046101133045685384385744683280
17961480402490166140529091256492808721280251726501625920
15385887986056081625288393817553154948505557752697370120
12877468396335328498243316997492342233174608808692745960
10536981877546594342609640087439976070057287851781345080
8433915037805209672888335662325158596581507838890355380
6607211236604345001773039209172561016143131689761051280
5069105675841511163298818425413649104904263648003453780
3810803011779334055919986360768552076057804046946169720
2808802568700337716008881728262044514531333383120007260
2030920309134415690537307822950315340250143285686980480
1441381061490237554789132080957634540421296817609929460
1004676528254746051299249062427518286114210075142665400
688148921613893241248595871728657839109958201165033380
463441050994556674539643911059131532754830051340095640
307050278984162261974359238084219080129838553796741660
200250797020715080706640900947117695665745347948685560
128627926112486295495577832289331962161955304744265160
81421394192137411659605741331235634951757020389870200
50819378291154657575619312556668723520496242725889200
31293350025961942026941556691467990148435547830248960
19021720571374868581427139036253177215704930583294320
11419949112876019095753002311891416497267052002590200
6775399307316597942625034898708039175945722480130020
3974655068411971078708722361866163697765885514660960
2306707996233403951067912902684870000451175275049180
1325092284928910932161241598416477363980444484227120
753855494127525572823321053727795451302747788940540
424954735723563367216200973010730059565049758358560
237481307496395634574068025601943824268723529751280
131632450961146382114190356363452527113066082182040
72402301436642203935734007298450768976757492899160
39536729679032790019849681165279469291847967026000
21443947111931514261204145496196470846560196881140
11557238013939782490034571781514944694780882190040
6192002666326012142247758984091522678924123837780
3299215170004157418059042871401286786316625256960
1748876693008058365510754491533513627187992420900
922645855630742884190747938242893186572214390040
484604925206367340622180940076928380511589570360
253488590587564516170628428310862685896306661840
132092686949560831244223264262478820085415391120
68591754136868414157885949982761574368913171760
35501925833840422132111535224071772020125501280
18319940127641985234862545531924749212119694920
9427248079272645135346602139132496650189287780
4838633969683733387634169570376772915972014880
2477522723850844624720678849482093552734956740
1265732460178058025989182873863930708546449400
645298439526570374869354190915806083441311280
328346134740039930796813782290183448185985480
166766035013718700786957133240204936063154360
84553902462366684470400807718436161969427040
42800683348306595099067564475199581568978580
21631895809775182847233428739057818580931280
10916838163893283451547974949982584121248960
5501555019304254322297831107446062552827120
2768760350702286582114373793381818556230380
1391619931332349322395412806921205487307200
698587354666513474970299157839942986495660
350303875180126019477922654284103954503760
175541696518392359340543066378531019361760
88050821660623774011861961201443671310960
44492336776146665080724533428917523886620
23213767866743109883449832291243947641400
13604114633610565035781986862906543762920
10859041060416247010023439963202315686880
13604114633610565035781986862906543762920
23213767866743109883449832291243947641400
44492336776146665080724533428917523886620
88050821660623774011861961201443671310960
175541696518392359340543066378531019361760
350303875180126019477922654284103954503760
698587354666513474970299157839942986495660
1391619931332349322395412806921205487307200
2768760350702286582114373793381818556230380
5501555019304254322297831107446062552827120
10916838163893283451547974949982584121248960
21631895809775182847233428739057818580931280
42800683348306595099067564475199581568978580
84553902462366684470400807718436161969427040
166766035013718700786957133240204936063154360
328346134740039930796813782290183448185985480
645298439526570374869354190915806083441311280
1265732460178058025989182873863930708546449400
2477522723850844624720678849482093552734956740
4838633969683733387634169570376772915972014880
9427248079272645135346602139132496650189287780
18319940127641985234862545531924749212119694920
35501925833840422132111535224071772020125501280
68591754136868414157885949982761574368913171760
132092686949560831244223264262478820085415391120
253488590587564516170628428310862685896306661840
484604925206367340622180940076928380511589570360
922645855630742884190747938242893186572214390040
1748876693008058365510754491533513627187992420900
3299215170004157418059042871401286786316625256960
6192002666326012142247758984091522678924123837780
11557238013939782490034571781514944694780882190040
21443947111931514261204145496196470846560196881140
39536729679032790019849681165279469291847967026000
72402301436642203935734007298450768976757492899160
131632450961146382114190356363452527113066082182040
237481307496395634574068025601943824268723529751280
424954735723563367216200973010730059565049758358560
753855494127525572823321053727795451302747788940540
1325092284928910932161241598416477363980444484227120
2306707996233403951067912902684870000451175275049180
3974655068411971078708722361866163697765885514660960
6775399307316597942625034898708039175945722480130020
11419949112876019095753002311891416497267052002590200
19021720571374868581427139036253177215704930583294320
31293350025961942026941556691467990148435547830248960
50819378291154657575619312556668723520496242725889200
81421394192137411659605741331235634951757020389870200
128627926112486295495577832289331962161955304744265160
200250797020715080706640900947117695665745347948685560
307050278984162261974359238084219080129838553796741660
463441050994556674539643911059131532754830051340095640
688148921613893241248595871728657839109958201165033380
1004676528254746051299249062427518286114210075142665400
1441381061490237554789132080957634540421296817609929460
2030920309134415690537307822950315340250143285686980480
2808802568700337716008881728262044514531333383120007260
3810803011779334055919986360768552076057804046946169720
5069105675841511163298818425413649104904263648003453780
6607211236604345001773039209172561016143131689761051280
8433915037805209672888335662325158596581507838890355380
10536981877546594342609640087439976070057287851781345080
12877468396335328498243316997492342233174608808692745960
15385887986056081625288393817553154948505557752697370120
17961480402490166140529091256492808721280251726501625920
20475652682089914255906396046101133045685384385744683280
22780155651093845402178948116106501563806283396989432140
24719779594908657579808824917609473351408656268407516960
26148410559048329755064740977633952768104687165654408900
26946382647231026329804877182873380776268496025701812120
27036430586284038711864059480598231331155909550417729440
26395407367627543438067958080581380332278260918860024800
25059405482038956212263320230105330641478320142211221880
23120977012718533600314061529529271894140502173663632760
20718589878016851306430925052579551427712550061151919220
18019957525189924056259199437227525394889559080323661760
15202067277629577838458891999244361646740097110775253380
12431305315718043790028805667323993800331355956172586160
9846893350875842477626736517090328046681491628582883720
7549980743616505117859365577364417052354405278176178720
5599428704083782645314466807144922498887575711964293540
4013935101983555690472763352365624467641513443003807080
2779023677072860183200159378632371425205202673540645840
1856793071392237669331819809476383093485368760334537400
1196255940147001843433225151773228397562614610340111220
742502685376732986871851701096502143475976657348275360
443599551366356766347644519448154648983893221045701160
254852292159712889735609599390253726807127349596527880
140654039729444143057788853815019712799492404388317460
74493328412268151219918852122647180417905889014314400
37817179612375621521939382153312383091124655747985140
18379690214143121553077863873627335222916031809873680
8540750455958870612569706844541435892593246206822600
3789216006281346853293743142343914196050212087613240
1602630884820179716707055531067083683021389796996660
645096566542252407202864387874804870033146584380400
246678382528340285053108086418286235138863024330760
89429650296347350322846303687141230688779598500800
30669923979334913599403145289039222205046682396580
9925511837067337910855751347780187174789369128160
3022751331491060325771341409919126280406622360560
863592462106676468306958534630270061419227932560
230640819836356298074395809358373763587690351620
57348909924678900717527225762223297407439877440
13214229760743016159056862331994279190517340120
2806140444736822341262686310729757286443895360
545652406217775420231834263895920601820743480
96402383698123412444049506663422283444349160
15328740497413761700394782585257236442913920
2167915941730925093515991412629231215787520
268622445961910482197571780461732969159660
28586496861820771375063125908430250018920
2542150630529550120797916900315244228800
181511958611385155090719132612166053440
9764645955803285546675040342231974400
352184210764181330317833803032765440
6395157364457352982502286348672005
