6395157364457352982502286348672000
352184210764181330317833803032765440
9764645955803285546675040342231974400
181511958611385155090719132612166053440
2542150630529550120797916900315244228800
28586496861820771375063125908430250018560
268622445961910482197571780461732969158400
2167915941730925093515991412629231215787520
15328740497413761700394782585257236442913200
96402383698123412444049506663422283444346240
545652406217775420231834263895920601820729440
2806140444736822341262686310729757286443791680
13214229760743016159056862331994279190517183520
57348909924678900717527225762223297407439811200
230640819836356298074395809358373763587689964800
863592462106676468306958534630270061419226582560
3022751331491060325771341409919126280406617759760
9925511837067337910855751347780187174789354525120
30669923979334913599403145289039222205046664789680
89429650296347350322846303687141230688779568885760
246678382528340285053108086418286235138862918963440
645096566542252407202864387874804870033146294243200
1602630884820179716707055531067083683021389050494000
3789216006281346853293743142343914196050210460914720
8540750455958870612569706844541435892593243527622680
18379690214143121553077863873627335222916025215639920
37817179612375621521939382153312383091124637667670040
74493328412268151219918852122647180417905846981698720
140654039729444143057788853815019712799492311222435880
254852292159712889735609599390253726807127155593466400
443599551366356766347644519448154648983892804610448160
742502685376732986871851701096502143475975655085741520
1196255940147001843433225151773228397562612253530349880
1856793071392237669331819809476383093485363647489414960
2779023677072860183200159378632371425205191590795541720
4013935101983555690472763352365624467641489236562385840
5599428704083782645314466807144922498887521226331729080
7549980743616505117859365577364417052354282490748177600
9846893350875842477626736517090328046681221085210810160
12431305315718043790028805667323993800330771835899285280
15202067277629577838458891999244361646738819533748107760
18019957525189924056259199437227525394886747445051205200
20718589878016851306430925052579551427706358117835226920
23120977012718533600314061529529271894127001445754347440
25059405482038956212263320230105330641449056784770345280
26395407367627543438067958080581380332214876512063584320
27036430586284038711864059480598231331018014605818805760
26946382647231026329804877182873380775969088404649661120
26148410559048329755064740977633952767457092111017299320
24719779594908657579808824917609473350012830888514815040
22780155651093845402178948116106501560799586831424558760
20475652682089914255906396046101133039210103947368923040
17961480402490166140529091256492808707347856058829719400
15385887986056081625288393817553154918600867343938701680
12877468396335328498243316997492342169108153045752905340
10536981877546594342609640087439975932962134817241638440
8433915037805209672888335662325158303465827098326999040
6607211236604345001773039209172560390225460000385713880
5069105675841511163298818425413647770317246625718587380
3810803011779334055919986360768549234544211185847937520
2808802568700337716008881728262038471536526656884496100
2030920309134415690537307822950302502573555717942044600
1441381061490237554789132080957607299979849635200003360
1004676528254746051299249062427460555640072685312938640
688148921613893241248595871728535636988456924073551160
463441050994556674539643911058873146468316505288793840
307050278984162261974359238083673330749048324356145600
200250797020715080706640900945966249630958197707354640
128627926112486295495577832286905261989913000150239140
81421394192137411659605741326126828997145131602195080
50819378291154657575619312545924715474801861198116700
31293350025961942026941556668896294315549677988416360
19021720571374868581427138988881908026343765213888200
11419949112876019095753002212575073901309537053171440
6775399307316597942625034690697192177582957473067660
3974655068411971078708721926638279089313189728654640
2306707996233403951067911992944515505258519959188480
1325092284928910932161239698688947538629714101410160
753855494127525572823317090572013653496744174691960
424954735723563367216192713197478512516557835634240
237481307496395634574050827441813756727591946771260
131632450961146382114154581384793996487012110851280
72402301436642203935659660066662798488985242304380
39536729679032790019695319176071433694290009878280
21443947111931514260883955242172104838272346170300
11557238013939782489371027504994380067835674082120
6192002666326012140873946893382262108356936983000
3299215170004157415217320664649375756339305397640
1748876693008058359638109323365802333635881424280
922645855630742872065668231851924886594567236680
484604925206367315610961868242838807356042511360
253488590587564464625801060540763647342899610920
132092686949560725114832116148741325620658871000
68591754136868195841243922160058635357617713600
35501925833839973450054659489258171209754134420
18319940127641063955763082329438592112407688600
9427248079270755211942804357581953364008653980
4838633969679859943577024943640921729404100520
2477522723842913223602370530505281764083505920
1265732460161832405240102015091864511404959960
645298439493407625159878509461813280628295540
328346134672323142199261083211627872308461280
166766034875573004908611501560334174559237700
84553902180806074610199130935357278856160320
42800682774985261013905953133151649365297640
21631894643465454684891419609459829021648720
10916835793518563566972815676458633225679440
5501550206425031654525211026715682121318520
2768750587885899958666569412682851123393440
1391600146851695800620672694692191158895640
698547300237327392662779647635532320260360
350222863139125853668230391656638756193960
175378007981815819549215918807990151506240
87720411902643664044834544299581064373440
43826068302203549927873630693653444392960
21871612039819943331800273479667159403360
10903212306056076093380935054167647959620
5429520530208123505011719981601157843440
2700902327554488942401051808738895803300
1342155826923166551649558811576788238040
666268473943115152850902735264079493660
330409757980109967027416901862606937520
163688536576539791327147570540867855520
81012041000165809692262627465198309800
40054429186082307519510204410666235300
19784480653521774740112229014328411560
9762816386623447804380698967432836940
4812879222667772620080730380431508600
2370374719884575159273523950895569520
1166309728162342009129597989559282560
573321334085161611342047932203680940
281560609860201676783078883113266720
138145695878345631679870761503916660
67716788597552699078555575877524200
33162749709475681453992802813015740
16225620749080858772066197141489440
7931401118308318976811788651450820
3873444057144626735851186567914360
1889923403797781550543286180633800
921279099463202486157099712006320
448682056875734813600810371366860
218316642027822702939011295458160
106129391148113737494464756520120
51544827367770099038553407050920
25011219071834089573155547059000
12125079706390968299977647153360
5872645168167711293552110996620
2841722206751911029977319859320
1373812090709260570567186854780
663544276520564626945208107920
320190254024366008287850710840
154361989208035597557957147720
74347231787970487772250594780
35774978658530626053971330760
17198160130067541131582980020
8259813251547048491922724320
3963155781797806003614248580
1899727529825350730382816960
909740354495192655315860700
435227884608452695786006320
208010846998362765007062360
99316342595957514949418760
47371269189361165369406120
22571695832885869841832600
10744008045694381527772500
5108805954611888787675120
2426700172042304594026020
1151446034787150241330920
545749380790229440596060
258386286513546051301800
122202121501277091482220
57730474137389829726760
27240441447182409926100
12837676587567744935880
6042994806726235511160
2841513592861098232200
1334587017022284866400
625917671689375337400
293115680740563356340
137095153034539706640
64066455762939840620
29904690408758668440
13932395667671906520
6475280438375760240
3006696565564873380
1395825379892701920
647595054637109580
299407621052151000
137894944598923680
63384406796440480
29263357440876600
13500727909285320
6191943316692300
2811635272456560
1277577027145620
584120273300880
270543372073560
122787428001120
54485632564460
24206441421240
11082745104120
5112845122440
2356809761340
1002262533840
416435253000
194003061480
93165881580
42032615680
18080315100
6594233760
2679199920
1626698520
746502660
290137200
105367320
29615040
17606900
14603040
4600800
1350000
386820
66240
156600
103680
14040
2920
720
0
1260
360
0
0
0
0
5
