27603777865621490084070
358338875217893228407680
2363291706372405131311200
10474943890466789216187840
34911288425997407558899800
92926265171041053510531840
205059582644153033305136880
384717466949699888059397760
624857032621010316725089020
890628509536559978546708160
1125880602124553659621477440
1273161064697236878042551040
1297086607936891499315358420
1197898081547719370817597120
1008351223925337413518356000
777540294089360288012232000
551827630090191579994279530
362096947116067777144462080
220653541164108866919322800
125416347576568405575284160
66776031382387706552421000
33446080860289184917301760
15824211861664482267916080
7100562667593683722098240
3033449355940087505428350
1238414458156638919822080
484869687998350302671040
182682085125796418601600
66452019976206985823820
23412696905127101267520
8014766127973778561760
2674124275161804906240
872330510213752612950
279096623785890515520
87856163160922807920
27295789514463547200
8395667132543842080
2563951059244143360
779487822786361680
236456322694882560
71708405262823350
21773043562887360
6626310479012160
2022627768007680
619741550751660
190564637163840
58826250349920
18232690248000
5679632909790
1767395030400
554918841360
173877975360
54830458440
17047618560
5518949520
1651406400
545854410
166942080
55304640
12769920
6290100
1529280
462240
51840
91260
8640
2160
0
1080
0
0
0
6
