783575635422658519910406823701232113878357741269125600416731200
29924781440118628494649016366631875233796790696641093925838782000
571181295885644609574079377824232076498503345090549933528658097400
7263411997647320485306535021914535604436595625796516949357734832400
69210011401174819459599596764619318739480256963194254649214164680400
526948828138032732384890028827718346724517298300387607073538384845900
3338463419718481258964465915297620840142989246138781395139808704580000
18097374147014616122029066416363464395925270305257155224180133808554700
85665890092069257893645975763073677061172453536511018007016282394070600
359618482447420317122233605882262346447530874619580601657490220957620300
1355168829503291334155602269694057242419525681083776697484552644159100400
4629241185823640057588992978488042814359409756033304429878521524240112000
14450435675974592274268993101697936860077421654953782093917416721659350800
41497501593639336378614150975457731574497089802962623119059369037676742200
110256031113550934800579001844721482876972123786246472973317294933374520200
272357526447121189577907954350893943223743688366703891547805942744876254100
628155546284063116326686066095146282305956235244453313393448229304243102200
1357654867478069167747790586482122281083243815366731982933513141001370865200
2758794736382647189488100010586222605961010244114998508116008423440917668000
5285819406348420972149427843652323160817996707567210143140166117390230883600
9573928471941099588286108322911520481837295478679975332552733403886003218560
16430932897039219149928834816046499959887739118921002249486014718642684463000
26775745543253742762530995192329563722896897674820763540693231489816381564800
41510587841961723720109165296515983151696748427266313744302453190936044045900
61330106454155315136390847223463089209956364412340995296635176917247947491750
86493622828363941820192884425607958687356649109335520809832992932461939275320
116609657548050100159216835769624300322378001736179076829774223387161594224150
150495296837306623510942668675171644303150528580752503334841094153814919043800
186168628913554254193155035105906583034894867450752728264808520183038284608200
221007379323037156534618147255055366593165338780988820638958852002723771206900
252065863791045784848146727975228382930063148809141116208459766317761693671730
276497453035194950252777538419700653618054880069380238537911039068575274094400
291995957723117365820128712994306665353994176525246691079684732405491796043350
297158901589781624859918964924077204537127158683283023759046130839661911155700
291692890114958274065695929026924530957109680531638410331815070520029754915050
276420835937793300034186697821551111290249531846369889878647570907311515754440
253099799847602292808803338945997749630422865576004868661495246726209951266300
224101380384002814917483805937387704022008990906279124309875241486435894417200
192031927396491470809926922036884332726039501209648831050624417300656782329750
159372426986408638656984708511978663266786390100997717335980468377487617232900
128200508507848923277773453315457596115002986287181695423265863563732728717340
100027959622284737020541452174274282828835656437423577174384065474003064331900
75756447212467717330148964843766519851114129126151745541559286663904907140150
55730069752717310883883247364723861990651532713635166542363067909515170429800
39850252246049815541422072905772154562034719335606700467657590153544058453150
27716518184966321300115653405832197159180678882252209504889200847453496415380
18762999735733970518081194538340347148653803537145712596156562668561236998700
12371072261055745017503596121987558181486884674702058036773385259476057164800
7949414486760026227402536927707028477622975195936161551532302890365644964450
4981531206313834157784499448959915737976297692872631183153912807735438412500
3046237004281874135061434544023696867066193877333788222241089941535746530890
1818891961374028694004347415932971802882359394290824687956414820628826566800
1061103641070760164550756491952689875555570407133170788672344663820372256950
605170444114993413570069911511564580337426438345818087140004400958061048500
337616667855448217511614135593595330026655316704227314600836704971024752550
184352673187290795884263423884039312352219273634080919443670883303835269660
98583284701685325250293109285658562518714423655746950513395829774270878750
51657094791299776382474900896371494061044842912495292477562237438438086100
26538089327262749622349279619856729561197256178311750920529167055067142700
13373894995441694506266627398611055290506498494503556135861534311232814300
6614937318590758877630683117607725759521100567120943093533284263950129290
3212916265732949982681108908942568038109664722102964899604470256754327100
1533205769135481622580587598762523972230997503723685669853682067532571100
719193139491979255799170769844492176193954893398151296934615069860285800
331777176538355633468535447122211259903213948090398362682271760844576750
150594910664034239441407747397795942686318463695031441623147315475757240
67288204540890715391993433810593110251314969602573547282838333207851400
29609398775230395003947487728720119977581865551986517901319742432698500
12837324448581944979975745786277487364656491743258173636728875027911750
5486067723018417477561295276946655320100727445172255796195775662938600
2311916680300072074234995294901130147256553510974076278804272459877130
961137401929528222274445542250525864729597072548300813539667783857200
394343167748477908172294806640050087097076814504826360530855852126050
159737684432181777560646651711530552045508078005774582250205316995800
63907062216015255643139775819933611022152940738480732515912780096400
25261463933510672524502370138250086789507131665839011755199514525360
9869425173356861449762150687446338776305670750705918274971385675250
3812415141123740639105065380421102275962155176705820816458850017000
1456567839034339052814495972151962034747871877807621502798894648800
550587954187916906734353747246606709923553908685532787661611782700
205981187163088349536879652032955612943280238822460304534882209510
76290232881787235061559103180504104074203287827555644861423420400
27982268013850371793299079359903289374952677597788685235627719750
10167121854601121836064586634998797581226341214627464387005577500
3660492061402088555875736584162929462975029703401692156509446100
1306258561847796938552697105426339164192167423952663778925173480
462153067859230361366419276001810836950627478174909202120433150
162153107886960180517394962909632555193250112468541257942936000
56436526441589337011777567358105047222503284732130290983944350
19489506481506027345583693988526838684488661367855289155523000
6679658737612374407075531678836870276307877880916647338331320
2272611888834436584604567643322564521132905911768908258063400
767743305456705629134008047796303191581590856676315120972850
257588435358327102334796188632508651982537687482894606479000
85852654190807859237618351451401041709789947163280029809100
28431082370763256184501600181326240063977328846136898006740
9357039963628336885738167341022432914844264775275834983250
3061117916811537439804458518307319748779421083514906719500
995651134085503946242286929766776452468395139512219976150
322037940379993250540502450318708659149889172431372610300
103601227583513141913013686625500815146544391029222321610
33156163623568283505103520570248752771229579625793787500
10558127568453671694391199884518554673660701292680835750
3345899025947880896249193927930706756901606065277354400
1055408072004730617709521639232929222565793259333357000
331425835832620317278679619528229797286825236416380280
103630062350028312954141015007149781564809102476338500
32269487868681363141705905797177763617799328926216400
10008687943517196055086182424449128918076366191629150
3092510717780555520119772197216396955464963702186400
952056799953746600647042645460016728056660709261160
292078119208698381627504450124449609814776071330100
89306888732742263534926727603386788808342191509850
27219754536752028675838726066444953383329070764800
8271009806125100776976536802732126102849196289050
2505924185602433486963438090242323447043090445580
757130081235296060316749398608923595595110284700
228151049951202612122884755126319430721702611400
68576938684503628616438625343951147000705497450
20563148345851511626843005853939689598503501600
6151870535156007766038642481785435244771543650
1836449041195400483535136333134682476439525200
547079669615432250020370794851930084373251500
162654447254461346244872387676978313955726400
48268789096556121603061334646788905512824550
14298520611054005355162908023793567632563720
4228408036163812915062959996830021442752800
1248412993464058716114625739561981052479700
368016659160407165788040148203068126481250
108326413186703363686062494911554025470300
31840985507848464613919691849556665138570
9346503273923599479222586610273278348500
2739967089470687933881923057086819248050
802224293012437426855574107193838775200
234595186680394737326130535941912945150
68522244965933751909357471889874137380
19991597651107004111060668286704203000
5826114166266531747405238200451047900
1696040095991144293548481472366644800
493204360282551338234962556104974000
143270700950026911829882712344784550
41574934321484641744275887683308000
12051788458471682328456579260134200
3489934017638036514917438133135600
1009547510633037369649795061893050
291726683542035838489580734262640
84209163515172226409495004450450
24281091571343369972459705314500
6993464655689119591183700262900
2011959949744663673775014799600
578141552476146707757579706170
165927976702145013715077412500
47561528063487081759865034700
13615085147154273827627034000
3892136844521050297128252450
1111042785137033301839676000
316677790166702240487439950
90118579126524868184613300
25602543089482203276203250
7260779129306465773587900
2055281920411203779448480
580625295846740704356000
163684460642586262792200
46041987330233752221900
12920127305971685120250
3616329694075206915300
1009568491785948860700
281046384794042250300
77985601684086146100
21570301223063551500
5948878125829310790
1633981092042369000
446567305842913500
121741717645553100
33090998291978700
8914602147690780
2385084614227500
641830886627100
171206072715300
44514866742900
11628033244710
3135554826900
803381715000
193858712100
51103681200
14162318940
3219631800
672404100
209037000
57234300
9575700
1581300
844200
179100
15150
1800
3000
300
0
0
6
