595081253471732801520266409454583582868148907476354237440
18547993922833498615173000962703764208198194854883816625480
290396800255656146976424419465595892214447264539466621456480
3042145646308637126040761999320077779541084745008212639203560
23967869339217969381335377264793684139105082469939075836563240
151361164311722077166899069090230582931569061145739000854333160
797509290531815539144947990885796680453420181280733400557947760
3603484847395848623791071291396710437438568673291107720180048520
14244444948131811403457709641709945355054589298058963965225427680
50012359712654254557462354461533070968353496157203272703406652240
157820491234918920685273110508437935676952274178169420891859625510
451891082828262691350708250154101088529408483024175492680106495500
1183237189149899949748275839670336370115689435859930230410492138900
2851649120470561377991968892260116236036969803968312056092249734520
6360456347734592271454486409450826896564321105186581016801915829600
13191238945115067600495060482028129619606703250755156973051884145180
25541667889145352215809469978893100159801513270214690701827923345840
46335770279457001726876905971711528679648823204174287274044686681640
79002341592647390458987539920739130620077591589440150649760731793350
126946336644382369925595849416175590063795628729860784666322158226890
192721138657238623968319358087170715625546635335656292186157673077460
277033374305892224991518552395008576726204708014540089836721756249560
377834504692101562116281901089587176343971771743905465570292662495200
489816378038969382269677946676989103610284850150115427098844922932780
604582986560707799865234255114049887399719259976893406823955983882220
711608417165657531194760718668602528724471874812091244023659878631940
799854859533437760054944429620063680550921113920580111651537642029010
859698748351055826627653263935507233575469168934911439032056892680050
884687476965019821218133347904388906354037216235660238137203846008740
872677714222648095251316717569014816290124350409296229618915901630640
826081781419576412961782455148048893255336520918029496137706092107480
751205280052969266024059766742930381233206795739910365533746477939620
656903718235673253156615250489626711805388357208076507406307546097440
552937440185987401254720929520505244465687771367095504948986726762200
448425406378727356151635149382207966616372024375824270763930517189690
350703633926881502558988900978380254263215197629063296686508648165670
264734802551638841104940421143937692232366877605303680345913928472640
193053598900532392346411607275023062656699541586991735659281723513240
136115638779332300640179141988150328591278866322619012993160097170130
92867005415827212318452427403520210225816383598351882782006492129920
61360928241567411745220454601287404082493568539013159795619188743620
39295938550413381205007913187380394040527085307572108545196384487660
24410228464571988630148175023953052172126273883364318756840204102890
14719836181316481566909563503586876372297083840583168119641845902210
8623333919908793607362161274485730147008055107677162788114544370140
4911548518480623499912702738585473075468785708321419135953425071860
2721813935529435189658009124735399765042072041201783412287788797820
1468644774965052420323141511124675341255405842207538409462786406430
772166153619015651792924593758951279801039508109618161981391488040
395870724574149934505496300455399654741681755407945160236850894620
198040075506571522089003970148766964018509306924018350067197049270
96741676172253447028504917240056686660218610339743814365204595590
46177864361529644139580091577749891357226336448701550000598917020
21552994744517551124977518128894811636319007713118312434840931820
9842910862678716360076961768285523660404721234969044087185129620
4401136649136326448146102875816333447475152783603794831656095080
1928009736038815409235430054365814637005954233999553672592445660
827996910382770642456324980954984527636324541341448010622762020
348810584583243349890641484410168790222679913470217753745490470
144228989767779036119048562579785344802984665115826795923455530
58569581701185250536661629451046814302244137642021852521635120
23372069995995096102381771023530473433848450269964109980180360
9170029706000301834776563014516794961997564973052229444345740
3539403247176110640351037639358709818136294323513556627279000
1344641783270236035870989059834944985321481708282471429486280
503067560308654345545316330612332980583017910638881321589040
185442629625336785751896968602603866724934092455465829257130
67386272724689998194155969082380800388423110362360339134970
24150255821579675170027124515295748091291741149143834499240
8540146416626648729729573356592171355947659022424477580380
2981276205752069113260034932133084997148067067972359761510
1027845613264901603784962173539075977942233746242334431460
350133337429035099449620330944072594069091207320325579380
117897883267101887303356718687274844944313272377504171940
39258057210353088316908045724347921685321995825444429540
12932475278769498765300760262547757463739516571034583990
4216394292400765052141496152580286901864809615674692280
1361072659043382511260864572913869626885930198501537860
435184371089256314670353973857740804034515073193949200
137875275966141702156374171992921731894706728533277870
43300021397867458518135013573206489988450050587484900
13484800892607603291222368292534794828019173860106820
4166014199024579851271543033216219041669200926655060
1277265295935843105874030217807837948971494991606980
388767220603243646678421622995748638188115155964960
117519578723026712760128286141512906262275645233980
35294487675304763682591523421056003922654239622640
10535226513486378999598960382608052842399518570600
3126696972016590775089068668313124782121203844360
922990993834202420955495806440667344569717942180
271108909285328605766047837973130696094162349220
79266449006813399886435209498322517688813441820
23077999678226255923755715307821115073241891380
6693179673285505178607606658114331696629852440
1934427600437983137139090320754500245096532960
557333240739841693715200310098763326619830080
160129805185241406418353292080068065417907100
45895558401799113426538952054521141316854920
13126522857857931410617944858271339041710820
3747485865553589401047526491359164762728660
1068223927171830704119476900533753686265580
304106762347347964792744504754994085001100
86482547426689451196714312249755232688230
24572731343496922706120701749072798493860
6977038687416875153968803696927114183960
1979874869879604056161826025087727543380
561559196339672188664240654062941627210
159211102766671202954337832395845431980
45121889085861879389254593791064872700
12783263144343843635293982508463225500
3620184059694628064813221954697281020
1024799359458672499347414182101545450
289963539868231696333530330556603920
82000229464121456479881532106224260
23174996631130990043113717569119670
6545145650099384356497451234469430
1847027801763514621619064330194700
520762603604968708564918946517540
146681451433935707291507099922660
41270155105411072897012365751080
11597889780602683976761997570460
3255072019678160426275459920540
912301010018378910794753193510
255310821734097749579975028330
71336485773500060585074281480
19898651862200992201180660440
5540678469779619823756178220
1539880893729698902750138680
427123102107782400980693760
118226933213913555060383640
32653631721576577236758730
8998106121617721012962370
2473578011134011866779800
678269273637443690241900
185492597575491958904010
50587358291156771587620
13755710402859009977460
3728913932025686367180
1007581819774599099810
271329254480794309290
72799207939002090780
19458648925555386420
5180925914228626200
1373412442870487790
362367809827905780
95201349258196980
24891020973380250
6464489859578070
1669838279364900
430099583124060
109768108655160
27666371284380
6986348808660
1764408279960
430826418270
103855195710
26220895920
6410151000
1399643280
329071500
89765820
18902160
3161070
922050
274860
32940
3240
2700
540
0
0
6
