6
0
0
0
0
540
1890
0
1080
5460
25110
195480
294570
133380
794070
3027420
10618560
34571880
42508500
75508740
283395240
822768840
2197079100
4869100080
8437711140
21673569600
62722709100
152416052160
349003331100
748452806100
1695911859540
4262811190920
10512481100490
23739606954000
53294349741210
121396797748800
286672812474210
675360085627980
1553680067322510
3493526194352340
7958960400100410
18320248576055700
42195857069499210
96132561390455040
217451104962568560
491612446259811420
1117163595374513640
2536454381249934900
5734107950852180970
12914851527013998060
29063728961167595670
65422585161874670400
147178379146715213220
330364631584253882520
740055915130643370870
1655958562049072809080
3702775126617854412480
8271487201227127855920
18452548109594303263440
41108608935650626343280
91480035962332494155700
203380648829762458340160
451715744939120352765990
1002200447252875433355960
2221127434577344472907210
4917557296691143475473440
10877033848130868202171650
24036180112488865373179740
53065195297596457951580910
117042461098194113394427800
257914080325276159545626490
567826923265214636506182660
1249034346766736864266343460
2745068873561389373946887340
6027736928592613944258828360
13224572118459246334598382420
28989524993763238484307147360
63494765294635555373197037880
138955427270098868066093350020
303848022714509438902923486120
663871213991341833288048991350
1449311669417669486818763739480
3161506928614121122104731880690
6891027957442520424469654621740
15008387122830075564226061089170
32662302958396046821969768407120
71027271781776647815953515463540
154337572538362075366891567425780
335110970949158073033590205331080
727072827693680722809976086127680
1576307893557917570660609143772940
3414911646677361530986063694867760
7392552592714416381725581080542040
15991416916434023535182740305073500
34566698998799141263381630322930880
74663452895128961635332986838144480
161152909538656607403174770372431110
347575248613469285656320354583674060
749101746899172979060911064707083010
1613298346783714742193100690139868000
3471930963137447977534159410878723010
7466387842831665875351833265051194200
16044772805254431195951526299073293300
34454070756650134931924681978187536280
73931871039995224455647131475017502040
158528417987455774760078569045100747700
339677471976926808792681194069818447740
727294493714550777699175481031380048220
1556099498562301604831877243376631636640
3326958191888586994932846423064063305900
7107870570393044660239373497508129845590
15174452528538152976561938604710359800600
32371811891440963846406656231864723398630
69008172307924068498942974162948238140220
146998425687537041875113503030526740135130
312897885149453369659853637209458695205320
665532943971143758620587178404971704081570
1414531830640694702364701774053005616754280
3004217728350050371526564317067611653934950
6375655742525181254187873314048533849119360
13520485156120347032787789578202639089085720
28650532559929221149604213274327960682343360
60665942787722364696128150045224778966056680
128359361076362772379162450185208868222459040
271380479356889674887631760859055040114609340
573318244390834669706338247443527499240610760
1210252747494219318623864674395014909072123310
2552794979241566741211410190793738684338089880
5380355235947671216694662167763436256012347280
11330676212921198718523020749344862182180787640
23842085613114377105733030734253187148109468390
50126646434009202462892572050324837281556701500
105297991235642495529139787875992736222848902250
220997776398589696568019054815938519114142172300
463403663158191142715552472422267059889650907040
970777611662861038202430995342238276305184038340
2031659654994841051386012112990026828806240107740
4247485983617554587221723140114956676938366956640
8870288849648296868646993097942163867650679337690
18502862828830668381282870508838972159045955601860
38547915268766919181701138261396789729373509626430
80201655207148268520305812328740746392421310511340
166624733060264159147429312820019966393363366740810
345633187383547312610366877075820156423733831232300
715730708013061325793011252149167183357573611529570
1479354337742018283781846304643810890037538592948280
3051436743153282599894729078034453816921436135687650
6279977553269726011614567868114286393038161012928920
12892455274942332742853319617866765524630310409646510
26395461830394075222316873625029916701810744452200760
53879187556229517385016530107038597859729171040795980
109618198089308928942613294176493863800981338974628260
222216058997685619623606863530958125550313479192047260
448694090597164568657499045679103188457224398244766880
902086369588147066812774333950218011864175549930200720
1805092480047073629928996240435338417884032530839947440
3593563247837168013466242712360889468600719249791189540
7114380995774649307147880900645768277181193253607755240
14000300543446966425763307930902055872713140412157259760
27372835536901721435579802711866169023058132004484122440
53145927774212671266556590636536349549867722789549441520
102415538202107949217731861977122417082329331625604060620
195784378055569968599488329755274339301921446812848629540
371082542304390649487160704042381493759229177926936294120
696949181375325714080399719356981083542095790775785054740
1296348984031726185537413579459877182106792816794317901340
2386601665845374419387101623709251925618022344073120918770
4346277022404163162511944969918660696381488795885404256300
7824784056702268420054052949668638308890405958560765601630
13918070886618321714545717159264432349446498326670729813880
24443775182032413141816312060373584353826376259249715318930
42361160988683946475756808597755514223827634476204044744740
72394042256012251684886520547239755918863141750031022885480
121925858481724379443126288208517203962666387748641455322320
202240097015070462350018184240341568716128539433355050144950
330168456382559774581169476878634045620705153506805377492340
530172676489189202169489702094971988273169451451166232670800
836811019718873822424917025362468566578427881284097724219200
1297414931479980051410287371327737769004621301518650148389360
1974619217738808155416128055241574157032411780441772303617120
2948157182961664294935366441151907455540657629808332435830130
4315079677236880533155945050004582540793355589519182674253680
6187342687120870718990671558186837285135751318968290172687320
8685622481496113479563082727647767953917148779400065888540800
11928373632146482358856978313677183732935660403319182649993800
16015654546580769538461125175713075539521308181824342209914000
21008174408894403927753881403009229000449863519019193795854000
26903334278184574895932878609240084304695376823061814166861520
33611567119933603698962089543395006724944803666668125713059080
40937683784209962418717430573450669356840785721197915686585280
48572729032924077470492865805682633609937619368816328196495400
56101541281390563498598179229201075052643238151310520703193120
63029431878088319900183629118693879099217194998266635935026960
68828129810575077779300892714529638762077736257048062596824640
72996829843114432184593789893430017688567585069005600632223240
75129780952793836579288190404684473378304981990857770460569280
74978615422128244331788172151251895162869066720764936189201440
72496759776134258355320396909718653260326729062304488840909280
67855509353036925859211372219438617437067101364533483575176080
61426553118114927779969936833114055834672616960352788531341280
53732795477985091882768274134628982787805429843348961662711640
45376395108374446098428692909869552787142481314609384990244000
36958010474081579601616397342025686065206065919143738939425200
29002807419089297844311223530545342650277601923981471956458640
21906412323222980585031838909191174475706970413378542035412800
15908489891445260465589785333360318669890338664464555572148480
11094737911329485843442378877438661738184952997063242500819720
7421874714160729235042883174449364401313588561422413990401360
4756280221790474012334686329649068678148472563100353887882440
2916042605424706772137085423312425751100164303970099479325600
1707930370346789240549478545857955305683231092815477017948600
954179114057055264261413993089030679312077671590910864953040
507640788687397592017187641527080808872909036842340898396960
256729348834930126999285841398168899595588946332599280604160
123181494604794695774372296313953958337941477029995257633520
55956035005004710575374380462135427559906541496531398130880
24008736073437454214943339781549549617938389091814169379160
9704980114939459155394072691824051477339558053748063679520
3685343301859665043499203236026341907119328859168978816720
1310455708791674106817049379600435746253789940939958869440
434758485892633597884534030472767119516920576098757751280
134014762129736957536913671590173890178420323542217358880
38199635923270054093950300515085084037263135378941148000
10012632031500388887315778911471819229031352600640392480
2397535856140600386781944621089435458011270379490844240
520346076301887743451704999584707079848791695820616000
101383505912570976969636335297321407090911079099240080
17523233097190230060108380723408687829053833464875040
2646248929991309057313753777912334792937543088239760
342230067187267448635649402110643497602090312747360
36873923482625455231018830984322815274956031941600
3179840273015607252925073319139966520724244743360
205907385713958692816874347267986569776554104000
8906740233903789338301009064801947443476552320
193192493357436558330232437718554604751452800
