193192493357436558330232437718554604751452806
8906740233903789338301009064801947443476552320
205907385713958692816874347267986569776554104000
3179840273015607252925073319139966520724244743360
36873923482625455231018830984322815274956031941600
342230067187267448635649402110643497602090312747900
2646248929991309057313753777912334792937543088241650
17523233097190230060108380723408687829053833464875040
101383505912570976969636335297321407090911079099241160
520346076301887743451704999584707079848791695820621460
2397535856140600386781944621089435458011270379490869350
10012632031500388887315778911471819229031352600640587960
38199635923270054093950300515085084037263135378941442570
134014762129736957536913671590173890178420323542217492260
434758485892633597884534030472767119516920576098758545350
1310455708791674106817049379600435746253789940939961896860
3685343301859665043499203236026341907119328859168989435280
9704980114939459155394072691824051477339558053748098251400
24008736073437454214943339781549549617938389091814211887660
55956035005004710575374380462135427559906541496531473639620
123181494604794695774372296313953958337941477029995541028760
256729348834930126999285841398168899595588946332600103373000
507640788687397592017187641527080808872909036842343095476060
954179114057055264261413993089030679312077671590915734053120
1707930370346789240549478545857955305683231092815485455659740
2916042605424706772137085423312425751100164303970121152895200
4756280221790474012334686329649068678148472563100416610591540
7421874714160729235042883174449364401313588561422566406453520
11094737911329485843442378877438661738184952997063591504150820
15908489891445260465589785333360318669890338664465304024954580
21906412323222980585031838909191174475706970413380237947272340
29002807419089297844311223530545342650277601923985734767649560
36958010474081579601616397342025686065206065919154251420525690
45376395108374446098428692909869552787142481314633124597198000
53732795477985091882768274134628982787805429843402256012452850
61426553118114927779969936833114055834672616960474185329090080
67855509353036925859211372219438617437067101364820156387650290
72496759776134258355320396909718653260326729062979848926537260
74978615422128244331788172151251895162869066722318616256523950
75129780952793836579288190404684473378304981994351296654921620
72996829843114432184593789893430017688567585076964561032323650
68828129810575077779300892714529638762077736275368311172880340
63029431878088319900183629118693879099217195040462493004526170
56101541281390563498598179229201075052643238247443082093648160
48572729032924077470492865805682633609937619586267433159063960
40937683784209962418717430573450669356840786212810361946396700
33611567119933603698962089543395006724944804783831721087572720
26903334278184574895932878609240084304695379359516195416796420
21008174408894403927753881403009229000449869253127144648034970
16015654546580769538461125175713075539521321096675869223912060
11928373632146482358856978313677183732935689467048143817589470
8685622481496113479563082727647767953917214201985227763211200
6187342687120870718990671558186837285135898497347436887900540
4315079677236880533155945050004582540793685954150766928136200
2948157182961664294935366441151907455541397685723463079201000
1974619217738808155416128055241574157034067739003821376426200
1297414931479980051410287371327737769008324076645268002801840
836811019718873822424917025362468566586699368485324852075120
530172676489189202169489702094971988291621999560760535934240
330168456382559774581169476878634045661813762442456003835620
202240097015070462350018184240341568807608575395687544300650
121925858481724379443126288208517204166047036578403913662480
72394042256012251684886520547239756370578886689151375651470
42361160988683946475756808597755515226028081729079478100700
24443775182032413141816312060373586574953810836594188226140
13918070886618321714545717159264437267003795017814205287320
7824784056702268420054052949668649185924254089428967773280
4346277022404163162511944969918684732561601284750777436040
2386601665845374419387101623709304990813319940531072499680
1296348984031726185537413579459994224567891010907712329140
696949181375325714080399719357238997622421066935330681230
371082542304390649487160704042949320682494392563442476780
195784378055569968599488329756523373648688183677114973000
102415538202107949217731861979867485955890720999550947960
53145927774212671266556590642564086478460336733808269880
27372835536901721435579802725090741141517378339082504860
14000300543446966425763307959891580866476378896464407120
7114380995774649307147880964140533571816748626804793120
3593563247837168013466242851316316738699587315884539560
1805092480047073629928996544283361132393471433763433560
902086369588147066812774997821432003206008837979192070
448694090597164568657500494990772606126711217008506360
222216058997685619623610025037886739671435583923927950
109618198089308928942620185204451306321405808629250000
53879187556229517385031538494161427935293397101885150
26395461830394075222349535927988312748632714220607880
12892455274942332742924346889648542172446263925110050
6279977553269726011768905440652648468405052580354700
3051436743153282600229840048983611889955026341018730
1479354337742018284508919132337491612847514679075960
715730708013061327369319145707084754018182755302510
345633187383547316025278523753181687409797526100060
166624733060264166539981905534436348118944447282850
80201655207148284511722728762764281575161615584840
38547915268766953748400137060538053111003832557310
18502862828830743044735765637800607492032793746340
8870288849648458021556531754549567042421051768800
4247485983617902162470336609400612997292950630700
2031659654995590153132911285969087739870947190750
970777611664474336549214710084431376995323906340
463403663161663073678689920399801219300529630050
220997776406056084410850720691290352379193366500
105297991251687268334394219071944262521922195550
50126646468463273219542706982249519259744237780
23842085687046248145728255189900318623126970430
11330676371449616705978795509423431227281535340
5380355575625143193621470960444630325830795020
2552795706536060455762187889969219715718138100
1210254303593717880925469506272258285703759950
573321571349026558293333180289950563303916660
271387587227460067932292000232552548244454930
128374535528891310532139012123813578582259640
60698314599613805659974556701456643689455310
28719540732237145218103156248490908920483580
13667483581807884074662903081233165829220850
6688553627674634623847726951257992544324680
3669750672321194130147151495472583358016520
2829063661281389404729403548106011233508560
3669750672321194130147151495472583358016520
6688553627674634623847726951257992544324680
13667483581807884074662903081233165829220850
28719540732237145218103156248490908920483580
60698314599613805659974556701456643689455310
128374535528891310532139012123813578582259640
271387587227460067932292000232552548244454930
573321571349026558293333180289950563303916660
1210254303593717880925469506272258285703759950
2552795706536060455762187889969219715718138100
5380355575625143193621470960444630325830795020
11330676371449616705978795509423431227281535340
23842085687046248145728255189900318623126970430
50126646468463273219542706982249519259744237780
105297991251687268334394219071944262521922195550
220997776406056084410850720691290352379193366500
463403663161663073678689920399801219300529630050
970777611664474336549214710084431376995323906340
2031659654995590153132911285969087739870947190750
4247485983617902162470336609400612997292950630700
8870288849648458021556531754549567042421051768800
18502862828830743044735765637800607492032793746340
38547915268766953748400137060538053111003832557310
80201655207148284511722728762764281575161615584840
166624733060264166539981905534436348118944447282850
345633187383547316025278523753181687409797526100060
715730708013061327369319145707084754018182755302510
1479354337742018284508919132337491612847514679075960
3051436743153282600229840048983611889955026341018730
6279977553269726011768905440652648468405052580354700
12892455274942332742924346889648542172446263925110050
26395461830394075222349535927988312748632714220607880
53879187556229517385031538494161427935293397101885150
109618198089308928942620185204451306321405808629250000
222216058997685619623610025037886739671435583923927950
448694090597164568657500494990772606126711217008506360
902086369588147066812774997821432003206008837979192070
1805092480047073629928996544283361132393471433763433560
3593563247837168013466242851316316738699587315884539560
7114380995774649307147880964140533571816748626804793120
14000300543446966425763307959891580866476378896464407120
27372835536901721435579802725090741141517378339082504860
53145927774212671266556590642564086478460336733808269880
102415538202107949217731861979867485955890720999550947960
195784378055569968599488329756523373648688183677114973000
371082542304390649487160704042949320682494392563442476780
696949181375325714080399719357238997622421066935330681230
1296348984031726185537413579459994224567891010907712329140
2386601665845374419387101623709304990813319940531072499680
4346277022404163162511944969918684732561601284750777436040
7824784056702268420054052949668649185924254089428967773280
13918070886618321714545717159264437267003795017814205287320
24443775182032413141816312060373586574953810836594188226140
42361160988683946475756808597755515226028081729079478100700
72394042256012251684886520547239756370578886689151375651470
121925858481724379443126288208517204166047036578403913662480
202240097015070462350018184240341568807608575395687544300650
330168456382559774581169476878634045661813762442456003835620
530172676489189202169489702094971988291621999560760535934240
836811019718873822424917025362468566586699368485324852075120
1297414931479980051410287371327737769008324076645268002801840
1974619217738808155416128055241574157034067739003821376426200
2948157182961664294935366441151907455541397685723463079201000
4315079677236880533155945050004582540793685954150766928136200
6187342687120870718990671558186837285135898497347436887900540
8685622481496113479563082727647767953917214201985227763211200
11928373632146482358856978313677183732935689467048143817589470
16015654546580769538461125175713075539521321096675869223912060
21008174408894403927753881403009229000449869253127144648034970
26903334278184574895932878609240084304695379359516195416796420
33611567119933603698962089543395006724944804783831721087572720
40937683784209962418717430573450669356840786212810361946396700
48572729032924077470492865805682633609937619586267433159063960
56101541281390563498598179229201075052643238247443082093648160
63029431878088319900183629118693879099217195040462493004526170
68828129810575077779300892714529638762077736275368311172880340
72996829843114432184593789893430017688567585076964561032323650
75129780952793836579288190404684473378304981994351296654921620
74978615422128244331788172151251895162869066722318616256523950
72496759776134258355320396909718653260326729062979848926537260
67855509353036925859211372219438617437067101364820156387650290
61426553118114927779969936833114055834672616960474185329090080
53732795477985091882768274134628982787805429843402256012452850
45376395108374446098428692909869552787142481314633124597198000
36958010474081579601616397342025686065206065919154251420525690
29002807419089297844311223530545342650277601923985734767649560
21906412323222980585031838909191174475706970413380237947272340
15908489891445260465589785333360318669890338664465304024954580
11094737911329485843442378877438661738184952997063591504150820
7421874714160729235042883174449364401313588561422566406453520
4756280221790474012334686329649068678148472563100416610591540
2916042605424706772137085423312425751100164303970121152895200
1707930370346789240549478545857955305683231092815485455659740
954179114057055264261413993089030679312077671590915734053120
507640788687397592017187641527080808872909036842343095476060
256729348834930126999285841398168899595588946332600103373000
123181494604794695774372296313953958337941477029995541028760
55956035005004710575374380462135427559906541496531473639620
24008736073437454214943339781549549617938389091814211887660
9704980114939459155394072691824051477339558053748098251400
3685343301859665043499203236026341907119328859168989435280
1310455708791674106817049379600435746253789940939961896860
434758485892633597884534030472767119516920576098758545350
134014762129736957536913671590173890178420323542217492260
38199635923270054093950300515085084037263135378941442570
10012632031500388887315778911471819229031352600640587960
2397535856140600386781944621089435458011270379490869350
520346076301887743451704999584707079848791695820621460
101383505912570976969636335297321407090911079099241160
17523233097190230060108380723408687829053833464875040
2646248929991309057313753777912334792937543088241650
342230067187267448635649402110643497602090312747900
36873923482625455231018830984322815274956031941600
3179840273015607252925073319139966520724244743360
205907385713958692816874347267986569776554104000
8906740233903789338301009064801947443476552320
193192493357436558330232437718554604751452806
