-1 0
-1 0
-1 0
-1 0
-1 0
-1 0
-1 0
-1 0
-1 0
-1 0
-1 0
-1 0
-1 0
-1 0
-1 0
-1 0
-1 0
-1 0
-1 0
-1 0
-1 0
-1 0
-1 0
-1 0
-1 0
-1 0
-1 0
-1 0
0.292459 0.555248
0.292459 -0.555248
0.271874 0.52473
0.271874 -0.52473
0.302098 0.454316
0.302098 -0.454316
0.334746 0.408301
0.334746 -0.408301
0.345271 0.40698
0.345271 -0.40698
0.325851 0.391616
0.325851 -0.391616
0.344804 0.335076
0.344804 -0.335076
0.355301 0.402718
0.355301 -0.402718
0.36014 0.283609
0.36014 -0.283609
0.368631 0.304051
0.368631 -0.304051
0.372757 0.23648
0.372757 -0.23648
-0.372458 0.343363
-0.372458 -0.343363
-0.368662 0.364234
-0.368662 -0.364234
-0.374707 0.383133
-0.374707 -0.383133
-0.361287 0.399271
-0.361287 -0.399271
-0.34859 0.449624
-0.34859 -0.449624
-0.333697 0.471798
-0.333697 -0.471798
-0.325144 0.499278
-0.325144 -0.499278
-0.327311 0.51862
-0.327311 -0.51862
-0.308075 0.54831
-0.308075 -0.54831
-0.390911 0.286803
-0.390911 -0.286803
-0.39404 0.255052
-0.39404 -0.255052
-0.395332 0.235211
-0.395332 -0.235211
-0.429937 0.250928
-0.429937 -0.250928
-0.408108 0.244807
-0.408108 -0.244807
0.309694 0.473543
0.309694 -0.473543
0.319759 0.494088
0.319759 -0.494088
0.275411 0.551351
0.275411 -0.551351
0.232556 0.605276
0.232556 -0.605276
0.245182 0.630942
0.245182 -0.630942
0.247976 0.6424
0.247976 -0.6424
0.224907 0.648916
0.224907 -0.648916
0.384572 0.285735
0.384572 -0.285735
0.37995 0.301204
0.37995 -0.301204
0.353791 0.352357
0.353791 -0.352357
0.360877 0.361723
0.360877 -0.361723
-0.3585 0.448956
-0.3585 -0.448956
-0.275669 0.627294
-0.275669 -0.627294
-0.267071 0.629269
-0.267071 -0.629269
-0.290033 0.615161
-0.290033 -0.615161
-0.290507 0.636254
-0.290507 -0.636254
-0.24365 0.677715
-0.24365 -0.677715
-0.41055 0.200852
-0.41055 -0.200852
-0.410446 0.165333
-0.410446 -0.165333
-0.408922 0.141253
-0.408922 -0.141253
0.292889 0.535682
0.292889 -0.535682
0.305439 0.543107
0.305439 -0.543107
0.17905 0.700705
0.17905 -0.700705
0.152846 0.779142
0.152846 -0.779142
0.157777 0.786616
0.157777 -0.786616
0.133667 0.791141
0.133667 -0.791141
0.0941954 0.827585
0.0941954 -0.827585
-0.392995 0.354043
-0.392995 -0.354043
-0.384889 0.329518
-0.384889 -0.329518
-0.332918 0.530499
-0.332918 -0.530499
0.383388 0.193329
0.383388 -0.193329
0.396639 0.202062
0.396639 -0.202062
0.39267 0.154371
0.39267 -0.154371
0.380365 0.262694
0.380365 -0.262694
-0.202251 0.767894
-0.202251 -0.767894
-0.181711 0.786469
-0.181711 -0.786469
-0.205132 0.796246
-0.205132 -0.796246
-0.209893 0.771929
-0.209893 -0.771929
-0.378446 0.420192
-0.378446 -0.420192
-0.356885 0.496104
-0.356885 -0.496104
-0.275201 0.69277
-0.275201 -0.69277
0.272169 0.611509
0.272169 -0.611509
0.219984 0.714712
0.219984 -0.714712
0.148691 0.811981
0.148691 -0.811981
0.192277 -0.758408
0.192277 0.758408
-0.430485 -0.100451
-0.430485 0.100451
0.337532 -0.450266
0.337532 0.450266
0.389627 0.228401
0.389627 -0.228401
0.40826 0.0966852
0.40826 -0.0966852
0.401078 0.120958
0.401078 -0.120958
-0.140647 0.837394
-0.140647 -0.837394
-0.18524 0.842208
-0.18524 -0.842208
-0.324835 0.584858
-0.324835 -0.584858
-0.346255 0.604585
-0.346255 -0.604585
0.122334 0.856263
0.122334 -0.856263
0.0657686 0.92932
0.0657686 -0.92932
-0.210238 1.10108
-0.210238 -1.10108
-0.14055 0.925453
-0.14055 -0.925453
-0.398511 0.441889
-0.398511 -0.441889
-0.402495 0.295881
-0.402495 -0.295881
-0.423537 0.309005
-0.423537 -0.309005
0.323704 0.463813
0.323704 -0.463813
0.294017 0.56753
0.294017 -0.56753
0.232797 0.68314
0.232797 -0.68314
0.124999 1.11263
0.124999 -1.11263
0.194328 1.17034
0.194328 -1.17034
0.225949 1.18404
0.225949 -1.18404
0.235211 1.20882
0.235211 -1.20882
0.247645 1.23127
0.247645 -1.23127
0.229229 1.23539
0.229229 -1.23539
-0.238834 0.804773
-0.238834 -0.804773
-0.377001 0.518956
-0.377001 -0.518956
-0.422104 0.0608319
-0.422104 -0.0608319
-0.433256 0.197126
-0.433256 -0.197126
0.372164 0.326593
0.372164 -0.326593
0.3489 0.420307
0.3489 -0.420307
-0.279938 1.15747
-0.279938 -1.15747
-0.319515 1.19397
-0.319515 -1.19397
-0.328516 1.21438
-0.328516 -1.21438
-0.304349 1.21571
-0.304349 -1.21571
-0.424023 1.20501
-0.424023 -1.20501
-0.619155 1.31791
-0.619155 -1.31791
-0.616579 1.33639
-0.616579 -1.33639
-0.631927 1.26803
-0.631927 -1.26803
-0.552152 1.27739
-0.552152 -1.27739
0.387361 1.27994
0.387361 -1.27994
0.492441 1.33603
0.492441 -1.33603
0.509845 1.32913
0.509845 -1.32913
0.537494 1.36844
0.537494 -1.36844
0.581028 1.3514
0.581028 -1.3514
0.685628 1.39064
0.685628 -1.39064
0.776548 1.42495
0.776548 -1.42495
0.834471 1.41197
0.834471 -1.41197
0.941283 1.41663
0.941283 -1.41663
0.983158 1.43792
0.983158 -1.43792
1.00574 1.41516
1.00574 -1.41516
1.00713 1.4638
1.00713 -1.4638
1.15726 1.42355
1.15726 -1.42355
1.29603 1.39475
1.29603 -1.39475
1.39678 1.36337
1.39678 -1.36337
1.42438 1.39008
1.42438 -1.39008
1.45775 1.3397
1.45775 -1.3397
0.419815 1.36307
0.419815 -1.36307
0.0771476 1.15773
0.0771476 -1.15773
-0.302315 0.699618
-0.302315 -0.699618
-0.413436 0.372293
-0.413436 -0.372293
-0.433628 0.146946
-0.433628 -0.146946
-0.798841 1.33307
-0.798841 -1.33307
-0.873128 1.36742
-0.873128 -1.36742
-0.84608 1.2999
-0.84608 -1.2999
-1.03682 1.34596
-1.03682 -1.34596
-1.06526 1.2998
-1.06526 -1.2998
-1.10021 1.37439
-1.10021 -1.37439
-1.26488 1.32234
-1.26488 -1.32234
-1.28494 1.26622
-1.28494 -1.26622
-0.779253 1.39564
-0.779253 -1.39564
0.177035 1.21534
0.177035 -1.21534
0.51505 1.37984
0.51505 -1.37984
0.768923 1.44644
0.768923 -1.44644
1.22749 1.44212
1.22749 -1.44212
1.5918 1.31788
1.5918 -1.31788
0.417216 1.4202
0.417216 -1.4202
1.72474 1.23798
1.72474 -1.23798
1.87687 1.11316
1.87687 -1.11316
1.82008 1.16485
1.82008 -1.16485
1.58202 1.37673
1.58202 -1.37673
0.89146 1.49313
0.89146 -1.49313
0.653573 1.45015
0.653573 -1.45015
-1.29913 1.35283
-1.29913 -1.35283
-1.49928 1.19877
-1.49928 -1.19877
-1.47795 1.26762
-1.47795 -1.26762
-1.46449 1.31515
-1.46449 -1.31515
-1.66963 1.18937
-1.66963 -1.18937
-1.70199 1.09901
-1.70199 -1.09901
-0.689861 1.37512
-0.689861 -1.37512
-0.379012 1.26943
-0.379012 -1.26943
-0.243439 1.19017
-0.243439 -1.19017
0.40119 0.185189
0.40119 -0.185189
2.0703 0.989554
2.0703 -0.989554
2.19865 1.00595
2.19865 -1.00595
2.15655 0.855575
2.15655 -0.855575
2.20309 0.757102
2.20309 -0.757102
1.36333 1.45438
1.36333 -1.45438
1.13037 1.49413
1.13037 -1.49413
0.623276 1.50772
0.623276 -1.50772
-1.833 1.09873
-1.833 -1.09873
-1.88706 0.971127
-1.88706 -0.971127
-2.04301 0.946618
-2.04301 -0.946618
-1.01543 1.40161
-1.01543 -1.40161
-1.22571 1.39436
-1.22571 -1.39436
-1.14552 1.40037
-1.14552 -1.40037
1.77786 1.26666
1.77786 -1.26666
1.81776 1.35792
1.81776 -1.35792
1.94282 1.13311
1.94282 -1.13311
2.02508 1.19963
2.02508 -1.19963
-2.0493 0.823268
-2.0493 -0.823268
-1.58972 1.27436
-1.58972 -1.27436
-1.66829 1.24322
-1.66829 -1.24322
1.34168 1.54806
1.34168 -1.54806
0.850896 1.56154
0.850896 -1.56154
2.40513 -0.553827
2.40513 0.553827
-2.1843 0.671036
-2.1843 -0.671036
-1.9604 1.01137
-1.9604 -1.01137
0.236683 1.30429
0.236683 -1.30429
2.41601 0.344308
2.41601 -0.344308
1.09323 1.57629
1.09323 -1.57629
2.32881 0.785777
2.32881 -0.785777
-0.53842 1.32719
-0.53842 -1.32719
-0.838994 1.38606
-0.838994 -1.38606
-2.28425 -0.545302
-2.28425 0.545302
1.58657 -1.47508
1.58657 1.47508
