-1 0
-1 0
-1 0
-1 0
-1 0
-1 0
-1 0
-1 0
-1 0
-1 0
-1 0
-1 0
-1 0
-1 0
0.304263 0.542868
0.304263 -0.542868
0.299208 0.534876
0.299208 -0.534876
0.294504 0.522627
0.294504 -0.522627
0.278365 0.468202
0.278365 -0.468202
0.243494 0.543191
0.243494 -0.543191
0.241613 0.664861
0.241613 -0.664861
0.306014 0.401028
0.306014 -0.401028
0.267787 0.552204
0.267787 -0.552204
0.348782 0.386324
0.348782 -0.386324
0.328087 0.340157
0.328087 -0.340157
0.345856 0.284392
0.345856 -0.284392
0.281938 0.58936
0.281938 -0.58936
0.360343 0.232771
0.360343 -0.232771
-0.390213 0.277103
-0.390213 -0.277103
-0.385878 0.313715
-0.385878 -0.313715
0.380014 0.242152
0.380014 -0.242152
0.199168 0.628082
0.199168 -0.628082
-0.392068 0.254392
-0.392068 -0.254392
-0.364409 0.374428
-0.364409 -0.374428
-0.377608 0.363627
-0.377608 -0.363627
0.367171 0.288393
0.367171 -0.288393
0.245501 0.621641
0.245501 -0.621641
-0.359078 0.399834
-0.359078 -0.399834
-0.398152 -0.324569
-0.398152 0.324569
0.372434 0.184551
0.372434 -0.184551
0.25371 0.626199
0.25371 -0.626199
-0.421242 0.337991
-0.421242 -0.337991
-0.433774 -0.213771
-0.433774 0.213771
0.398866 0.171041
0.398866 -0.171041
-0.329374 0.507727
-0.329374 -0.507727
-0.315623 0.520398
-0.315623 -0.520398
-0.348478 0.44323
-0.348478 -0.44323
0.243941 1.2453
0.243941 -1.2453
0.377191 0.298658
0.377191 -0.298658
0.215356 0.652608
0.215356 -0.652608
-0.339785 0.509145
-0.339785 -0.509145
-0.363398 0.427659
-0.363398 -0.427659
0.351149 0.341224
0.351149 -0.341224
0.14184 0.726551
0.14184 -0.726551
-0.302234 0.557554
-0.302234 -0.557554
-0.294251 0.602249
-0.294251 -0.602249
-0.149796 0.919476
-0.149796 -0.919476
0.385659 0.27022
0.385659 -0.27022
0.15149 0.773345
0.15149 -0.773345
-0.407978 0.151996
-0.407978 -0.151996
-0.273166 0.627867
-0.273166 -0.627867
0.230541 -0.696252
0.230541 0.696252
0.330724 0.401422
0.330724 -0.401422
-0.299066 0.616944
-0.299066 -0.616944
-0.408203 0.409478
-0.408203 -0.409478
-0.226507 0.70549
-0.226507 -0.70549
0.404787 0.149949
0.404787 -0.149949
0.123656 0.794764
0.123656 -0.794764
-0.385572 0.391216
-0.385572 -0.391216
0.0608714 0.850837
0.0608714 -0.850837
0.405013 0.0618954
0.405013 -0.0618954
0.161309 0.776196
0.161309 -0.776196
-0.365879 0.46861
-0.365879 -0.46861
-0.215678 0.760649
-0.215678 -0.760649
0.357198 -0.391371
0.357198 0.391371
0.20191 0.742576
0.20191 -0.742576
-0.286753 0.672654
-0.286753 -0.672654
-0.409408 0.17856
-0.409408 -0.17856
-0.203116 0.762817
-0.203116 -0.762817
-0.366611 -1.14892
-0.366611 1.14892
0.363859 0.372339
0.363859 -0.372339
0.154883 0.800407
0.154883 -0.800407
-0.388516 0.489069
-0.388516 -0.489069
-0.213987 0.783035
-0.213987 -0.783035
0.3908 0.252627
0.3908 -0.252627
0.129077 0.846439
0.129077 -0.846439
-0.429425 0.273176
-0.429425 -0.273176
-0.173997 0.794284
-0.173997 -0.794284
-0.252065 0.789948
-0.252065 -0.789948
0.0700755 0.924297
0.0700755 -0.924297
0.326352 0.446955
0.326352 -0.446955
0.0815557 1.07572
0.0815557 -1.07572
-0.431543 0.1083
-0.431543 -0.1083
0.176065 1.15457
0.176065 -1.15457
0.383023 0.139291
0.383023 -0.139291
0.191139 1.2285
0.191139 -1.2285
-0.335456 0.560096
-0.335456 -0.560096
0.233033 1.20427
0.233033 -1.20427
0.938203 1.57803
0.938203 -1.57803
1.95807 -1.26486
1.95807 1.26486
-0.434644 -0.158854
-0.434644 0.158854
-0.316252 0.678152
-0.316252 -0.678152
0.455996 1.38184
0.455996 -1.38184
0.327169 0.470261
0.327169 -0.470261
0.256657 1.235
0.256657 -1.235
-0.195456 0.830593
-0.195456 -0.830593
0.345442 0.423564
0.345442 -0.423564
0.428581 1.29435
0.428581 -1.29435
0.340956 1.25396
0.340956 -1.25396
-0.422661 0.0653771
-0.422661 -0.0653771
0.482823 1.32861
0.482823 -1.32861
-0.405596 0.266942
-0.405596 -0.266942
0.555779 1.37176
0.555779 -1.37176
-0.324746 1.18834
-0.324746 -1.18834
0.365165 0.337328
0.365165 -0.337328
0.660533 1.38077
0.660533 -1.38077
-0.268451 1.14079
-0.268451 -1.14079
-0.359337 0.578215
-0.359337 -0.578215
0.785636 1.40174
0.785636 -1.40174
-0.345027 1.21684
-0.345027 -1.21684
0.393304 0.0972881
0.393304 -0.0972881
0.796577 1.42399
0.796577 -1.42399
-0.564832 1.21119
-0.564832 -1.21119
-0.536296 1.25802
-0.536296 -1.25802
0.549578 1.3916
0.549578 -1.3916
-1.44418 -1.15876
-1.44418 1.15876
0.687165 1.53294
0.687165 -1.53294
0.304008 0.470696
0.304008 -0.470696
0.860662 1.40836
0.860662 -1.40836
-0.263168 1.20135
-0.263168 -1.20135
1.27225 1.39396
1.27225 -1.39396
-0.775343 1.24762
-0.775343 -1.24762
-0.409056 0.2179
-0.409056 -0.2179
1.34251 1.37379
1.34251 -1.37379
-0.636229 1.31248
-0.636229 -1.31248
-0.787015 1.31405
-0.787015 -1.31405
0.996903 1.43291
0.996903 -1.43291
-1.33488 1.37158
-1.33488 -1.37158
0.31593 0.516978
0.31593 -0.516978
1.15634 1.41785
1.15634 -1.41785
-0.172601 1.05946
-0.172601 -1.05946
-0.654927 1.34045
-0.654927 -1.34045
-0.906862 1.35887
-0.906862 -1.35887
1.06556 1.45933
1.06556 -1.45933
-0.995854 1.2536
-0.995854 -1.2536
0.39047 0.20262
0.39047 -0.20262
0.71099 1.46613
0.71099 -1.46613
0.968252 1.49915
0.968252 -1.49915
0.818358 1.45226
0.818358 -1.45226
-1.03513 1.32577
-1.03513 -1.32577
1.47759 1.36495
1.47759 -1.36495
-1.22106 1.22488
-1.22106 -1.22488
-0.85204 1.40484
-0.85204 -1.40484
1.62955 1.29027
1.62955 -1.29027
-1.27793 1.29664
-1.27793 -1.29664
-1.37406 1.32318
-1.37406 -1.32318
1.22256 1.4839
1.22256 -1.4839
-1.09622 1.39429
-1.09622 -1.39429
0.0836572 1.16933
0.0836572 -1.16933
1.73915 1.21857
1.73915 -1.21857
-0.899255 1.38619
-0.899255 -1.38619
1.46471 1.42331
1.46471 -1.42331
-1.65781 1.05461
-1.65781 -1.05461
2.30586 -0.838553
2.30586 0.838553
-1.72033 1.13223
-1.72033 -1.13223
-0.582646 1.3392
-0.582646 -1.3392
1.8047 1.16663
1.8047 -1.16663
-1.85486 0.914105
-1.85486 -0.914105
-1.5089 1.23003
-1.5089 -1.23003
2.0177 1.04701
2.0177 -1.04701
-1.7036 -1.20978
-1.7036 1.20978
1.68439 1.323
1.68439 -1.323
-2.05218 0.895043
-2.05218 -0.895043
-0.325953 -1.22414
-0.325953 1.22414
2.15571 1.06821
2.15571 -1.06821
-1.15383 -1.35786
-1.15383 1.35786
2.1177 0.908106
2.1177 -0.908106
-2.02962 0.741789
-2.02962 -0.741789
1.28752 1.4261
1.28752 -1.4261
-0.75143 1.38622
-0.75143 -1.38622
-2.31068 -0.357415
-2.31068 0.357415
1.87155 -1.19258
1.87155 1.19258
0.458749 1.44668
0.458749 -1.44668
-1.79492 1.16462
-1.79492 -1.16462
2.39596 0.592668
2.39596 -0.592668
-1.9043 1.0144
-1.9043 -1.0144
1.72501 1.41845
1.72501 -1.41845
-0.412565 1.285
-0.412565 -1.285
1.20256 1.57594
1.20256 -1.57594
-2.15236 -0.80188
-2.15236 0.80188
2.41271 0.368717
2.41271 -0.368717
-1.24333 1.38445
-1.24333 -1.38445
-2.17997 0.547084
-2.17997 -0.547084
2.17234 0.804721
2.17234 -0.804721
0.258834 1.32583
0.258834 -1.32583
1.46895 1.52299
1.46895 -1.52299
-1.56025 1.26846
-1.56025 -1.26846
