-1 0
-1 0
-1 0
-1 0
-1 0
-1 0
-1 0
-1 0
-1 0
-1 0
-1 0
-1 0
-1 0
-1 0
-1 0
-1 0
0.999972 0.998692
0.999972 -0.998692
0.487898 0.553746
0.487898 -0.553746
0.487524 0.557348
0.487524 -0.557348
0.487242 0.561439
0.487242 -0.561439
0.486869 0.565791
0.486869 -0.565791
0.486438 0.570276
0.486438 -0.570276
0.485993 0.574858
0.485993 -0.574858
0.485569 0.579528
0.485569 -0.579528
0.485196 0.584287
0.485196 -0.584287
0.484918 0.589136
0.484918 -0.589136
0.4848 0.594073
0.4848 -0.594073
0.48497 0.599058
0.48497 -0.599058
0.485704 0.603837
0.485704 -0.603837
0.486388 0.607357
0.486388 -0.607357
0.486083 0.611039
0.486083 -0.611039
0.485148 0.614675
0.485148 -0.614675
0.484102 0.619513
0.484102 -0.619513
0.483916 0.623792
0.483916 -0.623792
0.481842 0.628121
0.481842 -0.628121
0.479651 0.634307
0.479651 -0.634307
0.542818 0.308692
0.542818 -0.308692
0.542217 0.311563
0.542217 -0.311563
0.540364 0.320202
0.540364 -0.320202
0.538447 0.328887
0.538447 -0.328887
0.536482 0.337624
0.536482 -0.337624
0.535162 0.343485
0.535162 -0.343485
0.533205 0.352355
0.533205 -0.352355
0.531976 0.358362
0.531976 -0.358362
0.529324 0.368783
0.529324 -0.368783
0.527427 0.3737
0.527427 -0.3737
0.526323 0.37952
0.526323 -0.37952
0.524434 0.388767
0.524434 -0.388767
0.523776 0.391898
0.523776 -0.391898
0.52177 0.401394
0.52177 -0.401394
0.521096 0.404593
0.521096 -0.404593
0.519064 0.414286
0.519064 -0.414286
0.518382 0.41755
0.518382 -0.41755
0.519743 0.411039
0.519743 -0.411039
0.515561 0.430791
0.515561 -0.430791
0.514791 0.434134
0.514791 -0.434134
0.510812 0.45052
0.510812 -0.45052
0.510075 0.453809
0.510075 -0.453809
0.509348 0.457132
0.509348 -0.457132
0.508625 0.460491
0.508625 -0.460491
0.507904 0.463886
0.507904 -0.463886
0.505014 0.477849
0.505014 -0.477849
0.50429 0.481438
0.50429 -0.481438
0.503565 0.485069
0.503565 -0.485069
0.502839 0.488741
0.502839 -0.488741
0.502112 0.492456
0.502112 -0.492456
0.501384 0.496213
0.501384 -0.496213
0.500655 0.500013
0.500655 -0.500013
0.499926 0.503857
0.499926 -0.503857
0.499198 0.507744
0.499198 -0.507744
0.498475 0.511676
0.498475 -0.511676
0.497763 0.515652
0.497763 -0.515652
0.497069 0.519676
0.497069 -0.519676
0.496414 0.523753
0.496414 -0.523753
0.495834 0.527899
0.495834 -0.527899
0.495433 0.532152
0.495433 -0.532152
0.49572 0.536584
0.49572 -0.536584
-0.000275349 0.558661
-0.000275349 -0.558661
-0.000386987 0.565141
-0.000386987 -0.565141
-0.000483123 0.572124
-0.000483123 -0.572124
-0.000561054 0.579204
-0.000561054 -0.579204
-0.000636011 0.586232
-0.000636011 -0.586232
-0.000723721 0.593313
-0.000723721 -0.593313
-0.000828643 0.600646
-0.000828643 -0.600646
-0.000945872 0.608418
-0.000945872 -0.608418
-0.00100596 0.612517
-0.00100596 -0.612517
-0.00106478 0.616779
-0.00106478 -0.616779
-0.00112026 0.62122
-0.00112026 -0.62122
-0.00117 0.625854
-0.00117 -0.625854
-0.00121127 0.630699
-0.00121127 -0.630699
-0.00124098 0.63577
-0.00124098 -0.63577
-0.00125569 0.641087
-0.00125569 -0.641087
-0.0012515 0.646673
-0.0012515 -0.646673
-0.00122401 0.652553
-0.00122401 -0.652553
-0.00116807 0.65876
-0.00116807 -0.65876
-0.00107738 0.665331
-0.00107738 -0.665331
-0.000943918 0.672313
-0.000943918 -0.672313
-0.000757119 0.679762
-0.000757119 -0.679762
-0.000502911 0.68775
-0.000502911 -0.68775
-0.000163444 0.696364
-0.000163444 -0.696364
0.000280551 0.705707
0.000280551 -0.705707
-0.000437677 0.568599
-0.000437677 -0.568599
-0.000332163 0.561807
-0.000332163 -0.561807
-0.000219116 0.555761
-0.000219116 -0.555761
-0.000165951 0.553159
-0.000165951 -0.553159
-0.000117972 0.550898
-0.000117972 -0.550898
-7.68405e-05 0.549008
-7.68405e-05 -0.549008
-4.37751e-05 0.547517
-4.37751e-05 -0.547517
-1.96228e-05 0.54644
-1.96228e-05 -0.54644
-4.92998e-06 0.545789
-4.92998e-06 -0.545789
-0.000597704 0.582723
-0.000597704 -0.582723
-0.000677716 0.589754
-0.000677716 -0.589754
-0.000774174 0.596935
-0.000774174 -0.596935
-0.000886272 0.604467
-0.000886272 -0.604467
-0.540403 0.349535
-0.540403 -0.349535
-0.539768 0.355347
-0.539768 -0.355347
-0.540893 0.346491
-0.540893 -0.346491
-0.541433 0.343449
-0.541433 -0.343449
-0.543736 0.331396
-0.543736 -0.331396
-0.543155 0.334387
-0.543155 -0.334387
-0.5449 0.32547
-0.5449 -0.32547
-0.5461 0.319608
-0.5461 -0.319608
-0.547351 0.313753
-0.547351 -0.313753
-0.548608 0.30786
-0.548608 -0.30786
-0.549833 0.301938
-0.549833 -0.301938
-0.55102 0.296006
-0.55102 -0.296006
-0.552174 0.290072
-0.552174 -0.290072
-0.553306 0.284137
-0.553306 -0.284137
-0.554426 0.2782
-0.554426 -0.2782
-0.555544 0.272257
-0.555544 -0.272257
-0.556673 0.266302
-0.556673 -0.266302
-0.557824 0.260326
-0.557824 -0.260326
-0.559004 0.254318
-0.559004 -0.254318
-0.56022 0.248259
-0.56022 -0.248259
-0.561464 0.242126
-0.561464 -0.242126
-0.563313 0.232682
-0.563313 -0.232682
-0.562711 0.235876
-0.562711 -0.235876
-0.56439 0.221158
-0.56439 -0.221158
-0.566858 0.217605
-0.566858 -0.217605
-0.575355 0.188552
-0.575355 -0.188552
-0.574063 0.195402
-0.574063 -0.195402
-0.573094 0.202613
-0.573094 -0.202613
-0.572216 0.207616
-0.572216 -0.207616
-0.570141 0.211096
-0.570141 -0.211096
-0.577472 0.178464
-0.577472 -0.178464
-0.576748 0.181807
-0.576748 -0.181807
-0.579781 0.168569
-0.579781 -0.168569
-0.578983 0.171844
-0.578983 -0.171844
-0.58245 0.158902
-0.58245 -0.158902
-0.581503 0.162099
-0.581503 -0.162099
-0.58583 0.149389
-0.58583 -0.149389
-0.584596 0.152559
-0.584596 -0.152559
-0.530723 0.386514
-0.530723 -0.386514
-0.528607 0.396307
-0.528607 -0.396307
-0.52638 0.406222
-0.52638 -0.406222
-0.52407 0.416264
-0.52407 -0.416264
-0.521698 0.426403
-0.521698 -0.426403
-0.519333 0.436623
-0.519333 -0.436623
-0.516937 0.446991
-0.516937 -0.446991
-0.514562 0.457437
-0.514562 -0.457437
-0.513034 0.464507
-0.513034 -0.464507
-0.520115 0.4332
-0.520115 -0.4332
-0.515343 0.45394
-0.515343 -0.45394
-0.510098 0.479035
-0.510098 -0.479035
-0.508669 0.486521
-0.508669 -0.486521
-0.506548 0.498034
-0.506548 -0.498034
-0.505144 0.505894
-0.505144 -0.505894
-0.503077 0.517913
-0.503077 -0.517913
-0.500376 0.53343
-0.500376 -0.53343
-0.49617 0.547892
-0.49617 -0.547892
-0.494547 0.56134
-0.494547 -0.56134
-0.492592 0.575167
-0.492592 -0.575167
-0.490983 0.589388
-0.490983 -0.589388
-0.490366 0.60768
-0.490366 -0.60768
-0.508542 0.653436
-0.508542 -0.653436
-0.485475 0.646809
-0.485475 -0.646809
-0.481013 0.652737
-0.481013 -0.652737
-0.201138 0.531212
-0.201138 -0.531212
-0.201138 0.531212
-0.201138 -0.531212
0.000838962 0.7159
0.000838962 -0.7159
0.0014855 0.727069
0.0014855 -0.727069
0.00212873 0.739344
0.00212873 -0.739344
0.0981457 0.747515
0.0981457 -0.747515
0.0961175 0.750739
0.0961175 -0.750739
0.0994939 0.745286
0.0994939 -0.745286
0.100264 0.743977
0.100264 -0.743977
0.0932594 0.755075
0.0932594 -0.755075
0.0893769 0.760691
0.0893769 -0.760691
-0.000523678 0.575669
-0.000523678 -0.575669
0.565619 0.201968
0.565619 -0.201968
0.566391 0.198777
0.566391 -0.198777
0.56486 0.205142
0.56486 -0.205142
0.563411 0.211426
0.563411 -0.211426
0.562258 0.217646
0.562258 -0.217646
0.562415 0.221857
0.562415 -0.221857
0.55958 0.227757
0.55958 -0.227757
0.55805 0.233672
0.55805 -0.233672
0.556671 0.239615
0.556671 -0.239615
0.555368 0.245528
0.555368 -0.245528
0.554123 0.251397
0.554123 -0.251397
0.552931 0.25722
0.552931 -0.25722
0.551779 0.263002
0.551779 -0.263002
0.550659 0.26875
0.550659 -0.26875
0.549559 0.274472
0.549559 -0.274472
0.548466 0.280175
0.548466 -0.280175
0.547371 0.285869
0.547371 -0.285869
0.546266 0.29156
0.546266 -0.29156
0.545142 0.297257
0.545142 -0.297257
0.544572 0.300109
0.544572 -0.300109
0.543995 0.302966
0.543995 -0.302966
0.54341 0.305827
0.54341 -0.305827
0.541608 0.314438
0.541608 -0.314438
0.539092 0.325986
0.539092 -0.325986
0.537796 0.331793
0.537796 -0.331793
0.537141 0.334705
0.537141 -0.334705
0.535822 0.34055
0.535822 -0.34055
0.534504 0.346429
0.534504 -0.346429
0.572924 0.17306
0.572924 -0.17306
0.572059 0.176265
0.572059 -0.176265
0.571215 0.179479
0.571215 -0.179479
0.570385 0.182698
0.570385 -0.182698
0.569568 0.18592
0.569568 -0.18592
0.568761 0.189142
0.568761 -0.189142
0.567963 0.192361
0.567963 -0.192361
0.567173 0.195574
0.567173 -0.195574
0.58271 0.144526
0.58271 -0.144526
0.581334 0.147724
0.581334 -0.147724
0.580053 0.150891
0.580053 -0.150891
0.578859 0.154043
0.578859 -0.154043
0.57774 0.157192
0.57774 -0.157192
0.576685 0.160345
0.576685 -0.160345
0.575685 0.163506
0.575685 -0.163506
0.57473 0.166679
0.57473 -0.166679
0.573812 0.169864
0.573812 -0.169864
-0.53203 0.380017
-0.53203 -0.380017
-0.531391 0.383266
-0.531391 -0.383266
-0.529327 0.393031
-0.529327 -0.393031
-0.527132 0.402902
-0.527132 -0.402902
-0.524848 0.412904
-0.524848 -0.412904
-0.522493 0.423015
-0.522493 -0.423015
-0.516135 0.450459
-0.516135 -0.450459
-0.51155 0.4717
-0.51155 -0.4717
-0.507253 0.494159
-0.507253 -0.494159
-0.501786 0.525941
-0.501786 -0.525941
-0.493233 0.570511
-0.493233 -0.570511
-0.489182 0.616136
-0.489182 -0.616136
-0.486394 0.630851
-0.486394 -0.630851
-0.297837 0.71463
-0.297837 -0.71463
-0.298901 0.718596
-0.298901 -0.718596
-0.300484 0.724011
-0.300484 -0.724011
-0.307129 0.740173
-0.307129 -0.740173
-0.302931 0.731163
-0.302931 -0.731163
-0.244862 0.777827
-0.244862 -0.777827
-0.240048 0.781424
-0.240048 -0.781424
-0.233913 0.786577
-0.233913 -0.786577
-0.170801 0.752664
-0.170801 -0.752664
-0.17322 0.74946
-0.17322 -0.74946
-0.16765 0.756274
-0.16765 -0.756274
-0.164434 0.760205
-0.164434 -0.760205
-0.161641 0.765434
-0.161641 -0.765434
-0.158771 0.773055
-0.158771 -0.773055
-0.097616 0.751804
-0.097616 -0.751804
-0.0959376 0.757028
-0.0959376 -0.757028
-0.0939203 0.764138
-0.0939203 -0.764138
-0.0916157 0.77398
-0.0916157 -0.77398
-0.0998088 0.745502
-0.0998088 -0.745502
-0.0989066 0.748045
-0.0989066 -0.748045
-0.10034 0.744028
-0.10034 -0.744028
-0.0878497 0.787872
-0.0878497 -0.787872
0.00264789 0.752924
0.00264789 -0.752924
0.00306663 0.768384
0.00306663 -0.768384
0.0842521 0.767808
0.0842521 -0.767808
0.0696037 0.786926
0.0696037 -0.786926
0.0776836 0.776597
0.0776836 -0.776597
0.174082 0.752475
0.174082 -0.752475
0.172889 0.756796
0.172889 -0.756796
0.171411 0.762195
0.171411 -0.762195
0.169788 0.768767
0.169788 -0.768767
0.168382 0.776608
0.168382 -0.776608
0.174968 0.749173
0.174968 -0.749173
0.175568 0.746846
0.175568 -0.746846
0.175912 0.745463
0.175912 -0.745463
0.299985 0.71808
0.299985 -0.71808
0.302492 0.722968
0.302492 -0.722968
0.30644 0.728965
0.30644 -0.728965
0.312621 0.735417
0.312621 -0.735417
0.322437 0.739671
0.322437 -0.739671
0.325701 0.744818
0.325701 -0.744818
0.326429 0.739575
0.326429 -0.739575
0.298371 0.714384
0.298371 -0.714384
0.297359 0.711816
0.297359 -0.711816
0.296799 0.710305
0.296799 -0.710305
-0.503755 0.513884
-0.503755 -0.513884
-0.495973 0.543459
-0.495973 -0.543459
-0.49518 0.556823
-0.49518 -0.556823
-0.489918 0.611825
-0.489918 -0.611825
-0.48522 0.643362
-0.48522 -0.643362
-0.535229 0.365212
-0.535229 -0.365212
-0.533328 0.369776
-0.533328 -0.369776
-0.533118 0.373412
-0.533118 -0.373412
-0.539393 0.357709
-0.539393 -0.357709
-0.538437 0.359885
-0.538437 -0.359885
-0.545493 0.322534
-0.545493 -0.322534
-0.547982 0.310811
-0.547982 -0.310811
-0.551601 0.293039
-0.551601 -0.293039
-0.553867 0.281169
-0.553867 -0.281169
-0.556107 0.269281
-0.556107 -0.269281
-0.55841 0.257327
-0.55841 -0.257327
-0.560839 0.245204
-0.560839 -0.245204
-0.564309 0.22597
-0.564309 -0.22597
-0.574691 0.191959
-0.574691 -0.191959
-0.574726 0.206461
-0.574726 -0.206461
-0.563869 0.229407
-0.563869 -0.229407
-0.595906 0.1285
-0.595906 -0.1285
-0.592121 0.136073
-0.592121 -0.136073
-0.588699 0.142935
-0.588699 -0.142935
-0.590347 0.139576
-0.590347 -0.139576
-0.604649 0.106329
-0.604649 -0.106329
-0.60146 0.115641
-0.60146 -0.115641
-0.599684 0.120107
-0.599684 -0.120107
-0.155684 0.783459
-0.155684 -0.783459
-0.105018 0.785601
-0.105018 -0.785601
-0.11083 0.788121
-0.11083 -0.788121
-0.174827 0.747018
-0.174827 -0.747018
-0.175733 0.745511
-0.175733 -0.745511
-0.297142 0.711915
-0.297142 -0.711915
-0.296747 0.710328
-0.296747 -0.710328
-0.313418 0.749024
-0.313418 -0.749024
-0.315612 0.758389
-0.315612 -0.758389
-0.306592 0.765452
-0.306592 -0.765452
0.00332074 0.787144
0.00332074 -0.787144
0.0611876 0.798384
0.0611876 -0.798384
0.236152 0.781667
0.236152 -0.781667
0.242232 0.778001
0.242232 -0.778001
0.247418 0.776429
0.247418 -0.776429
0.254451 0.778306
0.254451 -0.778306
0.452047 0.691226
0.452047 -0.691226
0.444948 0.69903
0.444948 -0.69903
0.457712 0.678997
0.457712 -0.678997
0.463848 0.667017
0.463848 -0.667017
0.467339 0.661227
0.467339 -0.661227
0.474337 0.648111
0.474337 -0.648111
0.471034 0.654916
0.471034 -0.654916
0.439408 0.70275
0.439408 -0.70275
0.426645 0.711563
0.426645 -0.711563
0.421722 0.715416
0.421722 -0.715416
0.29636 0.776025
0.29636 -0.776025
-0.424048 0.716753
-0.424048 -0.716753
-0.41917 0.721245
-0.41917 -0.721245
-0.413551 0.726633
-0.413551 -0.726633
-0.407358 0.73347
-0.407358 -0.73347
-0.399093 0.740636
-0.399093 -0.740636
-0.389656 0.746747
-0.389656 -0.746747
-0.37986 0.751849
-0.37986 -0.751849
-0.370097 0.755847
-0.370097 -0.755847
-0.361531 0.758573
-0.361531 -0.758573
-0.355378 0.761788
-0.355378 -0.761788
-0.350144 0.76677
-0.350144 -0.76677
-0.344701 0.770171
-0.344701 -0.770171
-0.335346 0.768584
-0.335346 -0.768584
-0.322962 0.764845
-0.322962 -0.764845
-0.0811672 0.800122
-0.0811672 -0.800122
-0.0689882 0.804077
-0.0689882 -0.804077
0.167827 0.785681
0.167827 -0.785681
0.168837 0.795938
0.168837 -0.795938
0.186773 0.812688
0.186773 -0.812688
0.553521 0.254314
0.553521 -0.254314
0.55235 0.260116
0.55235 -0.260116
0.551216 0.26588
0.551216 -0.26588
0.550107 0.271614
0.550107 -0.271614
0.549012 0.277325
0.549012 -0.277325
0.54792 0.283023
0.54792 -0.283023
0.54682 0.288714
0.54682 -0.288714
0.545707 0.294407
0.545707 -0.294407
0.52689 0.376534
0.52689 -0.376534
0.525716 0.382571
0.525716 -0.382571
0.525083 0.385657
0.525083 -0.385657
0.523111 0.395046
0.523111 -0.395046
0.522442 0.398212
0.522442 -0.398212
0.52042 0.407808
0.52042 -0.407808
0.517696 0.420831
0.517696 -0.420831
0.516294 0.427452
0.516294 -0.427452
0.513984 0.437459
0.513984 -0.437459
0.51235 0.444008
0.51235 -0.444008
0.511568 0.447257
0.511568 -0.447257
-0.51082 0.475349
-0.51082 -0.475349
-0.507959 0.490321
-0.507959 -0.490321
-0.504446 0.509875
-0.504446 -0.509875
-0.499055 0.536712
-0.499055 -0.536712
-0.491439 0.584611
-0.491439 -0.584611
-0.490497 0.598906
-0.490497 -0.598906
-0.490478 0.603443
-0.490478 -0.603443
-0.48545 0.636635
-0.48545 -0.636635
-0.473209 0.666276
-0.473209 -0.666276
-0.469588 0.67279
-0.469588 -0.67279
-0.465791 0.67952
-0.465791 -0.67952
-0.461774 0.686181
-0.461774 -0.686181
-0.457625 0.692519
-0.457625 -0.692519
-0.453172 0.698081
-0.453172 -0.698081
-0.447646 0.702751
-0.447646 -0.702751
-0.440166 0.706746
-0.440166 -0.706746
-0.431072 0.716299
-0.431072 -0.716299
-0.609318 0.0872234
-0.609318 -0.0872234
-0.608367 0.0919667
-0.608367 -0.0919667
-0.607274 0.0967575
-0.607274 -0.0967575
-0.611371 0.0737076
-0.611371 -0.0737076
-0.611816 0.0696083
-0.611816 -0.0696083
0.17376 -0.807684
0.17376 0.807684
0.210357 -0.796952
0.210357 0.796952
0.22029 -0.791376
0.22029 0.791376
0.228855 -0.786256
0.228855 0.786256
0.329872 -0.75795
0.329872 0.75795
0.341806 -0.768882
0.341806 0.768882
0.354239 -0.764944
0.354239 0.764944
0.363218 -0.759566
0.363218 0.759566
0.372684 -0.754125
0.372684 0.754125
0.382201 -0.748596
0.382201 0.748596
0.391654 -0.742849
0.391654 0.742849
0.400954 -0.736633
0.400954 0.736633
0.409692 -0.729604
0.409692 0.729604
0.416833 -0.721936
0.416833 0.721936
0.454722 -0.685243
0.454722 0.685243
0.460731 -0.672868
0.460731 0.672868
0.47721 -0.641186
0.47721 0.641186
0.488928 -0.639302
0.488928 0.639302
0.511265 -0.652232
0.511265 0.652232
0.508474 -0.65055
0.508474 0.65055
0.509372 -0.655338
0.509372 0.655338
-0.132065 -0.813947
-0.132065 0.813947
-0.152625 -0.798053
-0.152625 0.798053
-0.167079 -0.825723
-0.167079 0.825723
0.00576825 -0.876421
0.00576825 0.876421
0.000686106 -0.84731
0.000686106 0.84731
0.00445146 -0.811918
0.00445146 0.811918
0.0316087 -0.876811
0.0316087 0.876811
-0.141561 -1.10789
-0.141561 1.10789
-0.0393506 -0.959676
-0.0393506 0.959676
-0.042697 -0.930935
-0.042697 0.930935
-0.207281 -0.807441
-0.207281 0.807441
-0.226436 -0.792703
-0.226436 0.792703
-0.527875 -0.399597
-0.527875 0.399597
-0.542575 -0.337395
-0.542575 0.337395
-0.546721 -0.316684
-0.546721 0.316684
-0.550431 -0.298972
-0.550431 0.298972
-0.557245 -0.263317
-0.557245 0.263317
-0.580617 -0.165321
-0.580617 0.165321
-0.573501 -0.198913
-0.573501 0.198913
0.605318 -0.0889546
0.605318 0.0889546
0.607504 -0.0802381
0.607504 0.0802381
0.609311 -0.0720457
0.609311 0.0720457
0.610759 -0.0647751
0.610759 0.0647751
0.611849 -0.0589285
0.611849 0.0589285
0.612542 -0.0550789
0.612542 0.0550789
0.612723 -0.0540684
0.612723 0.0540684
0.612248 -0.0567185
0.612248 0.0567185
0.601283 -0.10234
0.601283 0.10234
0.60273 -0.0978811
0.60273 0.0978811
0.604075 -0.0934089
0.604075 0.0934089
0.594612 -0.119469
0.594612 0.119469
0.596387 -0.115344
0.596387 0.115344
0.598101 -0.111098
0.598101 0.111098
0.599737 -0.106755
0.599737 0.106755
0.589182 -0.130982
0.589182 0.130982
0.59098 -0.127294
0.59098 0.127294
0.5928 -0.123455
0.5928 0.123455
0.585765 -0.137954
0.585765 0.137954
0.587435 -0.13453
0.587435 0.13453
-0.491985 -0.579868
-0.491985 0.579868
-0.495753 -0.552346
-0.495753 0.552346
-0.513792 -0.460958
-0.513792 0.460958
-0.518545 -0.440069
-0.518545 0.440069
-0.523285 -0.419635
-0.523285 0.419635
-0.536978 -0.362375
-0.536978 0.362375
-0.544316 -0.328423
-0.544316 0.328423
-0.477189 -0.659749
-0.477189 0.659749
-0.499193 -0.652026
-0.499193 0.652026
-0.506872 -0.653335
-0.506872 0.653335
-0.488296 -0.620731
-0.488296 0.620731
-0.249375 -0.777233
-0.249375 0.777233
-0.257189 -0.779056
-0.257189 0.779056
-0.185208 -0.823643
-0.185208 0.823643
-0.132863 -0.85449
-0.132863 0.85449
-0.140412 -0.842503
-0.140412 0.842503
-0.00569218 -0.96966
-0.00569218 0.96966
0.00256937 -0.929126
0.00256937 0.929126
0.0438747 -0.929299
0.0438747 0.929299
0.0977022 -0.874535
0.0977022 0.874535
0.110333 -0.862389
0.110333 0.862389
0.121473 -0.849709
0.121473 0.849709
0.130388 -0.837982
0.130388 0.837982
0.136502 -0.827909
0.136502 0.827909
0.0577365 -0.817566
0.0577365 0.817566
-0.0293725 -0.967037
-0.0293725 0.967037
-0.0153343 -0.981172
-0.0153343 0.981172
-0.0159245 -1.01894
-0.0159245 1.01894
-0.0232849 -1.01074
-0.0232849 1.01074
-0.0227806 -0.98885
-0.0227806 0.98885
-0.100916 -0.903267
-0.100916 0.903267
-0.124866 -0.871941
-0.124866 0.871941
-0.0723849 -0.93161
-0.0723849 0.93161
-0.525619 -0.409556
-0.525619 0.409556
-0.578215 -0.175143
-0.578215 0.175143
-0.593989 -0.132389
-0.593989 0.132389
-0.610813 -0.0780466
-0.610813 0.0780466
-0.612405 -0.0623954
-0.612405 0.0623954
-0.612683 -0.057014
-0.612683 0.057014
-0.612745 -0.055214
-0.612745 0.055214
-0.612575 -0.0594346
-0.612575 0.0594346
-0.603121 -0.111036
-0.603121 0.111036
-0.501156 -0.529814
-0.501156 0.529814
-0.512287 -0.468086
-0.512287 0.468086
-0.493036 -0.685772
-0.493036 0.685772
-0.488696 -0.721812
-0.488696 0.721812
-0.268661 -0.779574
-0.268661 0.779574
-0.281759 -0.777202
-0.281759 0.777202
0.072701 -0.899267
0.072701 0.899267
0.0851752 -0.886185
0.0851752 0.886185
0.0280363 -0.944428
0.0280363 0.944428
0.266216 -0.780272
0.266216 0.780272
0.280732 -0.779453
0.280732 0.779453
0.312982 -0.770733
0.312982 0.770733
0.331695 -0.766705
0.331695 0.766705
0.346945 -0.769517
0.346945 0.769517
0.449468 -0.695606
0.449468 0.695606
0.498127 -0.69165
0.498127 0.69165
0.501558 -0.677834
0.501558 0.677834
0.505019 -0.666529
0.505019 0.666529
0.506927 -0.65842
0.506927 0.65842
0.500423 -0.647582
0.500423 0.647582
-0.217567 -0.799608
-0.217567 0.799608
-0.196185 -0.816342
-0.196185 0.816342
0.432292 -0.710814
0.432292 0.710814
0.500982 -0.781468
0.500982 0.781468
0.497415 -0.761526
0.497415 0.761526
0.49566 -0.742208
0.49566 0.742208
0.495224 -0.724208
0.495224 0.724208
0.495894 -0.707343
0.495894 0.707343
-0.487366 -0.625619
-0.487366 0.625619
-0.497984 -0.671403
-0.497984 0.671403
-0.503395 -0.660525
-0.503395 0.660525
-0.435051 -0.716007
-0.435051 0.716007
-0.489151 -0.742114
-0.489151 0.742114
-0.496962 -0.78747
-0.496962 0.78747
-0.00605375 -1.03125
-0.00605375 1.03125
-0.0313801 -1.03313
-0.0313801 1.03313
-0.0623651 -1.05339
-0.0623651 1.05339
-0.0426553 -1.04027
-0.0426553 1.04027
0.0118012 -0.958701
0.0118012 0.958701
-0.0872399 -0.917718
-0.0872399 0.917718
-0.53262 -0.376748
-0.53262 0.376748
-0.552742 -0.287104
-0.552742 0.287104
-0.559608 -0.251296
-0.559608 0.251296
-0.56851 -0.214358
-0.56851 0.214358
-0.505845 -0.501947
-0.505845 0.501947
0.532575 -0.355344
0.532575 0.355344
0.53385 -0.349385
0.53385 0.349385
0.531146 -0.364738
0.531146 0.364738
0.531444 -0.361439
0.531444 0.361439
0.507183 -0.467319
0.507183 0.467319
0.506461 -0.47079
0.506461 0.47079
0.505738 -0.474299
0.505738 0.474299
-0.509381 0.482759
-0.509381 -0.482759
-0.50933 0.862154
-0.50933 -0.862154
-0.507945 0.859809
-0.507945 -0.859809
-0.491618 0.764298
-0.491618 -0.764298
-0.294775 0.772053
-0.294775 -0.772053
-0.0560075 0.946003
-0.0560075 -0.946003
0.0128379 1.04292
0.0128379 -1.04292
0.0314051 1.05791
0.0314051 -1.05791
0.0506916 1.07369
0.0506916 -1.07369
0.0702051 1.08964
0.0702051 -1.08964
0.0588852 0.913943
0.0588852 -0.913943
0.198839 0.803335
0.198839 -0.803335
0.183538 0.816009
0.183538 -0.816009
0.74714 -0.966849
0.74714 0.966849
0.739369 -0.951243
0.739369 0.951243
0.744418 -0.94967
0.744418 0.94967
0.734154 -0.953552
0.734154 0.953552
0.722173 -0.953131
0.722173 0.953131
0.705407 -0.953327
0.705407 0.953327
0.685644 -0.952017
0.685644 0.952017
0.664519 -0.94787
0.664519 0.94787
0.643379 -0.940868
0.643379 0.940868
0.622258 -0.931776
0.622258 0.931776
0.60122 -0.920447
0.60122 0.920447
0.581405 -0.906917
0.581405 0.906917
0.564258 -0.892436
0.564258 0.892436
0.551898 -0.879937
0.551898 0.879937
-0.490656 -0.594174
-0.490656 0.594174
-0.493891 -0.565902
-0.493891 0.565902
-0.540014 -0.35254
-0.540014 0.35254
-0.541998 -0.340416
-0.541998 0.340416
-0.576042 -0.185169
-0.576042 0.185169
-0.587194 -0.146192
-0.587194 0.146192
-0.554985 0.27523
-0.554985 -0.27523
-0.573144 0.908186
-0.573144 -0.908186
-0.595294 0.92548
-0.595294 -0.92548
-0.619177 0.939382
-0.619177 -0.939382
-0.667268 0.957682
-0.667268 -0.957682
-0.729876 0.957699
-0.729876 -0.957699
-0.740279 0.966922
-0.740279 -0.966922
-0.712658 0.960835
-0.712658 -0.960835
-0.510526 0.652129
-0.510526 -0.652129
-0.11348 0.88812
-0.11348 -0.88812
-0.0829022 1.06697
-0.0829022 -1.06697
-0.102657 1.0799
-0.102657 -1.0799
-0.19247 1.15486
-0.19247 -1.15486
-0.177671 1.14266
-0.177671 -1.14266
-0.160936 1.12382
-0.160936 -1.12382
0.00297629 1.07627
0.00297629 -1.07627
0.126172 1.12937
0.126172 -1.12937
0.107466 1.1181
0.107466 -1.1181
0.54099 0.317318
0.54099 -0.317318
0.539732 0.323092
0.539732 -0.323092
0.557349 0.236645
0.557349 -0.236645
0.556011 0.242576
0.556011 -0.242576
0.554739 0.248468
0.554739 -0.248468
0.558784 0.230705
0.558784 -0.230705
0.560536 0.224839
0.560536 -0.224839
0.562764 0.214533
0.562764 -0.214533
0.564119 0.208296
0.564119 -0.208296
-0.489774 0.702937
-0.489774 -0.702937
-0.505595 0.809811
-0.505595 -0.809811
-0.619787 1.02005
-0.619787 -1.02005
-0.616781 1.02488
-0.616781 -1.02488
-0.675029 1.00307
-0.675029 -1.00307
-0.664185 1.0051
-0.664185 -1.0051
-0.654227 1.00779
-0.654227 -1.00779
-0.644794 1.01225
-0.644794 -1.01225
-0.64316 0.949958
-0.64316 -0.949958
-0.741295 0.955495
-0.741295 -0.955495
-0.741754 0.953096
-0.741754 -0.953096
-0.742262 0.988932
-0.742262 -0.988932
-0.731646 0.992847
-0.731646 -0.992847
-0.719765 0.995129
-0.719765 -0.995129
-0.708555 0.997642
-0.708555 -0.997642
-0.697589 0.999452
-0.697589 -0.999452
-0.68629 1.00119
-0.68629 -1.00119
0.291828 1.26143
0.291828 -1.26143
0.295617 1.26576
0.295617 -1.26576
0.299854 1.27069
0.299854 -1.27069
0.255031 1.20228
0.255031 -1.20228
0.262363 1.16647
0.262363 -1.16647
0.268605 1.16875
0.268605 -1.16875
0.498489 1.07644
0.498489 -1.07644
0.482769 1.08597
0.482769 -1.08597
0.486922 1.07998
0.486922 -1.07998
0.540998 1.05962
0.540998 -1.05962
0.585133 1.04204
0.585133 -1.04204
0.611485 1.03733
0.611485 -1.03733
0.61981 1.03373
0.61981 -1.03373
0.62458 1.02699
0.62458 -1.02699
0.655307 1.01417
0.655307 -1.01417
0.662689 1.01332
0.662689 -1.01332
0.672337 1.01318
0.672337 -1.01318
0.682604 1.01262
0.682604 -1.01262
0.692803 1.01179
0.692803 -1.01179
0.702729 1.01053
0.702729 -1.01053
0.712813 1.00854
0.712813 -1.00854
0.723791 1.00634
0.723791 -1.00634
0.735357 1.00476
0.735357 -1.00476
0.746984 1.00366
0.746984 -1.00366
0.758449 1.003
0.758449 -1.003
0.768846 1.00225
0.768846 -1.00225
0.776389 1.0008
0.776389 -1.0008
0.783145 1.0022
0.783145 -1.0022
0.791182 1.00242
0.791182 -1.00242
0.797321 1.00229
0.797321 -1.00229
0.803341 1.00314
0.803341 -1.00314
0.808796 1.00551
0.808796 -1.00551
0.816356 1.0084
0.816356 -1.0084
0.824555 1.01041
0.824555 -1.01041
0.832868 1.01187
0.832868 -1.01187
0.841177 1.01297
0.841177 -1.01297
0.849446 1.01382
0.849446 -1.01382
0.857658 1.01448
0.857658 -1.01448
0.865799 1.01502
0.865799 -1.01502
0.873839 1.01549
0.873839 -1.01549
0.881696 1.01596
0.881696 -1.01596
0.88913 1.01647
0.88913 -1.01647
0.895753 1.01665
0.895753 -1.01665
0.901838 1.01567
0.901838 -1.01567
0.908292 1.01343
0.908292 -1.01343
0.915252 1.01036
0.915252 -1.01036
0.928905 1.00548
0.928905 -1.00548
0.937186 1.00665
0.937186 -1.00665
0.945294 1.00642
0.945294 -1.00642
0.953278 1.00578
0.953278 -1.00578
0.961188 1.0049
0.961188 -1.0049
0.969042 1.00387
0.969042 -1.00387
0.976848 1.00272
0.976848 -1.00272
0.984606 1.00146
0.984606 -1.00146
0.992315 1.00012
0.992315 -1.00012
1.02262 0.993953
1.02262 -0.993953
1.03006 0.992226
1.03006 -0.992226
1.03744 0.990428
1.03744 -0.990428
1.04476 0.988559
1.04476 -0.988559
1.05202 0.986622
1.05202 -0.986622
1.05922 0.984616
1.05922 -0.984616
1.06636 0.982544
1.06636 -0.982544
1.07344 0.980407
1.07344 -0.980407
1.08045 0.978203
1.08045 -0.978203
1.08741 0.975933
1.08741 -0.975933
1.0943 0.97359
1.0943 -0.97359
1.10113 0.971163
1.10113 -0.971163
1.10791 0.968633
1.10791 -0.968633
1.11466 0.965978
1.11466 -0.965978
1.12143 0.963188
1.12143 -0.963188
1.12827 0.960288
1.12827 -0.960288
1.1352 0.957335
1.1352 -0.957335
1.14218 0.954378
1.14218 -0.954378
1.14917 0.951426
1.14917 -0.951426
1.15614 0.94846
1.15614 -0.94846
1.16308 0.945458
1.16308 -0.945458
1.16998 0.942406
1.16998 -0.942406
1.17686 0.939296
1.17686 -0.939296
1.18369 0.936125
1.18369 -0.936125
1.1905 0.932891
1.1905 -0.932891
1.19727 0.929594
1.19727 -0.929594
1.20401 0.926235
1.20401 -0.926235
1.21071 0.922816
1.21071 -0.922816
1.21737 0.91934
1.21737 -0.91934
1.22399 0.91581
1.22399 -0.91581
1.23057 0.912233
1.23057 -0.912233
1.23711 0.908619
1.23711 -0.908619
1.2436 0.904984
1.2436 -0.904984
1.25002 0.901363
1.25002 -0.901363
1.25632 0.897811
1.25632 -0.897811
1.2623 0.89438
1.2623 -0.89438
1.26753 0.890806
1.26753 -0.890806
1.27185 0.886103
1.27185 -0.886103
1.27941 0.878569
1.27941 -0.878569
1.28657 0.875005
1.28657 -0.875005
1.29302 0.871033
1.29302 -0.871033
1.29926 0.866892
1.29926 -0.866892
1.3054 0.862639
1.3054 -0.862639
1.31146 0.858301
1.31146 -0.858301
1.31746 0.853889
1.31746 -0.853889
1.32341 0.84941
1.32341 -0.84941
1.32932 0.84487
1.32932 -0.84487
1.33519 0.840272
1.33519 -0.840272
1.34102 0.835619
1.34102 -0.835619
1.34681 0.830914
1.34681 -0.830914
1.35257 0.826159
1.35257 -0.826159
1.3583 0.821357
1.3583 -0.821357
1.364 0.81651
1.364 -0.81651
1.36967 0.811618
1.36967 -0.811618
1.3753 0.806684
1.3753 -0.806684
1.38091 0.801708
1.38091 -0.801708
1.38649 0.796692
1.38649 -0.796692
1.39205 0.791636
1.39205 -0.791636
1.39757 0.786541
1.39757 -0.786541
1.40307 0.781406
1.40307 -0.781406
1.40853 0.77623
1.40853 -0.77623
1.41396 0.77101
1.41396 -0.77101
1.41937 0.765745
1.41937 -0.765745
1.42474 0.760432
1.42474 -0.760432
1.43009 0.755068
1.43009 -0.755068
1.4354 0.74965
1.4354 -0.74965
1.44069 0.744174
1.44069 -0.744174
1.44594 0.738638
1.44594 -0.738638
1.45117 0.733037
1.45117 -0.733037
1.45637 0.727367
1.45637 -0.727367
1.46153 0.721624
1.46153 -0.721624
1.46666 0.715803
1.46666 -0.715803
1.47175 0.7099
1.47175 -0.7099
1.4768 0.703909
1.4768 -0.703909
1.48182 0.697827
1.48182 -0.697827
1.4868 0.691648
1.4868 -0.691648
1.49172 0.685369
1.49172 -0.685369
1.49661 0.678986
1.49661 -0.678986
1.50144 0.672496
1.50144 -0.672496
1.50622 0.665898
1.50622 -0.665898
1.51093 0.659189
1.51093 -0.659189
1.51558 0.652371
1.51558 -0.652371
1.52016 0.645444
1.52016 -0.645444
1.52463 0.63841
1.52463 -0.63841
1.52897 0.631266
1.52897 -0.631266
1.53308 0.623987
1.53308 -0.623987
1.53675 0.616414
1.53675 -0.616414
1.53863 0.606944
1.53863 -0.606944
-0.610131 0.0825685
-0.610131 -0.0825685
-0.606035 0.101558
-0.606035 -0.101558
-0.59782 0.124402
-0.59782 -0.124402
-0.562091 0.23902
-0.562091 -0.23902
-0.759046 0.651037
-0.759046 -0.651037
-0.759046 0.651037
-0.759046 -0.651037
-0.867205 1.00308
-0.867205 -1.00308
-0.858976 1.00297
-0.858976 -1.00297
-0.850749 1.00272
-0.850749 -1.00272
-0.84254 1.00228
-0.84254 -1.00228
-0.834378 1.00161
-0.834378 -1.00161
-0.826317 1.00065
-0.826317 -1.00065
-0.818483 0.999383
-0.818483 -0.999383
-0.811093 0.997901
-0.811093 -0.997901
-0.80423 0.996632
-0.80423 -0.996632
-0.797457 0.995891
-0.797457 -0.995891
-0.790376 0.995498
-0.790376 -0.995498
-0.782852 0.995175
-0.782852 -0.995175
-0.774919 0.994744
-0.774919 -0.994744
-0.766515 0.994167
-0.766515 -0.994167
-0.757373 0.993244
-0.757373 -0.993244
-0.747236 0.990773
-0.747236 -0.990773
-0.744306 0.950751
-0.744306 -0.950751
-1.05652 0.974216
-1.05652 -0.974216
-1.04914 0.976288
-1.04914 -0.976288
-1.04171 0.978272
-1.04171 -0.978272
-1.03422 0.980171
-1.03422 -0.980171
-1.02669 0.981985
-1.02669 -0.981985
-1.0191 0.983716
-1.0191 -0.983716
-1.01147 0.985365
-1.01147 -0.985365
-1.0038 0.986932
-1.0038 -0.986932
-0.996092 0.988416
-0.996092 -0.988416
-0.988347 0.989816
-0.988347 -0.989816
-0.980576 0.991129
-0.980576 -0.991129
-0.97279 0.992348
-0.97279 -0.992348
-0.965005 0.993465
-0.965005 -0.993465
-0.957259 0.994465
-0.957259 -0.994465
-0.949627 0.995341
-0.949627 -0.995341
-0.942271 0.996152
-0.942271 -0.996152
-0.935415 0.997208
-0.935415 -0.997208
-0.929138 0.999248
-0.929138 -0.999248
-0.908121 1.00279
-0.908121 -1.00279
-0.899967 1.0027
-0.899967 -1.0027
-0.891807 1.00282
-0.891807 -1.00282
-0.883626 1.00297
-0.883626 -1.00297
-0.875424 1.00306
-0.875424 -1.00306
-0.530033 0.389767
-0.530033 -0.389767
-0.520904 0.429797
-0.520904 -0.429797
-0.517744 0.443528
-0.517744 -0.443528
-0.612156 0.0658133
-0.612156 -0.0658133
-0.612775 0.0541029
-0.612775 -0.0541029
-0.574976 0.207084
-0.574976 -0.207084
-1.32912 0.826497
-1.32912 -0.826497
-1.32309 0.831002
-1.32309 -0.831002
-1.31701 0.835424
-1.31701 -0.835424
-1.31087 0.839732
-1.31087 -0.839732
-1.30466 0.843858
-1.30466 -0.843858
-1.29842 0.847656
-1.29842 -0.847656
-1.29248 0.850885
-1.29248 -0.850885
-1.28764 0.853923
-1.28764 -0.853923
-1.28373 0.85803
-1.28373 -0.85803
-1.27955 0.863494
-1.27955 -0.863494
-1.27481 0.869863
-1.27481 -0.869863
-1.25839 0.881414
-1.25839 -0.881414
-1.25139 0.885167
-1.25139 -0.885167
-1.24461 0.888994
-1.24461 -0.888994
-1.2379 0.892833
-1.2379 -0.892833
-1.23121 0.89666
-1.23121 -0.89666
-1.22451 0.90046
-1.22451 -0.90046
-1.2178 0.904226
-1.2178 -0.904226
-1.21106 0.907953
-1.21106 -0.907953
-1.20429 0.911636
-1.20429 -0.911636
-1.19749 0.915274
-1.19749 -0.915274
-1.19066 0.918863
-1.19066 -0.918863
-1.1838 0.922401
-1.1838 -0.922401
-1.17691 0.925886
-1.17691 -0.925886
-1.17 0.929315
-1.17 -0.929315
-1.16306 0.932687
-1.16306 -0.932687
-1.15611 0.935996
-1.15611 -0.935996
-1.14914 0.939237
-1.14914 -0.939237
-1.14217 0.9424
-1.14217 -0.9424
-1.13517 0.945476
-1.13517 -0.945476
-1.12814 0.948466
-1.12814 -0.948466
-1.12106 0.951398
-1.12106 -0.951398
-1.11396 0.954284
-1.11396 -0.954284
-1.10687 0.957102
-1.10687 -0.957102
-1.09978 0.959834
-1.09978 -0.959834
-1.09266 0.962472
-1.09266 -0.962472
-1.08552 0.965012
-1.08552 -0.965012
-1.07834 0.967455
-1.07834 -0.967455
-1.07112 0.969802
-1.07112 -0.969802
-1.06385 0.972055
-1.06385 -0.972055
-0.333166 1.16634
-0.333166 -1.16634
-0.316826 1.16441
-0.316826 -1.16441
-0.298277 1.16191
-0.298277 -1.16191
-0.278315 1.15809
-0.278315 -1.15809
-0.259872 1.15568
-0.259872 -1.15568
-0.235411 1.16343
-0.235411 -1.16343
-0.194228 1.19707
-0.194228 -1.19707
-0.174971 1.24424
-0.174971 -1.24424
-0.167173 1.25056
-0.167173 -1.25056
-0.139786 1.25365
-0.139786 -1.25365
-0.125494 1.23708
-0.125494 -1.23708
-0.105924 1.23457
-0.105924 -1.23457
0.000955668 1.18021
0.000955668 -1.18021
0.041061 1.13902
0.041061 -1.13902
0.00675252 1.23162
0.00675252 -1.23162
0.0859497 1.21707
0.0859497 -1.21707
0.0954324 1.24522
0.0954324 -1.24522
0.111527 1.2609
0.111527 -1.2609
0.127531 1.27491
0.127531 -1.27491
0.141214 1.28691
0.141214 -1.28691
0.152354 1.29669
0.152354 -1.29669
0.161116 1.30447
0.161116 -1.30447
0.167789 1.31054
0.167789 -1.31054
0.172667 1.31509
0.172667 -1.31509
0.177914 1.32015
0.177914 -1.32015
0.175986 1.31827
0.175986 -1.31827
0.164874 1.1533
0.164874 -1.1533
0.181292 1.16513
0.181292 -1.16513
0.193876 1.1759
0.193876 -1.1759
0.089317 1.1048
0.089317 -1.1048
-0.122163 1.09344
-0.122163 -1.09344
-0.359221 1.16937
-0.359221 -1.16937
-0.37428 1.16653
-0.37428 -1.16653
-0.368229 1.16971
-0.368229 -1.16971
-0.39514 1.14658
-0.39514 -1.14658
-0.412271 1.13721
-0.412271 -1.13721
-0.431615 1.13045
-0.431615 -1.13045
-0.450927 1.1258
-0.450927 -1.1258
-0.467736 1.12393
-0.467736 -1.12393
-0.468542 1.10961
-0.468542 -1.10961
-0.476901 1.09301
-0.476901 -1.09301
-0.484142 1.08173
-0.484142 -1.08173
-0.492788 1.07914
-0.492788 -1.07914
-0.502931 1.07808
-0.502931 -1.07808
-0.511984 1.07426
-0.511984 -1.07426
-0.522531 1.06716
-0.522531 -1.06716
-0.535338 1.05958
-0.535338 -1.05958
-0.563837 1.04637
-0.563837 -1.04637
-0.549227 1.05255
-0.549227 -1.05255
-0.231186 1.20884
-0.231186 -1.20884
-0.244001 1.2279
-0.244001 -1.2279
-0.254923 1.24121
-0.254923 -1.24121
-0.264112 1.25067
-0.264112 -1.25067
-0.271814 1.25664
-0.271814 -1.25664
-0.279391 1.26034
-0.279391 -1.26034
-0.286735 1.26354
-0.286735 -1.26354
-0.292751 1.26663
-0.292751 -1.26663
-0.297021 1.26914
-0.297021 -1.26914
0.00750929 1.14095
0.00750929 -1.14095
0.290325 1.17295
0.290325 -1.17295
0.309629 1.17305
0.309629 -1.17305
0.326451 1.17275
0.326451 -1.17275
0.341283 1.17251
0.341283 -1.17251
0.354173 1.17232
0.354173 -1.17232
0.364829 1.17176
0.364829 -1.17176
0.372585 1.16922
0.372585 -1.16922
0.37949 1.16077
0.37949 -1.16077
0.39167 1.14797
0.39167 -1.14797
0.409017 1.13564
0.409017 -1.13564
0.429479 1.1246
0.429479 -1.1246
0.452294 1.1138
0.452294 -1.1138
0.48276 1.10924
0.48276 -1.10924
0.492863 1.12709
0.492863 -1.12709
0.499488 1.13167
0.499488 -1.13167
0.495235 1.13607
0.495235 -1.13607
0.489564 1.15166
0.489564 -1.15166
0.490072 1.16579
0.490072 -1.16579
0.49251 1.17712
0.49251 -1.17712
0.495327 1.18568
0.495327 -1.18568
0.497808 1.19189
0.497808 -1.19189
0.499676 1.19612
0.499676 -1.19612
0.500822 1.19858
0.500822 -1.19858
-0.502418 0.521945
-0.502418 -0.521945
-1.60323 0.321101
-1.60323 -0.321101
-1.60332 0.333638
-1.60332 -0.333638
-1.60386 0.357469
-1.60386 -0.357469
-1.60424 0.379292
-1.60424 -0.379292
-1.60362 0.399249
-1.60362 -0.399249
-1.60152 0.417939
-1.60152 -0.417939
-1.59314 0.453621
-1.59314 -0.453621
-1.58734 0.471125
-1.58734 -0.471125
-1.58071 0.48851
-1.58071 -0.48851
-1.57714 0.497158
-1.57714 -0.497158
-1.5734 0.505771
-1.5734 -0.505771
-1.5695 0.514347
-1.5695 -0.514347
-1.56541 0.522881
-1.56541 -0.522881
-1.5611 0.531374
-1.5611 -0.531374
-1.55644 0.539836
-1.55644 -0.539836
-1.55105 0.54836
-1.55105 -0.54836
-1.54108 0.553608
-1.54108 -0.553608
-1.53753 0.590227
-1.53753 -0.590227
-1.5216 0.619056
-1.5216 -0.619056
-1.51647 0.626394
-1.51647 -0.626394
-1.51152 0.633597
-1.51152 -0.633597
-1.50664 0.640673
-1.50664 -0.640673
-1.50177 0.647627
-1.50177 -0.647627
-1.49691 0.654462
-1.49691 -0.654462
-1.49201 0.661181
-1.49201 -0.661181
-1.48709 0.667789
-1.48709 -0.667789
-1.48213 0.674291
-1.48213 -0.674291
-1.47712 0.680689
-1.47712 -0.680689
-1.47208 0.68699
-1.47208 -0.68699
-1.46698 0.693199
-1.46698 -0.693199
-1.46185 0.699318
-1.46185 -0.699318
-1.45666 0.705355
-1.45666 -0.705355
-1.45144 0.711312
-1.45144 -0.711312
-1.44618 0.717194
-1.44618 -0.717194
-1.44088 0.723005
-1.44088 -0.723005
-1.43554 0.728749
-1.43554 -0.728749
-1.43017 0.734429
-1.43017 -0.734429
-1.42477 0.740049
-1.42477 -0.740049
-1.41933 0.745612
-1.41933 -0.745612
-1.41387 0.751121
-1.41387 -0.751121
-1.40839 0.756579
-1.40839 -0.756579
-1.40288 0.761986
-1.40288 -0.761986
-1.39735 0.767346
-1.39735 -0.767346
-1.39181 0.772657
-1.39181 -0.772657
-1.38625 0.777917
-1.38625 -0.777917
-1.3807 0.783121
-1.3807 -0.783121
-1.37514 0.788257
-1.37514 -0.788257
-1.36957 0.793311
-1.36957 -0.793311
-1.36397 0.798273
-1.36397 -0.798273
-1.35833 0.80314
-1.35833 -0.80314
-1.35262 0.807924
-1.35262 -0.807924
-1.34684 0.812643
-1.34684 -0.812643
-1.34099 0.81731
-1.34099 -0.81731
-1.33508 0.821929
-1.33508 -0.821929
0.60646 0.084552
0.60646 -0.084552
0.608454 0.0760539
0.608454 -0.0760539
0.610079 0.0682663
0.610079 -0.0682663
0.61135 0.0616386
0.61135 -0.0616386
0.584187 0.141277
0.584187 -0.141277
0.5281 0.371142
0.5281 -0.371142
0.517003 0.424132
0.517003 -0.424132
0.513161 0.440749
0.513161 -0.440749
0.492463 0.543639
0.492463 -0.543639
0.490428 0.547198
0.490428 -0.547198
0.48883 0.55053
0.48883 -0.55053
0.145965 1.1409
0.145965 -1.1409
0.00519395 1.30141
0.00519395 -1.30141
0.00467081 1.32814
0.00467081 -1.32814
0.00389426 1.35254
0.00389426 -1.35254
0.00281008 1.37538
0.00281008 -1.37538
0.00163695 1.39684
0.00163695 -1.39684
0.00056333 1.41702
0.00056333 -1.41702
-0.000337051 1.43603
-0.000337051 -1.43603
-0.00106323 1.45402
-0.00106323 -1.45402
-0.00163851 1.4711
-0.00163851 -1.4711
-0.00208829 1.4874
-0.00208829 -1.4874
-0.00243384 1.50301
-0.00243384 -1.50301
-0.00269161 1.518
-0.00269161 -1.518
-0.00287444 1.53244
-0.00287444 -1.53244
-0.00299268 1.54637
-0.00299268 -1.54637
-0.00305525 1.55984
-0.00305525 -1.55984
-0.00307019 1.57289
-0.00307019 -1.57289
-0.00304506 1.58554
-0.00304506 -1.58554
-0.00298701 1.59781
-0.00298701 -1.59781
-0.00290287 1.60973
-0.00290287 -1.60973
-0.00279899 1.62132
-0.00279899 -1.62132
-0.0026813 1.6326
-0.0026813 -1.6326
-0.00255521 1.6436
-0.00255521 -1.6436
-0.00242561 1.65435
-0.00242561 -1.65435
-0.00229684 1.66487
-0.00229684 -1.66487
-0.00217262 1.67522
-0.00217262 -1.67522
-0.0020559 1.68545
-0.0020559 -1.68545
-0.00194852 1.69562
-0.00194852 -1.69562
-0.00185065 1.70581
-0.00185065 -1.70581
-0.0017602 1.71608
-0.0017602 -1.71608
-0.0016724 1.7265
-0.0016724 -1.7265
-0.00158022 1.73711
-0.00158022 -1.73711
-0.00147597 1.74787
-0.00147597 -1.74787
-0.00135376 1.75871
-0.00135376 -1.75871
-0.00121167 1.76947
-0.00121167 -1.76947
-0.00105239 1.77997
-0.00105239 -1.77997
-0.000882241 1.78999
-0.000882241 -1.78999
-0.000709411 1.79933
-0.000709411 -1.79933
-0.000542348 1.8078
-0.000542348 -1.8078
-0.000388721 1.81522
-0.000388721 -1.81522
-0.000254937 1.82147
-0.000254937 -1.82147
-0.000146027 1.82643
-0.000146027 -1.82643
-6.57169e-05 1.83003
-6.57169e-05 -1.83003
-1.65499e-05 1.83221
-1.65499e-05 -1.83221
-0.0491638 1.07193
-0.0491638 -1.07193
1.61857 0.191382
1.61857 -0.191382
1.61823 0.202271
1.61823 -0.202271
1.61786 0.213683
1.61786 -0.213683
1.61747 0.225506
1.61747 -0.225506
1.6171 0.237641
1.6171 -0.237641
1.61676 0.250002
1.61676 -0.250002
1.61649 0.262511
1.61649 -0.262511
1.61629 0.275096
1.61629 -0.275096
1.61619 0.287685
1.61619 -0.287685
1.61619 0.30021
1.61619 -0.30021
1.61631 0.3126
1.61631 -0.3126
1.61651 0.324788
1.61651 -0.324788
1.61679 0.336709
1.61679 -0.336709
1.61708 0.34831
1.61708 -0.34831
1.61734 0.359553
1.61734 -0.359553
1.61748 0.370423
1.61748 -0.370423
1.61746 0.380927
1.61746 -0.380927
1.6172 0.391096
1.6172 -0.391096
1.61667 0.400972
1.61667 -0.400972
1.61584 0.410604
1.61584 -0.410604
1.61471 0.420039
1.61471 -0.420039
1.61329 0.42932
1.61329 -0.42932
1.61158 0.43848
1.61158 -0.43848
1.60961 0.447545
1.60961 -0.447545
1.6074 0.456533
1.6074 -0.456533
1.60496 0.465459
1.60496 -0.465459
1.60232 0.474329
1.60232 -0.474329
1.59949 0.483149
1.59949 -0.483149
1.5965 0.49192
1.5965 -0.49192
1.59335 0.500641
1.59335 -0.500641
1.59007 0.509309
1.59007 -0.509309
1.58666 0.517921
1.58666 -0.517921
1.58313 0.526471
1.58313 -0.526471
1.5795 0.534953
1.5795 -0.534953
1.57577 0.54336
1.57577 -0.54336
1.57195 0.551682
1.57195 -0.551682
1.56805 0.559909
1.56805 -0.559909
1.56406 0.568026
1.56406 -0.568026
1.55999 0.576012
1.55999 -0.576012
1.55581 0.583836
1.55581 -0.583836
1.55148 0.591443
1.55148 -0.591443
1.54677 0.598744
1.54677 -0.598744
-1.6149 0.173619
-1.6149 -0.173619
-1.61359 0.183584
-1.61359 -0.183584
-1.61223 0.194373
-1.61223 -0.194373
-1.61086 0.205828
-1.61086 -0.205828
-1.60952 0.217815
-1.60952 -0.217815
-1.60822 0.230216
-1.60822 -0.230216
-1.60702 0.242932
-1.60702 -0.242932
-1.60593 0.255875
-1.60593 -0.255875
-1.605 0.268961
-1.605 -0.268961
-1.60424 0.282111
-1.60424 -0.282111
-1.60369 0.295243
-1.60369 -0.295243
-1.60335 0.30827
-1.60335 -0.30827
-1.60413 0.368639
-1.60413 -0.368639
-1.6041 0.389471
-1.6041 -0.389471
-1.60276 0.408711
-1.60276 -0.408711
-1.5999 0.427001
-1.5999 -0.427001
-1.59795 0.435946
-1.59795 -0.435946
-1.59569 0.444811
-1.59569 -0.444811
-1.59035 0.46239
-1.59035 -0.46239
-1.58412 0.479832
-1.58412 -0.479832
-1.54429 0.560315
-1.54429 -0.560315
-1.54249 0.571113
-1.54249 -0.571113
-1.54004 0.580676
-1.54004 -0.580676
-1.53598 0.601877
-1.53598 -0.601877
-1.52719 0.611545
-1.52719 -0.611545
-0.549226 0.304901
-0.549226 -0.304901
-0.382111 1.15746
-0.382111 -1.15746
-0.475404 1.13615
-0.475404 -1.13615
-0.478257 1.15259
-0.478257 -1.15259
-0.483632 1.16731
-0.483632 -1.16731
-0.489004 1.17825
-0.489004 -1.17825
-0.493463 1.18635
-0.493463 -1.18635
-0.496889 1.19224
-0.496889 -1.19224
-0.499301 1.19626
-0.499301 -1.19626
-0.500733 1.19861
-0.500733 -1.19861
-0.158454 1.28919
-0.158454 -1.28919
-0.164758 1.30008
-0.164758 -1.30008
-0.169844 1.30808
-0.169844 -1.30808
-0.173717 1.31385
-0.173717 -1.31385
-0.176423 1.31776
-0.176423 -1.31776
-0.178019 1.32003
-0.178019 -1.32003
-0.150823 1.27417
-0.150823 -1.27417
0.260012 1.21724
0.260012 -1.21724
0.26665 1.22984
0.26665 -1.22984
0.273927 1.24029
0.273927 -1.24029
0.280853 1.24884
0.280853 -1.24884
0.286891 1.25582
0.286891 -1.25582
0.298279 1.26885
0.298279 -1.26885
0.526689 1.06575
0.526689 -1.06575
0.555367 1.05336
0.555367 -1.05336
0.570029 1.04726
0.570029 -1.04726
0.59981 1.03884
0.59981 -1.03884
0.639663 1.02302
0.639663 -1.02302
0.648025 1.01807
0.648025 -1.01807
0.511547 0.815602
0.511547 -0.815602
0.506139 0.800513
0.506139 -0.800513
-0.554733 0.888516
-0.554733 -0.888516
-0.602344 1.03642
-0.602344 -1.03642
-0.591616 1.0395
-0.591616 -1.0395
-0.578701 1.04198
-0.578701 -1.04198
-0.611415 1.03345
-0.611415 -1.03345
-0.634944 1.01949
-0.634944 -1.01949
-0.691139 0.961316
-0.691139 -0.961316
-0.583476 0.155725
-0.583476 -0.155725
-1.61886 0.145874
-1.61886 -0.145874
-1.61815 0.150579
-1.61815 -0.150579
-1.61723 0.15691
-1.61723 -0.15691
-1.61613 0.164661
-1.61613 -0.164661
-1.6193 0.14297
-1.6193 -0.14297
1.61945 0.145618
1.61945 -0.145618
1.61943 0.150023
1.61943 -0.150023
1.61937 0.155965
1.61937 -0.155965
1.61926 0.16326
1.61926 -0.16326
1.61909 0.171716
1.61909 -0.171716
1.61886 0.181146
1.61886 -0.181146
1.61945 0.142905
1.61945 -0.142905
0.475304 1.09865
0.475304 -1.09865
0.512392 1.07152
0.512392 -1.07152
0.7548 0.986946
0.7548 -0.986946
0.745824 0.954219
0.745824 -0.954219
-0.347352 1.16804
-0.347352 -1.16804
-0.299543 1.27075
-0.299543 -1.27075
-0.9162 1.00392
-0.9162 -1.00392
-1.5395 0.554469
-1.5395 -0.554469
1.00758 -0.997187
1.00758 0.997187
1.01513 -0.995607
1.01513 0.995607
0.254575 -1.18334
0.254575 1.18334
0.00535943 -1.27039
0.00535943 1.27039
-0.623408 -1.64644
-0.623408 1.64644
-0.623408 -1.64644
-0.623408 1.64644
-1.26629 -0.877968
-1.26629 0.877968
-1.60355 -0.345787
-1.60355 0.345787
