-1 0
-1 0
-1 0
-1 0
-1 0
-1 0
-1 0
-1 0
-1 0
-1 0
-1 0
-1 0
-1 0
-1 0
-1 0
-1 0
0.997673 0.996461
0.997673 -0.996461
0.477862 0.643849
0.477862 -0.643849
0.490578 0.551997
0.490578 -0.551997
0.490172 0.553599
0.490172 -0.553599
0.490002 0.55744
0.490002 -0.55744
0.489857 0.559628
0.489857 -0.559628
0.489654 0.561867
0.489654 -0.561867
0.50841 0.467797
0.50841 -0.467797
0.508042 0.469564
0.508042 -0.469564
0.510624 0.457383
0.510624 -0.457383
0.510254 0.459097
0.510254 -0.459097
0.509884 0.46082
0.509884 -0.46082
0.509515 0.462551
0.509515 -0.462551
0.509147 0.46429
0.509147 -0.46429
0.508778 0.466039
0.508778 -0.466039
0.507307 0.473127
0.507307 -0.473127
0.506571 0.47673
0.506571 -0.47673
0.505836 0.480373
0.505836 -0.480373
0.5051 0.484058
0.5051 -0.484058
0.504364 0.487785
0.504364 -0.487785
0.503626 0.491554
0.503626 -0.491554
0.502887 0.495366
0.502887 -0.495366
0.502146 0.499222
0.502146 -0.499222
0.501404 0.503121
0.501404 -0.503121
0.500662 0.507063
0.500662 -0.507063
0.49992 0.511048
0.49992 -0.511048
0.499184 0.515077
0.499184 -0.515077
0.498457 0.519148
0.498457 -0.519148
0.497753 0.523264
0.497753 -0.523264
0.497093 0.527428
0.497093 -0.527428
0.496538 0.531647
0.496538 -0.531647
0.532735 0.359607
0.532735 -0.359607
0.532172 0.362711
0.532172 -0.362711
0.532001 0.365926
0.532001 -0.365926
0.53 0.36975
0.53 -0.36975
0.52885 0.373633
0.52885 -0.373633
0.52831 0.376638
0.52831 -0.376638
0.527695 0.379752
0.527695 -0.379752
0.527042 0.382902
0.527042 -0.382902
0.526369 0.386074
0.526369 -0.386074
0.525685 0.389265
0.525685 -0.389265
0.524994 0.392472
0.524994 -0.392472
0.524298 0.395697
0.524298 -0.395697
0.523599 0.398937
0.523599 -0.398937
0.522896 0.402193
0.522896 -0.402193
0.522192 0.405463
0.522192 -0.405463
0.521485 0.408749
0.521485 -0.408749
0.520776 0.412048
0.520776 -0.412048
0.520064 0.41536
0.520064 -0.41536
0.519351 0.418686
0.519351 -0.418686
0.518633 0.422024
0.518633 -0.422024
0.517911 0.425377
0.517911 -0.425377
0.517179 0.428743
0.517179 -0.428743
0.516432 0.432124
0.516432 -0.432124
0.51566 0.43551
0.51566 -0.43551
0.514864 0.438886
0.514864 -0.438886
0.514061 0.44224
0.514061 -0.44224
0.513269 0.44558
0.513269 -0.44558
0.543142 0.311974
0.543142 -0.311974
0.542511 0.31489
0.542511 -0.31489
0.541875 0.317808
0.541875 -0.317808
0.541238 0.32073
0.541238 -0.32073
0.540599 0.323659
0.540599 -0.323659
0.539957 0.326597
0.539957 -0.326597
0.539311 0.329544
0.539311 -0.329544
0.53866 0.332502
0.53866 -0.332502
0.538005 0.33547
0.538005 -0.33547
0.537344 0.338447
0.537344 -0.338447
0.53668 0.341435
0.53668 -0.341435
0.536014 0.344432
0.536014 -0.344432
0.535346 0.34744
0.535346 -0.34744
0.534679 0.35046
0.534679 -0.35046
0.534016 0.353492
0.534016 -0.353492
0.533364 0.35654
0.533364 -0.35654
0.533045 0.35807
0.533045 -0.35807
0.53244 0.361153
0.53244 -0.361153
0.531968 0.364295
0.531968 -0.364295
0.530741 0.368515
0.530741 -0.368515
0.529112 0.372248
0.529112 -0.372248
0.528591 0.375111
0.528591 -0.375111
0.528009 0.378189
0.528009 -0.378189
0.527372 0.381324
0.527372 -0.381324
0.526707 0.384485
0.526707 -0.384485
0.526028 0.387667
0.526028 -0.387667
0.557338 0.241519
0.557338 -0.241519
0.555721 0.249048
0.555721 -0.249048
0.554793 0.253526
0.554793 -0.253526
0.553893 0.257977
0.553893 -0.257977
0.553016 0.262406
0.553016 -0.262406
0.552157 0.266814
0.552157 -0.266814
0.551309 0.271207
0.551309 -0.271207
0.550468 0.275588
0.550468 -0.275588
0.549628 0.279959
0.549628 -0.279959
0.548785 0.284324
0.548785 -0.284324
0.548502 0.285778
0.548502 -0.285778
0.547647 0.29014
0.547647 -0.29014
0.547071 0.293047
0.547071 -0.293047
0.546488 0.295956
0.546488 -0.295956
0.545897 0.298865
0.545897 -0.298865
0.545299 0.301776
0.545299 -0.301776
0.544693 0.304688
0.544693 -0.304688
0.544078 0.307602
0.544078 -0.307602
0.543768 0.309059
0.543768 -0.309059
0.557673 0.240003
0.557673 -0.240003
0.557007 0.243032
0.557007 -0.243032
0.556356 0.246047
0.556356 -0.246047
0.560163 0.229324
0.560163 -0.229324
0.559419 0.232381
0.559419 -0.232381
0.558705 0.235437
0.558705 -0.235437
0.558357 0.236962
0.558357 -0.236962
0.558013 0.238484
0.558013 -0.238484
0.565892 0.205076
0.565892 -0.205076
0.565118 0.208312
0.565118 -0.208312
0.56436 0.211525
0.56436 -0.211525
0.563633 0.214712
0.563633 -0.214712
0.562976 0.217884
0.562976 -0.217884
0.563326 0.221952
0.563326 -0.221952
0.561443 0.224766
0.561443 -0.224766
0.560555 0.227799
0.560555 -0.227799
0.559786 0.230851
0.559786 -0.230851
0.559059 0.233909
0.559059 -0.233909
-0.550637 0.289373
-0.550637 -0.289373
-0.549461 0.295314
-0.549461 -0.295314
-0.548558 0.299768
-0.548558 -0.299768
-0.546686 0.308661
-0.546686 -0.308661
-0.544447 0.318973
-0.544447 -0.318973
-0.543201 0.324869
-0.543201 -0.324869
-0.541977 0.330823
-0.541977 -0.330823
-0.540746 0.336848
-0.540746 -0.336848
-0.539509 0.342935
-0.539509 -0.342935
-0.538314 0.349094
-0.538314 -0.349094
-0.537505 0.355369
-0.537505 -0.355369
-0.535373 0.361346
-0.535373 -0.361346
-0.532248 0.370283
-0.532248 -0.370283
-0.531238 0.376821
-0.531238 -0.376821
-0.529918 0.383287
-0.529918 -0.383287
-0.528519 0.389789
-0.528519 -0.389789
-0.527078 0.396348
-0.527078 -0.396348
-0.525605 0.402967
-0.525605 -0.402967
-0.524105 0.409644
-0.524105 -0.409644
-0.522581 0.41637
-0.522581 -0.41637
-0.521038 0.423134
-0.521038 -0.423134
-0.519874 0.428223
-0.519874 -0.428223
-0.518334 0.435039
-0.518334 -0.435039
-0.517176 0.440196
-0.517176 -0.440196
-0.516391 0.443648
-0.516391 -0.443648
-0.514814 0.450569
-0.514814 -0.450569
-0.513645 0.455791
-0.513645 -0.455791
-0.512494 0.461063
-0.512494 -0.461063
-0.511362 0.466398
-0.511362 -0.466398
-0.510244 0.47181
-0.510244 -0.47181
-0.509138 0.477306
-0.509138 -0.477306
-0.50804 0.48289
-0.50804 -0.48289
-0.506947 0.488565
-0.506947 -0.488565
-0.506219 0.492399
-0.506219 -0.492399
-0.505492 0.496274
-0.505492 -0.496274
-0.504764 0.500189
-0.504764 -0.500189
-0.503673 0.506136
-0.503673 -0.506136
-0.502947 0.510149
-0.502947 -0.510149
-0.502225 0.514198
-0.502225 -0.514198
-0.501512 0.518277
-0.501512 -0.518277
-0.500819 0.522378
-0.500819 -0.522378
-0.500159 0.526473
-0.500159 -0.526473
-0.499847 0.528496
-0.499847 -0.528496
-0.499542 0.530478
-0.499542 -0.530478
-0.541363 0.333827
-0.541363 -0.333827
-0.541055 0.335336
-0.541055 -0.335336
-0.540126 0.339884
-0.540126 -0.339884
-0.5389 0.346004
-0.5389 -0.346004
-0.538039 0.35065
-0.538039 -0.35065
-0.537513 0.35756
-0.537513 -0.35756
-0.534741 0.362846
-0.534741 -0.362846
-0.533348 0.365818
-0.533348 -0.365818
-0.531826 0.373582
-0.531826 -0.373582
-0.53092 0.378436
-0.53092 -0.378436
-0.530258 0.381668
-0.530258 -0.381668
-0.529225 0.386532
-0.529225 -0.386532
-0.527803 0.393061
-0.527803 -0.393061
-0.526345 0.39965
-0.526345 -0.39965
-0.524858 0.406299
-0.524858 -0.406299
-0.523726 0.411321
-0.523726 -0.411321
-0.522965 0.414684
-0.522965 -0.414684
-0.551788 0.28343
-0.551788 -0.28343
-0.551502 0.284916
-0.551502 -0.284916
-0.551215 0.286402
-0.551215 -0.286402
-0.552924 0.277482
-0.552924 -0.277482
-0.553774 0.273015
-0.553774 -0.273015
-0.554342 0.270032
-0.554342 -0.270032
-0.554913 0.267045
-0.554913 -0.267045
-0.555779 0.262554
-0.555779 -0.262554
-0.556366 0.259551
-0.556366 -0.259551
-0.556662 0.258046
-0.556662 -0.258046
-0.557565 0.253517
-0.557565 -0.253517
-0.558492 0.24896
-0.558492 -0.24896
-0.559124 0.245903
-0.559124 -0.245903
-0.559767 0.242827
-0.559767 -0.242827
-0.561076 0.236609
-0.561076 -0.236609
-0.560747 0.238174
-0.560747 -0.238174
-0.562061 0.231866
-0.562061 -0.231866
-0.562996 0.227006
-0.562996 -0.227006
-0.563274 0.225333
-0.563274 -0.225333
-0.562967 0.220906
-0.562967 -0.220906
-0.567622 0.211129
-0.567622 -0.211129
-0.56645 0.21445
-0.56645 -0.21445
-0.565842 0.21609
-0.565842 -0.21609
-0.569324 0.205894
-0.569324 -0.205894
-0.57022 0.202246
-0.57022 -0.202246
-0.570968 0.198704
-0.570968 -0.198704
-0.571333 0.196967
-0.571333 -0.196967
-0.572811 0.190121
-0.572811 -0.190121
-0.574327 0.183356
-0.574327 -0.183356
-0.573944 0.185042
-0.573944 -0.185042
-0.573564 0.186731
-0.573564 -0.186731
-0.573186 0.188424
-0.573186 -0.188424
-0.575891 0.17665
-0.575891 -0.17665
-0.576699 0.173323
-0.576699 -0.173323
-0.577531 0.170016
-0.577531 -0.170016
-0.578396 0.16673
-0.578396 -0.16673
-0.579773 0.161845
-0.579773 -0.161845
-0.581283 0.157007
-0.581283 -0.157007
-0.580259 0.160228
-0.580259 -0.160228
-0.582387 0.1538
-0.582387 -0.1538
-0.58423 0.148988
-0.58423 -0.148988
-0.586342 0.144117
-0.586342 -0.144117
-0.582975 0.152198
-0.582975 -0.152198
-0.547319 0.305701
-0.547319 -0.305701
-0.545725 0.31309
-0.545725 -0.31309
-0.545083 0.316034
-0.545083 -0.316034
-0.544132 0.320444
-0.544132 -0.320444
-0.54351 0.323391
-0.54351 -0.323391
-0.000196378 0.565404
-0.000196378 -0.565404
-0.000244023 0.572422
-0.000244023 -0.572422
-0.000282845 0.579519
-0.000282845 -0.579519
-0.000311123 0.584806
-0.000311123 -0.584806
-0.000342861 0.590109
-0.000342861 -0.590109
-0.000379826 0.595513
-0.000379826 -0.595513
-0.000421906 0.60111
-0.000421906 -0.60111
-0.000467703 0.606979
-0.000467703 -0.606979
-0.000499192 0.611075
-0.000499192 -0.611075
-0.000530436 0.615339
-0.000530436 -0.615339
-0.000560375 0.619787
-0.000560375 -0.619787
-0.000587766 0.624435
-0.000587766 -0.624435
-0.000611168 0.629299
-0.000611168 -0.629299
-0.000628937 0.634398
-0.000628937 -0.634398
-0.000639219 0.639751
-0.000639219 -0.639751
-0.000639938 0.64538
-0.000639938 -0.64538
-0.000628748 0.651312
-0.000628748 -0.651312
-0.000617858 0.654402
-0.000617858 -0.654402
-0.000602934 0.65758
-0.000602934 -0.65758
-0.000559213 0.664222
-0.000559213 -0.664222
-0.000529381 0.667698
-0.000529381 -0.667698
-0.000493416 0.671286
-0.000493416 -0.671286
-0.00045058 0.674995
-0.00045058 -0.674995
-0.000400016 0.678833
-0.000400016 -0.678833
-0.000340727 0.682809
-0.000340727 -0.682809
-0.000271569 0.686936
-0.000271569 -0.686936
-0.000191253 0.691225
-0.000191253 -0.691225
-9.83885e-05 0.695689
-9.83885e-05 -0.695689
8.41502e-06 0.700345
8.41502e-06 -0.700345
0.000130333 0.705207
0.000130333 -0.705207
0.000267943 0.710292
0.000267943 -0.710292
0.000420611 0.715616
0.000420611 -0.715616
0.000585687 0.721195
0.000585687 -0.721195
0.000757747 0.72704
0.000757747 -0.72704
-0.000583547 0.660852
-0.000583547 -0.660852
-0.000640913 0.642529
-0.000640913 -0.642529
-0.000635138 0.637041
-0.000635138 -0.637041
-0.000600064 0.626839
-0.000600064 -0.626839
-0.000574475 0.622085
-0.000574475 -0.622085
-0.000514906 0.613185
-0.000514906 -0.613185
-0.000483418 0.609007
-0.000483418 -0.609007
-0.000436855 0.603033
-0.000436855 -0.603033
-0.000407376 0.599218
-0.000407376 -0.599218
-0.000366898 0.593695
-0.000366898 -0.593695
-0.000354574 0.591894
-0.000354574 -0.591894
-0.000331744 0.588334
-0.000331744 -0.588334
-0.000301462 0.583045
-0.000301462 -0.583045
-0.000292084 0.581284
-0.000292084 -0.581284
-0.000273583 0.577749
-0.000273583 -0.577749
-0.000254324 0.574199
-0.000254324 -0.574199
-0.000233117 0.570648
-0.000233117 -0.570648
-0.000221542 0.568883
-0.000221542 -0.568883
-0.000154771 0.560426
-0.000154771 -0.560426
-0.000168989 0.562042
-0.000168989 -0.562042
-0.000126091 0.557361
-0.000126091 -0.557361
-9.81987e-05 0.554567
-9.81987e-05 -0.554567
-0.000111965 0.555926
-0.000111965 -0.555926
-7.23201e-05 0.552094
-7.23201e-05 -0.552094
-8.4939e-05 0.553287
-8.4939e-05 -0.553287
-6.04609e-05 0.55099
-6.04609e-05 -0.55099
-4.94645e-05 0.549981
-4.94645e-05 -0.549981
-3.94199e-05 0.54907
-3.94199e-05 -0.54907
-3.04019e-05 0.548259
-3.04019e-05 -0.548259
-2.24732e-05 0.547552
-2.24732e-05 -0.547552
-1.56851e-05 0.54695
-1.56851e-05 -0.54695
-1.00789e-05 0.546456
-1.00789e-05 -0.546456
-0.000209284 0.567132
-0.000209284 -0.567132
-0.000264131 0.575976
-0.000264131 -0.575976
-0.000321186 0.586568
-0.000321186 -0.586568
-0.000393332 0.597353
-0.000393332 -0.597353
-0.00045215 0.604988
-0.00045215 -0.604988
-0.000545642 0.617539
-0.000545642 -0.617539
-0.000620867 0.631818
-0.000620867 -0.631818
-0.000635991 0.648306
-0.000635991 -0.648306
-0.100053 0.744612
-0.100053 -0.744612
-0.0978915 0.749598
-0.0978915 -0.749598
-0.0960373 0.753907
-0.0960373 -0.753907
-0.0948888 0.756619
-0.0948888 -0.756619
-0.0935819 0.759763
-0.0935819 -0.759763
-0.0921065 0.763399
-0.0921065 -0.763399
-0.0904451 0.767602
-0.0904451 -0.767602
-0.0885553 0.772464
-0.0885553 -0.772464
-0.0970354 0.751579
-0.0970354 -0.751579
-0.0986138 0.747931
-0.0986138 -0.747931
-0.0992103 0.746557
-0.0992103 -0.746557
-0.0996881 0.745455
-0.0996881 -0.745455
-0.100311 0.744017
-0.100311 -0.744017
-0.100464 0.743662
-0.100464 -0.743662
-5.68675e-06 0.54607
-5.68675e-06 -0.54607
-2.5329e-06 0.545793
-2.5329e-06 -0.545793
-0.000182907 0.563704
-0.000182907 -0.563704
-0.000140415 0.558863
-0.000140415 -0.558863
-6.34035e-07 0.545627
-6.34035e-07 -0.545627
0.0999674 0.74455
0.0999674 -0.74455
0.0989578 0.746372
0.0989578 -0.746372
0.0982358 0.747652
0.0982358 -0.747652
0.0973526 0.749194
0.0973526 -0.749194
0.0962926 0.751015
0.0962926 -0.751015
0.0950378 0.753134
0.0950378 -0.753134
0.0935681 0.755577
0.0935681 -0.755577
0.0918617 0.758373
0.0918617 -0.758373
0.0898962 0.761556
0.0898962 -0.761556
0.0995316 0.745342
0.0995316 -0.745342
0.100455 0.743656
0.100455 -0.743656
0.100273 0.74399
0.100273 -0.74399
0.175659 0.746116
0.175659 -0.746116
0.174502 0.749485
0.174502 -0.749485
0.173914 0.751122
0.173914 -0.751122
0.173213 0.753025
0.173213 -0.753025
0.172394 0.7552
0.172394 -0.7552
0.171452 0.757657
0.171452 -0.757657
0.170387 0.760409
0.170387 -0.760409
0.169204 0.763478
0.169204 -0.763478
0.167918 0.766896
0.167918 -0.766896
0.166562 0.77071
0.166562 -0.77071
0.175368 0.746985
0.175368 -0.746985
0.175863 0.745498
0.175863 -0.745498
0.175984 0.745127
0.175984 -0.745127
-0.548252 0.301252
-0.548252 -0.301252
-0.547004 0.307182
-0.547004 -0.307182
-0.546367 0.310139
-0.546367 -0.310139
-0.552641 0.27897
-0.552641 -0.27897
-0.5552 0.26555
-0.5552 -0.26555
-0.55349 0.274505
-0.55349 -0.274505
-0.550053 0.292344
-0.550053 -0.292344
-0.549758 0.293829
-0.549758 -0.293829
-0.519102 0.431625
-0.519102 -0.431625
-0.515601 0.447104
-0.515601 -0.447104
-0.514033 0.454046
-0.514033 -0.454046
-0.511737 0.464612
-0.511737 -0.464612
-0.508772 0.479157
-0.508772 -0.479157
-0.505855 0.494331
-0.505855 -0.494331
-0.494982 0.550653
-0.494982 -0.550653
-0.493398 0.561941
-0.493398 -0.561941
-0.494379 0.555128
-0.494379 -0.555128
-0.49241 0.568872
-0.49241 -0.568872
-0.491185 0.57829
-0.491185 -0.57829
-0.490018 0.604285
-0.490018 -0.604285
-0.489926 0.608351
-0.489926 -0.608351
-0.489043 0.61453
-0.489043 -0.61453
-0.488172 0.618984
-0.488172 -0.618984
-0.486734 0.626281
-0.486734 -0.626281
-0.485736 0.631573
-0.485736 -0.631573
-0.484456 0.639184
-0.484456 -0.639184
-0.48626 0.628872
-0.48626 -0.628872
0.573618 0.173904
0.573618 -0.173904
0.572761 0.177178
0.572761 -0.177178
0.57192 0.180461
0.57192 -0.180461
0.571093 0.183751
0.571093 -0.183751
0.570276 0.187045
0.570276 -0.187045
0.569466 0.190338
0.569466 -0.190338
0.568662 0.193629
0.568662 -0.193629
0.567864 0.196914
0.567864 -0.196914
0.56707 0.200189
0.56707 -0.200189
0.566283 0.203451
0.566283 -0.203451
0.565503 0.206697
0.565503 -0.206697
0.564736 0.209922
0.564736 -0.209922
0.563991 0.213122
0.563991 -0.213122
0.563291 0.216297
0.563291 -0.216297
0.562695 0.219501
0.562695 -0.219501
0.562042 0.223239
0.562042 -0.223239
0.560973 0.22628
0.560973 -0.22628
0.551873 0.26828
0.551873 -0.26828
0.551028 0.272669
0.551028 -0.272669
0.550188 0.277045
0.550188 -0.277045
0.549348 0.281414
0.549348 -0.281414
0.548218 0.287232
0.548218 -0.287232
0.54736 0.291593
0.54736 -0.291593
0.546193 0.29741
0.546193 -0.29741
0.540919 0.322194
0.540919 -0.322194
0.580684 0.151346
0.580684 -0.151346
0.579494 0.154542
0.579494 -0.154542
0.578383 0.157738
0.578383 -0.157738
0.577339 0.160943
0.577339 -0.160943
0.57635 0.164161
0.57635 -0.164161
0.575406 0.167394
0.575406 -0.167394
0.574498 0.170642
0.574498 -0.170642
0.574055 0.172272
0.574055 -0.172272
0.573187 0.17554
0.573187 -0.17554
0.572339 0.178819
0.572339 -0.178819
0.571505 0.182106
0.571505 -0.182106
0.570683 0.185398
0.570683 -0.185398
0.56987 0.188692
0.56987 -0.188692
0.569063 0.191984
0.569063 -0.191984
0.568262 0.195273
0.568262 -0.195273
0.567466 0.198553
0.567466 -0.198553
0.566676 0.201822
0.566676 -0.201822
-0.201138 0.531212
-0.201138 -0.531212
-0.201138 0.531212
-0.201138 -0.531212
-0.297199 0.711901
-0.297199 -0.711901
-0.297977 0.714591
-0.297977 -0.714591
-0.298519 0.716385
-0.298519 -0.716385
-0.299187 0.718501
-0.299187 -0.718501
-0.300007 0.720959
-0.300007 -0.720959
-0.301019 0.723782
-0.301019 -0.723782
-0.30228 0.726991
-0.30228 -0.726991
-0.303876 0.730588
-0.303876 -0.730588
-0.297541 0.713102
-0.297541 -0.713102
-0.296761 0.710325
-0.296761 -0.710325
-0.296654 0.709936
-0.296654 -0.709936
-0.296941 0.710979
-0.296941 -0.710979
-0.175961 0.745134
-0.175961 -0.745134
-0.172584 0.751281
-0.172584 -0.751281
-0.168429 0.757326
-0.168429 -0.757326
-0.165199 0.761953
-0.165199 -0.761953
-0.16373 0.764826
-0.16373 -0.764826
-0.162161 0.768327
-0.162161 -0.768327
-0.16036 0.772459
-0.16036 -0.772459
-0.15833 0.777268
-0.15833 -0.777268
-0.170015 0.755174
-0.170015 -0.755174
-0.166765 0.759546
-0.166765 -0.759546
-0.173558 0.749639
-0.173558 -0.749639
-0.171407 0.753138
-0.171407 -0.753138
-0.174971 0.747076
-0.174971 -0.747076
-0.174348 0.748234
-0.174348 -0.748234
-0.17544 0.746171
-0.17544 -0.746171
-0.175767 0.745523
-0.175767 -0.745523
-0.552357 0.280457
-0.552357 -0.280457
-0.55818 0.250482
-0.55818 -0.250482
-0.557262 0.255029
-0.557262 -0.255029
-0.561734 0.233457
-0.561734 -0.233457
-0.560418 0.239731
-0.560418 -0.239731
-0.565193 0.217728
-0.565193 -0.217728
-0.568203 0.209431
-0.568203 -0.209431
-0.572067 0.19353
-0.572067 -0.19353
-0.569805 0.204064
-0.569805 -0.204064
-0.578843 0.165096
-0.578843 -0.165096
-0.577959 0.16837
-0.577959 -0.16837
-0.575494 0.17832
-0.575494 -0.17832
-0.587913 0.140787
-0.587913 -0.140787
-0.585605 0.145753
-0.585605 -0.145753
-0.589613 0.137349
-0.589613 -0.137349
-0.591422 0.133765
-0.591422 -0.133765
-0.592358 0.131909
-0.592358 -0.131909
-0.590506 0.135577
-0.590506 -0.135577
-0.52065 0.424829
-0.52065 -0.424829
-0.518717 0.43333
-0.518717 -0.43333
-0.516784 0.441921
-0.516784 -0.441921
-0.510988 0.468193
-0.510988 -0.468193
-0.507675 0.484772
-0.507675 -0.484772
-0.495472 0.544072
-0.495472 -0.544072
-0.49469 0.552884
-0.49469 -0.552884
-0.490912 0.580675
-0.490912 -0.580675
-0.490228 0.587891
-0.490228 -0.587891
-0.489863 0.595142
-0.489863 -0.595142
-0.489842 0.597529
-0.489842 -0.597529
-0.493729 0.559657
-0.493729 -0.559657
-0.491777 0.573556
-0.491777 -0.573556
0.297001 0.710951
0.297001 -0.710951
0.298907 0.716204
0.298907 -0.716204
0.300748 0.720592
0.300748 -0.720592
0.303598 0.726246
0.303598 -0.726246
0.308069 0.732972
0.308069 -0.732972
0.311096 0.736489
0.311096 -0.736489
0.314612 0.739968
0.314612 -0.739968
0.318509 0.743727
0.318509 -0.743727
0.322019 0.74866
0.322019 -0.74866
0.299729 0.718242
0.299729 -0.718242
0.302015 0.723262
0.302015 -0.723262
0.305586 0.729511
0.305586 -0.729511
0.297719 0.713021
0.297719 -0.713021
0.298246 0.714468
0.298246 -0.714468
0.297308 0.711851
0.297308 -0.711851
0.296787 0.710314
0.296787 -0.710314
0.296661 0.709933
0.296661 -0.709933
0.487467 0.602277
0.487467 -0.602277
0.487931 0.608103
0.487931 -0.608103
0.487425 0.611899
0.487425 -0.611899
0.486601 0.616024
0.486601 -0.616024
0.485707 0.62049
0.485707 -0.62049
0.484693 0.625646
0.484693 -0.625646
0.48314 0.630091
0.48314 -0.630091
0.487267 0.635109
0.487267 -0.635109
0.480629 0.636897
0.480629 -0.636897
0.479263 0.640372
0.479263 -0.640372
0.47489 0.650828
0.47489 -0.650828
0.473271 0.6543
0.473271 -0.6543
0.471541 0.657701
0.471541 -0.657701
0.469737 0.660966
0.469737 -0.660966
0.467951 0.664081
0.467951 -0.664081
0.466256 0.667109
0.466256 -0.667109
0.464659 0.670143
0.464659 -0.670143
0.46311 0.673241
0.46311 -0.673241
0.461559 0.676405
0.461559 -0.676405
0.459984 0.679609
0.459984 -0.679609
0.458393 0.682816
0.458393 -0.682816
0.456816 0.685987
0.456816 -0.685987
0.455292 0.689061
0.455292 -0.689061
0.453847 0.69192
0.453847 -0.69192
0.452387 0.694384
0.452387 -0.694384
0.450637 0.696414
0.450637 -0.696414
0.448428 0.698229
0.448428 -0.698229
0.445824 0.700015
0.445824 -0.700015
0.442935 0.70181
0.442935 -0.70181
0.43983 0.703558
0.43983 -0.703558
0.436561 0.704988
0.436561 -0.704988
0.427158 0.711899
0.427158 -0.711899
0.42433 0.713342
0.42433 -0.713342
0.422022 0.715116
0.422022 -0.715116
0.420103 0.717705
0.420103 -0.717705
0.00108832 0.739577
0.00108832 -0.739577
0.00122935 0.746305
0.00122935 -0.746305
0.00134932 0.753396
0.00134932 -0.753396
0.00145283 0.760944
0.00145283 -0.760944
0.00154984 0.769106
0.00154984 -0.769106
0.00164922 0.778128
0.00164922 -0.778128
0.000928513 0.733163
0.000928513 -0.733163
-0.305923 0.734531
-0.305923 -0.734531
-0.308528 0.73866
-0.308528 -0.73866
-0.311614 0.742668
-0.311614 -0.742668
-0.314681 0.746398
-0.314681 -0.746398
-0.317164 0.750344
-0.317164 -0.750344
-0.319011 0.755322
-0.319011 -0.755322
-0.489938 0.592731
-0.489938 -0.592731
-0.489413 0.612415
-0.489413 -0.612415
-0.479746 0.649465
-0.479746 -0.649465
-0.476449 0.656531
-0.476449 -0.656531
-0.47282 0.6633
-0.47282 -0.6633
-0.469377 0.66981
-0.469377 -0.66981
-0.464075 0.679862
-0.464075 -0.679862
-0.458434 0.689629
-0.458434 -0.689629
-0.452452 0.697761
-0.452452 -0.697761
-0.44711 0.701934
-0.44711 -0.701934
-0.440199 0.705523
-0.440199 -0.705523
-0.425734 0.714527
-0.425734 -0.714527
-0.421301 0.717754
-0.421301 -0.717754
-0.41904 0.720829
-0.41904 -0.720829
-0.521812 0.419748
-0.521812 -0.419748
-0.527441 0.394703
-0.527441 -0.394703
-0.526712 0.397997
-0.526712 -0.397997
-0.525232 0.404631
-0.525232 -0.404631
-0.537588 0.353794
-0.537588 -0.353794
-0.53681 0.358507
-0.53681 -0.358507
-0.534092 0.364349
-0.534092 -0.364349
-0.532148 0.368559
-0.532148 -0.368559
-0.547632 0.304219
-0.547632 -0.304219
-0.544764 0.317504
-0.544764 -0.317504
-0.542589 0.327837
-0.542589 -0.327837
-0.542283 0.329328
-0.542283 -0.329328
-0.531542 0.375204
-0.531542 -0.375204
0.0876484 0.765163
0.0876484 -0.765163
0.0850938 0.769231
0.0850938 -0.769231
0.0822023 0.773788
0.0822023 -0.773788
0.0789326 0.778841
0.0789326 -0.778841
0.0752307 0.784351
0.0752307 -0.784351
0.0710636 0.790183
0.0710636 -0.790183
0.0665755 0.796033
0.0665755 -0.796033
0.0626366 0.801444
0.0626366 -0.801444
0.0620499 0.80734
0.0620499 -0.80734
0.515265 0.4372
0.515265 -0.4372
0.513662 0.443911
0.513662 -0.443911
0.512497 0.448924
0.512497 -0.448924
0.511741 0.452287
0.511741 -0.452287
0.511367 0.453978
0.511367 -0.453978
0.510995 0.455677
0.510995 -0.455677
0.499551 0.513057
0.499551 -0.513057
0.498819 0.517107
0.498819 -0.517107
0.496355 0.533779
0.496355 -0.533779
0.496766 0.537819
0.496766 -0.537819
0.493511 0.544357
0.493511 -0.544357
0.492052 0.548348
0.492052 -0.548348
0.489418 0.564133
0.489418 -0.564133
0.488647 0.571041
0.488647 -0.571041
0.48814 0.57573
0.48814 -0.57573
0.487677 0.580487
0.487677 -0.580487
0.48729 0.585313
0.48729 -0.585313
0.487026 0.590201
0.487026 -0.590201
0.486958 0.595128
0.486958 -0.595128
0.487202 0.599982
0.487202 -0.599982
0.487766 0.604378
0.487766 -0.604378
0.487743 0.609961
0.487743 -0.609961
0.487056 0.613928
0.487056 -0.613928
0.486145 0.618276
0.486145 -0.618276
0.485057 0.622876
0.485057 -0.622876
0.484561 0.627561
0.484561 -0.627561
0.481931 0.633411
0.481931 -0.633411
-0.512876 0.459299
-0.512876 -0.459299
-0.508406 0.481019
-0.508406 -0.481019
-0.503309 0.508138
-0.503309 -0.508138
-0.500484 0.524429
-0.500484 -0.524429
-0.498312 0.535968
-0.498312 -0.535968
-0.49511 0.542174
-0.49511 -0.542174
-0.492736 0.566549
-0.492736 -0.566549
-0.4877 0.621328
-0.4877 -0.621328
-0.482783 0.642458
-0.482783 -0.642458
-0.485493 0.637517
-0.485493 -0.637517
-0.481283 0.64594
-0.481283 -0.64594
-0.243049 0.778707
-0.243049 -0.778707
-0.237821 0.783151
-0.237821 -0.783151
-0.231262 0.788865
-0.231262 -0.788865
-0.227485 0.792058
-0.227485 -0.792058
-0.223379 0.795456
-0.223379 -0.795456
-0.218949 0.799069
-0.218949 -0.799069
-0.214208 0.802922
-0.214208 -0.802922
-0.209189 0.807044
-0.209189 -0.807044
-0.203973 0.811445
-0.203973 -0.811445
-0.198718 0.816041
-0.198718 -0.816041
-0.193577 0.820467
-0.193577 -0.820467
-0.18824 0.824011
-0.18824 -0.824011
-0.181574 0.826342
-0.181574 -0.826342
-0.172108 0.827914
-0.172108 -0.827914
-0.143975 0.810478
-0.143975 -0.810478
-0.107287 0.788069
-0.107287 -0.788069
-0.0835881 0.784497
-0.0835881 -0.784497
-0.0800491 0.791614
-0.0800491 -0.791614
-0.0751722 0.799186
-0.0751722 -0.799186
-0.0685641 0.803662
-0.0685641 -0.803662
-0.0644534 0.804234
-0.0644534 -0.804234
0.599089 0.110835
0.599089 -0.110835
0.597344 0.115197
0.597344 -0.115197
0.595529 0.11943
0.595529 -0.11943
0.59367 0.123512
0.59367 -0.123512
0.591798 0.127432
0.591798 -0.127432
0.589949 0.131188
0.589949 -0.131188
0.588157 0.13479
0.588157 -0.13479
0.586449 0.138259
0.586449 -0.138259
0.584844 0.141621
0.584844 -0.141621
0.58335 0.144906
0.58335 -0.144906
0.582644 0.146528
0.582644 -0.146528
0.581965 0.14814
0.581965 -0.14814
0.581312 0.149746
0.581312 -0.149746
0.580078 0.152945
0.580078 -0.152945
0.578929 0.156139
0.578929 -0.156139
0.577853 0.159339
0.577853 -0.159339
0.576838 0.162551
0.576838 -0.162551
0.575873 0.165776
0.575873 -0.165776
0.574948 0.169016
0.574948 -0.169016
-0.598996 0.117586
-0.598996 -0.117586
-0.597138 0.12191
-0.597138 -0.12191
-0.595228 0.126055
-0.595228 -0.126055
-0.596187 0.124006
-0.596187 -0.124006
-0.594267 0.128055
-0.594267 -0.128055
-0.467666 0.673144
-0.467666 -0.673144
-0.495241 0.548436
-0.495241 -0.548436
-0.51795 0.436754
-0.51795 -0.436754
-0.515207 0.448835
-0.515207 -0.448835
-0.552073 0.281944
-0.552073 -0.281944
-0.549162 0.296799
-0.549162 -0.296799
-0.557871 0.252001
-0.557871 -0.252001
-0.556072 0.261054
-0.556072 -0.261054
-0.555489 0.264053
-0.555489 -0.264053
-0.554057 0.271524
-0.554057 -0.271524
-0.571699 0.195243
-0.571699 -0.195243
-0.567039 0.212799
-0.567039 -0.212799
-0.562696 0.228646
-0.562696 -0.228646
-0.56443 0.219388
-0.56443 -0.219388
-0.607215 0.0919274
-0.607215 -0.0919274
-0.60602 0.0966843
-0.60602 -0.0966843
-0.604686 0.101443
-0.604686 -0.101443
-0.603216 0.106167
-0.603216 -0.106167
-0.601615 0.110819
-0.601615 -0.110819
-0.609616 0.080304
-0.609616 -0.080304
-0.609201 0.0825767
-0.609201 -0.0825767
-0.608754 0.084881
-0.608754 -0.084881
-0.611244 0.069643
-0.611244 -0.069643
-0.610975 0.0716577
-0.610975 -0.0716577
-0.61 0.0780691
-0.61 -0.0780691
0.163911 0.779808
0.163911 -0.779808
0.162875 0.78525
0.162875 -0.78525
0.162236 0.791376
0.162236 -0.791376
0.162061 0.798515
0.162061 -0.798515
0.220013 0.794826
0.220013 -0.794826
0.224416 0.791702
0.224416 -0.791702
0.228493 0.788743
0.228493 -0.788743
0.232249 0.78595
0.232249 -0.78595
0.238796 0.780979
0.238796 -0.780979
0.244087 0.777367
0.244087 -0.777367
0.248808 0.77659
0.248808 -0.77659
0.252001 0.777702
0.252001 -0.777702
0.256542 0.779298
0.256542 -0.779298
0.262464 0.780617
0.262464 -0.780617
0.269375 0.781191
0.269375 -0.781191
0.276873 0.78092
0.276873 -0.78092
0.284711 0.779872
0.284711 -0.779872
0.29278 0.778152
0.29278 -0.778152
0.301063 0.77587
0.301063 -0.77587
0.309618 0.773158
0.309618 -0.773158
0.318588 0.770251
0.318588 -0.770251
0.327962 0.767755
0.327962 -0.767755
0.332951 0.767749
0.332951 -0.767749
0.337636 0.770492
0.337636 -0.770492
0.356539 0.766886
0.356539 -0.766886
0.360948 0.764199
0.360948 -0.764199
0.365525 0.761402
0.365525 -0.761402
0.370191 0.758544
0.370191 -0.758544
0.374895 0.755645
0.374895 -0.755645
0.37961 0.752709
0.37961 -0.752709
0.384321 0.749728
0.384321 -0.749728
0.389021 0.746688
0.389021 -0.746688
0.393701 0.743559
0.393701 -0.743559
0.398345 0.740302
0.398345 -0.740302
0.402911 0.736862
0.402911 -0.736862
0.407308 0.733189
0.407308 -0.733189
0.411387 0.729273
0.411387 -0.729273
0.414961 0.725205
0.414961 -0.725205
0.417873 0.721219
0.417873 -0.721219
0.522544 0.403826
0.522544 -0.403826
0.52042 0.413702
0.52042 -0.413702
0.519708 0.417021
0.519708 -0.417021
0.518992 0.420353
0.518992 -0.420353
0.518273 0.423699
0.518273 -0.423699
0.517546 0.427058
0.517546 -0.427058
0.516808 0.430432
0.516808 -0.430432
0.516049 0.433817
0.516049 -0.433817
0.514462 0.440565
0.514462 -0.440565
0.51288 0.447251
0.51288 -0.447251
0.512117 0.450603
0.512117 -0.450603
0.503257 0.493455
0.503257 -0.493455
0.502517 0.497289
0.502517 -0.497289
0.501775 0.501166
0.501775 -0.501166
0.501033 0.505087
0.501033 -0.505087
0.500291 0.50905
0.500291 -0.50905
0.496795 0.52953
0.496795 -0.52953
0.496339 0.535914
0.496339 -0.535914
0.494221 0.542508
0.494221 -0.542508
0.490069 0.555384
0.490069 -0.555384
0.488907 0.568721
0.488907 -0.568721
0.48839 0.573377
0.48839 -0.573377
0.487901 0.5781
0.487901 -0.5781
0.487471 0.582891
0.487471 -0.582891
0.487139 0.58775
0.487139 -0.58775
0.486962 0.592663
0.486962 -0.592663
0.487033 0.597578
0.487033 -0.597578
0.487951 0.606278
0.487951 -0.606278
-0.322321 0.76542
-0.322321 -0.76542
-0.319933 0.76195
-0.319933 -0.76195
-0.313804 0.766315
-0.313804 -0.766315
-0.30697 0.769657
-0.30697 -0.769657
-0.299909 0.773098
-0.299909 -0.773098
-0.292583 0.776084
-0.292583 -0.776084
-0.285155 0.778394
-0.285155 -0.778394
-0.277778 0.779941
-0.277778 -0.779941
-0.270621 0.780668
-0.270621 -0.780668
-0.263917 0.78055
-0.263917 -0.78055
-0.25322 0.778313
-0.25322 -0.778313
-0.2473 0.776671
-0.2473 -0.776671
-0.240597 0.780723
-0.240597 -0.780723
-0.234709 0.785885
-0.234709 -0.785885
-0.436024 0.705991
-0.436024 -0.705991
-0.42938 0.713563
-0.42938 -0.713563
-0.423144 0.715649
-0.423144 -0.715649
-0.413311 0.727538
-0.413311 -0.727538
-0.410047 0.73128
-0.410047 -0.73128
-0.406256 0.735154
-0.406256 -0.735154
-0.401999 0.738879
-0.401999 -0.738879
-0.397464 0.742355
-0.397464 -0.742355
-0.392784 0.745599
-0.392784 -0.745599
-0.388024 0.748656
-0.388024 -0.748656
-0.378352 0.7543
-0.378352 -0.7543
-0.368562 0.759161
-0.368562 -0.759161
-0.359871 0.762395
-0.359871 -0.762395
-0.354105 0.767119
-0.354105 -0.767119
-0.347414 0.771879
-0.347414 -0.771879
-0.343881 0.772531
-0.343881 -0.772531
-0.339562 0.771873
-0.339562 -0.771873
-0.33434 0.770402
-0.33434 -0.770402
-0.328551 0.76828
-0.328551 -0.76828
-0.490428 0.585477
-0.490428 -0.585477
-0.490062 0.590311
-0.490062 -0.590311
-0.489948 0.602129
-0.489948 -0.602129
-0.489716 0.610362
-0.489716 -0.610362
-0.487214 0.623758
-0.487214 -0.623758
-0.485244 0.634536
-0.485244 -0.634536
-0.478144 0.653004
-0.478144 -0.653004
-0.47465 0.659984
-0.47465 -0.659984
-0.471069 0.666536
-0.471069 -0.666536
-0.465898 0.676505
-0.465898 -0.676505
-0.462211 0.68319
-0.462211 -0.68319
-0.491799 0.644392
-0.491799 -0.644392
-0.498164 0.647861
-0.498164 -0.647861
-0.50327 0.649663
-0.50327 -0.649663
-0.510993 0.651661
-0.510993 -0.651661
-0.510432 0.654165
-0.510432 -0.654165
-0.507005 0.659893
-0.507005 -0.659893
-0.510615 0.469997
-0.510615 -0.469997
-0.509874 0.473632
-0.509874 -0.473632
-0.521425 0.42144
-0.521425 -0.42144
-0.520262 0.426525
-0.520262 -0.426525
-0.529574 0.384908
-0.529574 -0.384908
-0.528874 0.388159
-0.528874 -0.388159
-0.539817 0.341407
-0.539817 -0.341407
-0.539202 0.344467
-0.539202 -0.344467
-0.538602 0.347546
-0.538602 -0.347546
-0.537648 0.3567
-0.537648 -0.3567
-0.576292 0.174984
-0.576292 -0.174984
-0.575102 0.179995
-0.575102 -0.179995
-0.583588 0.150595
-0.583588 -0.150595
-0.580762 0.158615
-0.580762 -0.158615
0.608797 0.0770304
0.608797 -0.0770304
0.607865 0.0813635
0.607865 -0.0813635
0.606825 0.0858221
0.606825 -0.0858221
0.605673 0.0903633
0.605673 -0.0903633
0.604407 0.094948
0.604407 -0.094948
0.603026 0.0995402
0.603026 -0.0995402
0.602293 0.101828
0.602293 -0.101828
0.601531 0.104106
0.601531 -0.104106
0.600743 0.106369
0.600743 -0.106369
0.599928 0.108613
0.599928 -0.108613
0.598227 0.113031
0.598227 -0.113031
0.596444 0.117331
0.596444 -0.117331
0.594603 0.121491
0.594603 -0.121491
0.592733 0.125493
0.592733 -0.125493
0.590869 0.12933
0.590869 -0.12933
0.589044 0.133007
0.589044 -0.133007
0.587291 0.13654
0.587291 -0.13654
0.585633 0.139951
0.585633 -0.139951
0.584083 0.143271
0.584083 -0.143271
0.00176716 0.788365
0.00176716 -0.788365
0.00182602 0.800285
0.00182602 -0.800285
0.00216176 0.81436
0.00216176 -0.81436
0.00102562 0.831273
0.00102562 -0.831273
0.00355186 0.847949
0.00355186 -0.847949
0.00752421 0.879106
0.00752421 -0.879106
0.0229836 0.915218
0.0229836 -0.915218
0.023276 0.926871
0.023276 -0.926871
-0.00544756 0.876719
-0.00544756 -0.876719
0.0791061 0.842329
0.0791061 -0.842329
0.125016 0.844381
0.125016 -0.844381
0.13872 0.830797
0.13872 -0.830797
0.133803 0.829997
0.133803 -0.829997
0.165192 0.774987
0.165192 -0.774987
0.163376 0.80801
0.163376 -0.80801
0.17107 0.817271
0.17107 -0.817271
0.179484 0.820298
0.179484 -0.820298
0.185397 0.820567
0.185397 -0.820567
0.189573 0.818367
0.189573 -0.818367
0.1941 0.814156
0.1941 -0.814156
0.199401 0.809661
0.199401 -0.809661
0.204889 0.805488
0.204889 -0.805488
0.210226 0.801669
0.210226 -0.801669
0.215281 0.798135
0.215281 -0.798135
0.174984 0.748107
0.174984 -0.748107
-0.0983748 0.816536
-0.0983748 -0.816536
-0.128905 0.81925
-0.128905 -0.81925
-0.125164 0.825313
-0.125164 -0.825313
-0.107391 0.787813
-0.107391 -0.787813
-0.0777953 0.806048
-0.0777953 -0.806048
-0.127061 0.865795
-0.127061 -0.865795
-0.116602 0.883788
-0.116602 -0.883788
-0.110448 0.891864
-0.110448 -0.891864
-0.104072 0.899647
-0.104072 -0.899647
-0.0975049 0.907204
-0.0975049 -0.907204
-0.0907604 0.914568
-0.0907604 -0.914568
-0.0838557 0.921765
-0.0838557 -0.921765
-0.0768139 0.928834
-0.0768139 -0.928834
-0.0696344 0.935841
-0.0696344 -0.935841
-0.0622685 0.942861
-0.0622685 -0.942861
-0.054609 0.949943
-0.054609 -0.949943
-0.0464774 0.95708
-0.0464774 -0.95708
-0.0375621 0.964489
-0.0375621 -0.964489
-0.0207475 0.979772
-0.0207475 -0.979772
-0.0150947 0.983425
-0.0150947 -0.983425
-0.00791233 0.990375
-0.00791233 -0.990375
-0.00306674 0.984541
-0.00306674 -0.984541
0.00598105 0.979033
0.00598105 -0.979033
0.068271 0.91368
0.068271 -0.91368
0.0740459 0.909901
0.0740459 -0.909901
0.102709 0.880898
0.102709 -0.880898
0.113243 0.867511
0.113243 -0.867511
0.0665058 0.818827
0.0665058 -0.818827
-0.523346 0.413001
-0.523346 -0.413001
-0.524482 0.407969
-0.524482 -0.407969
-0.513259 0.457542
-0.513259 -0.457542
-0.509506 0.475464
-0.509506 -0.475464
-0.506583 0.490477
-0.506583 -0.490477
-0.5044 0.502162
-0.5044 -0.502162
-0.502585 0.512169
-0.502585 -0.512169
-0.501162 0.520326
-0.501162 -0.520326
-0.498826 0.534217
-0.498826 -0.534217
-0.497687 0.537594
-0.497687 -0.537594
-0.494057 0.557386
-0.494057 -0.557386
-0.49209 0.571207
-0.49209 -0.571207
-0.490658 0.583071
-0.490658 -0.583071
-0.456543 0.692627
-0.456543 -0.692627
-0.443877 0.703841
-0.443877 -0.703841
-0.434012 0.715155
-0.434012 -0.715155
-0.433513 0.715329
-0.433513 -0.715329
-0.454596 0.695354
-0.454596 -0.695354
-0.44997 0.699919
-0.44997 -0.699919
-0.497104 0.681399
-0.497104 -0.681399
-0.587111 0.142463
-0.587111 -0.142463
-0.60537 0.0990658
-0.60537 -0.0990658
-0.602431 0.108504
-0.602431 -0.108504
-0.599895 0.115364
-0.599895 -0.115364
-0.611898 0.0640845
-0.611898 -0.0640845
-0.611705 0.0658472
-0.611705 -0.0658472
-0.612218 0.0608791
-0.612218 -0.0608791
-0.612347 0.0594574
-0.612347 -0.0594574
-0.612456 0.0581704
-0.612456 -0.0581704
-0.612069 0.0624251
-0.612069 -0.0624251
-0.610354 0.0758784
-0.610354 -0.0758784
-0.560092 0.241282
-0.560092 -0.241282
-0.559444 0.244367
-0.559444 -0.244367
-0.547943 0.302736
-0.547943 -0.302736
-0.545404 0.314562
-0.545404 -0.314562
-0.542895 0.326351
-0.542895 -0.326351
-0.540436 0.338364
-0.540436 -0.338364
0.538333 0.333985
0.538333 -0.333985
0.537675 0.336957
0.537675 -0.336957
0.537013 0.33994
0.537013 -0.33994
0.536347 0.342932
0.536347 -0.342932
0.53568 0.345935
0.53568 -0.345935
0.535012 0.348948
0.535012 -0.348948
0.534347 0.351974
0.534347 -0.351974
0.533688 0.355014
0.533688 -0.355014
0.542193 0.316349
0.542193 -0.316349
0.541557 0.319269
0.541557 -0.319269
0.539634 0.328069
0.539634 -0.328069
0.540278 0.325127
0.540278 -0.325127
0.544386 0.306145
0.544386 -0.306145
0.544997 0.303232
0.544997 -0.303232
0.54678 0.294501
0.54678 -0.294501
0.549067 0.282869
0.549067 -0.282869
0.550748 0.274129
0.550748 -0.274129
0.552442 0.265347
0.552442 -0.265347
0.552728 0.263877
0.552728 -0.263877
0.553599 0.259456
0.553599 -0.259456
0.553306 0.260932
0.553306 -0.260932
0.55449 0.255013
0.55449 -0.255013
0.55419 0.256496
0.55419 -0.256496
0.325433 0.740275
0.325433 -0.740275
0.324773 0.754237
0.324773 -0.754237
0.327702 0.760668
0.327702 -0.760668
0.345381 0.772296
0.345381 -0.772296
0.348716 0.771313
0.348716 -0.771313
0.352419 0.769344
0.352419 -0.769344
0.325465 0.740404
0.325465 -0.740404
0.0823381 0.903739
0.0823381 -0.903739
0.089795 0.89651
0.089795 -0.89651
0.0561997 0.930176
0.0561997 -0.930176
0.0481633 0.938337
0.0481633 -0.938337
0.0397857 0.946637
0.0397857 -0.946637
0.031381 0.955007
0.031381 -0.955007
0.0228918 0.96328
0.0228918 -0.96328
0.014376 0.971494
0.014376 -0.971494
-0.028989 0.972903
-0.028989 -0.972903
-0.0116899 0.994347
-0.0116899 -0.994347
-0.0118215 1.00555
-0.0118215 -1.00555
-0.00806635 1.00965
-0.00806635 -1.00965
-0.00316377 1.01569
-0.00316377 -1.01569
0.00623974 1.02138
0.00623974 -1.02138
0.0152287 1.02912
0.0152287 -1.02912
-0.018654 0.92361
-0.018654 -0.92361
-0.086335 0.778083
-0.086335 -0.778083
-0.153748 0.789674
-0.153748 -0.789674
-0.150851 0.798225
-0.150851 -0.798225
-0.15612 0.782909
-0.15612 -0.782909
-0.460325 0.68646
-0.460325 -0.68646
-0.494989 0.688957
-0.494989 -0.688957
-0.502088 0.668932
-0.502088 -0.668932
-0.499519 0.674719
-0.499519 -0.674719
-0.491816 0.735039
-0.491816 -0.735039
-0.507311 0.486663
-0.507311 -0.486663
-0.504036 0.504144
-0.504036 -0.504144
-0.493327 0.697293
-0.493327 -0.697293
-0.491689 0.715531
-0.491689 -0.715531
-0.416271 0.724107
-0.416271 -0.724107
-0.363824 0.761002
-0.363824 -0.761002
-0.356957 0.7643
-0.356957 -0.7643
-0.350796 0.769904
-0.350796 -0.769904
0.51161 0.652167
0.51161 -0.652167
0.51075 0.655982
0.51075 -0.655982
0.509483 0.658992
0.509483 -0.658992
0.507777 0.662718
0.507777 -0.662718
0.505745 0.66714
0.505745 -0.66714
0.503535 0.672245
0.503535 -0.672245
0.50133 0.678051
0.50133 -0.678051
0.499295 0.68461
0.499295 -0.68461
0.497555 0.691925
0.497555 -0.691925
0.496216 0.699895
0.496216 -0.699895
0.49535 0.708351
0.49535 -0.708351
0.494929 0.717137
0.494929 -0.717137
0.494862 0.726186
0.494862 -0.726186
0.49508 0.735524
0.49508 -0.735524
0.495601 0.745211
0.495601 -0.745211
0.49651 0.755253
0.49651 -0.755253
0.497893 0.765566
0.497893 -0.765566
0.499777 0.776012
0.499777 -0.776012
0.502139 0.786418
0.502139 -0.786418
0.504916 0.796536
0.504916 -0.796536
0.507951 0.805951
0.507951 -0.805951
0.510908 0.813976
0.510908 -0.813976
0.513187 0.819577
0.513187 -0.819577
-0.249753 0.777103
-0.249753 -0.777103
-0.245225 0.777272
-0.245225 -0.777272
-0.519487 0.429923
-0.519487 -0.429923
-0.515996 0.445375
-0.515996 -0.445375
-0.514422 0.452305
-0.514422 -0.452305
-0.550927 0.287887
-0.550927 -0.287887
-0.550346 0.290858
-0.550346 -0.290858
-0.546046 0.311616
-0.546046 -0.311616
-0.563516 0.223592
-0.563516 -0.223592
-0.562382 0.230264
-0.562382 -0.230264
-0.572438 0.191823
-0.572438 -0.191823
-0.5706 0.200461
-0.5706 -0.200461
-0.568779 0.20769
-0.568779 -0.20769
-0.584902 0.147375
-0.584902 -0.147375
-0.581824 0.155402
-0.581824 -0.155402
-0.579301 0.163468
-0.579301 -0.163468
-0.612548 0.0570288
-0.612548 -0.0570288
-0.612623 0.0560427
-0.612623 -0.0560427
-0.612777 0.0538217
-0.612777 -0.0538217
-0.612682 0.0552213
-0.612682 -0.0552213
-0.606635 0.0943032
-0.606635 -0.0943032
0.137704 0.823903
0.137704 -0.823903
0.13363 0.841432
0.13363 -0.841432
0.126045 0.851765
0.126045 -0.851765
0.11994 0.86046
0.11994 -0.86046
0.107624 0.873465
0.107624 -0.873465
0.0966297 0.888848
0.0966297 -0.888848
0.00350054 0.959741
0.00350054 -0.959741
-0.0216034 1.02019
-0.0216034 -1.02019
0.0246564 1.03753
0.0246564 -1.03753
0.0343705 1.04598
0.0343705 -1.04598
0.0443193 1.05451
0.0443193 -1.05451
0.0545576 1.06291
0.0545576 -1.06291
0.0647174 1.07116
0.0647174 -1.07116
0.0743447 1.07965
0.0743447 -1.07965
0.0813261 1.0884
0.0813261 -1.0884
0.0888477 1.09179
0.0888477 -1.09179
0.0999826 1.0974
0.0999826 -1.0974
-0.0281968 0.959269
-0.0281968 -0.959269
-0.129461 0.860268
-0.129461 -0.860268
-0.13776 0.853906
-0.13776 -0.853906
-0.14573 0.844363
-0.14573 -0.844363
-0.156707 0.832208
-0.156707 -0.832208
-0.492409 0.745364
-0.492409 -0.745364
-0.493487 0.756114
-0.493487 -0.756114
-0.495162 0.767188
-0.495162 -0.767188
-0.497468 0.778436
-0.497468 -0.778436
-0.50041 0.789691
-0.50041 -0.789691
-0.503981 0.80067
-0.503981 -0.80067
-0.508074 0.810757
-0.508074 -0.810757
-0.38321 0.751555
-0.38321 -0.751555
-0.373459 0.756863
-0.373459 -0.756863
-0.488623 0.616718
-0.488623 -0.616718
-0.489876 0.599869
-0.489876 -0.599869
-0.490025 0.606344
-0.490025 -0.606344
0.507674 0.471341
0.507674 -0.471341
0.506204 0.478546
0.506204 -0.478546
0.505468 0.48221
0.505468 -0.48221
0.504732 0.485916
0.504732 -0.485916
0.503995 0.489664
0.503995 -0.489664
0.49279 0.546347
0.49279 -0.546347
0.491285 0.55027
0.491285 -0.55027
0.497415 0.52534
0.497415 -0.52534
0.498101 0.521201
0.498101 -0.521201
0.611526 0.0620285
0.611526 -0.0620285
0.610987 0.0653041
0.610987 -0.0653041
0.610354 0.0689418
0.610354 -0.0689418
0.610002 0.0708743
0.610002 -0.0708743
0.609625 0.0728715
0.609625 -0.0728715
0.609224 0.0749259
0.609224 -0.0749259
0.608344 0.0791784
0.608344 -0.0791784
0.607358 0.0835799
0.607358 -0.0835799
0.606263 0.0880849
0.606263 -0.0880849
0.605055 0.0926525
0.605055 -0.0926525
0.603731 0.0972453
0.603731 -0.0972453
0.611972 0.0591918
0.611972 -0.0591918
0.611761 0.0605504
0.611761 -0.0605504
0.612159 0.0579629
0.612159 -0.0579629
0.612323 0.0568736
0.612323 -0.0568736
0.612463 0.0559331
0.612463 -0.0559331
0.612577 0.0551502
0.612577 -0.0551502
0.612667 0.0545326
0.612667 -0.0545326
-0.508987 0.656615
-0.508987 -0.656615
-0.504646 0.663999
-0.504646 -0.663999
-0.507055 0.650604
-0.507055 -0.650604
-0.509607 0.651155
-0.509607 -0.651155
-0.257996 0.779662
-0.257996 -0.779662
-0.122424 0.875257
-0.122424 -0.875257
-0.0403179 1.03525
-0.0403179 -1.03525
-0.0506201 1.04239
-0.0506201 -1.04239
-0.0790719 1.06267
-0.0790719 -1.06267
-0.0697401 1.056
-0.0697401 -1.056
-0.0603165 1.04923
-0.0603165 -1.04923
-0.0305991 1.02694
-0.0305991 -1.02694
-0.10745 1.08275
-0.10745 -1.08275
-0.0978841 1.07597
-0.0978841 -1.07597
-0.0884309 1.06931
-0.0884309 -1.06931
0.0634792 0.921857
0.0634792 -0.921857
0.246388 0.776488
0.246388 -0.776488
0.241588 0.778938
0.241588 -0.778938
0.235684 0.783345
0.235684 -0.783345
0.341884 0.771894
0.341884 -0.771894
0.432734 0.711595
0.432734 -0.711595
0.430311 0.710911
0.430311 -0.710911
0.509511 0.650377
0.509511 -0.650377
0.511486 0.653706
0.511486 -0.653706
0.506953 0.649336
0.506953 -0.649336
0.511007 0.651212
0.511007 -0.651212
0.498421 0.645489
0.498421 -0.645489
0.503252 0.647848
0.503252 -0.647848
0.476412 0.647337
0.476412 -0.647337
-0.0156042 1.01662
-0.0156042 -1.01662
-0.0306157 1.04156
-0.0306157 -1.04156
-0.508717 0.860959
-0.508717 -0.860959
-0.508695 0.860922
-0.508695 -0.860922
-0.554989 0.885622
-0.554989 -0.885622
-0.563063 0.894534
-0.563063 -0.894534
-0.572537 0.903514
-0.572537 -0.903514
-0.5829 0.912119
-0.5829 -0.912119
-0.593889 0.920151
-0.593889 -0.920151
-0.617027 0.934001
-0.617027 -0.934001
-0.628787 0.939749
-0.628787 -0.939749
-0.65233 0.949305
-0.65233 -0.949305
-0.687794 0.957315
-0.687794 -0.957315
-0.725523 0.954622
-0.725523 -0.954622
-0.717718 0.956215
-0.717718 -0.956215
-0.708773 0.957368
-0.708773 -0.957368
-0.743965 0.949684
-0.743965 -0.949684
-0.741397 0.950168
-0.741397 -0.950168
-0.745242 0.956222
-0.745242 -0.956222
-0.74843 0.98065
-0.74843 -0.98065
-0.658668 1.0075
-0.658668 -1.0075
-0.649908 1.01092
-0.649908 -1.01092
-0.645535 1.01345
-0.645535 -1.01345
-0.641053 1.0165
-0.641053 -1.0165
-0.636551 1.02022
-0.636551 -1.02022
-0.620183 1.02192
-0.620183 -1.02192
-0.532075 0.371947
-0.532075 -0.371947
-0.530593 0.380052
-0.530593 -0.380052
-0.528162 0.391424
-0.528162 -0.391424
-0.525976 0.401307
-0.525976 -0.401307
-0.499218 0.53239
-0.499218 -0.53239
-0.495433 0.546235
-0.495433 -0.546235
-0.491475 0.575917
-0.491475 -0.575917
0.607776 0.924502
0.607776 -0.924502
0.618759 0.930398
0.618759 -0.930398
0.629793 0.935662
0.629793 -0.935662
0.640818 0.94037
0.640818 -0.94037
0.651874 0.944545
0.651874 -0.944545
0.663001 0.948092
0.663001 -0.948092
0.713768 0.952916
0.713768 -0.952916
0.728484 0.95077
0.728484 -0.95077
0.744629 0.949205
0.744629 -0.949205
0.742415 0.948844
0.742415 -0.948844
0.746437 0.952806
0.746437 -0.952806
0.705021 0.953545
0.705021 -0.953545
0.66749 1.01021
0.66749 -1.01021
0.672521 1.0099
0.672521 -1.0099
0.677734 1.00954
0.677734 -1.00954
0.683023 1.00914
0.683023 -1.00914
0.688318 1.00872
0.688318 -1.00872
0.693565 1.00826
0.693565 -1.00826
0.698735 1.00773
0.698735 -1.00773
0.703858 1.00706
0.703858 -1.00706
0.709036 1.00621
0.709036 -1.00621
0.714397 1.00523
0.714397 -1.00523
0.719996 1.00424
0.719996 -1.00424
0.725771 1.00338
0.725771 -1.00338
0.731615 1.00267
0.731615 -1.00267
0.737464 1.00205
0.737464 -1.00205
0.743299 1.00149
0.743299 -1.00149
0.749119 1.00094
0.749119 -1.00094
0.754944 1.0004
0.754944 -1.0004
0.760782 0.999912
0.760782 -0.999912
0.766355 0.999449
0.766355 -0.999449
0.773824 0.998859
0.773824 -0.998859
0.785877 0.999472
0.785877 -0.999472
0.793082 0.999669
0.793082 -0.999669
0.79965 1.00003
0.79965 -1.00003
0.80564 1.001
0.80564 -1.001
0.811956 1.00319
0.811956 -1.00319
0.802696 1.00039
0.802696 -1.00039
0.808647 1.00197
0.808647 -1.00197
0.815613 1.00442
0.815613 -1.00442
0.823531 1.00646
0.823531 -1.00646
0.848438 1.00991
0.848438 -1.00991
0.852606 1.01023
0.852606 -1.01023
0.856768 1.0105
0.856768 -1.0105
0.869209 1.01111
0.869209 -1.01111
0.873335 1.01126
0.873335 -1.01126
0.881536 1.01154
0.881536 -1.01154
0.738956 0.949078
0.738956 -0.949078
0.721612 0.951896
0.721612 -0.951896
0.685035 0.952644
0.685035 -0.952644
0.67413 0.950836
0.67413 -0.950836
0.55318 0.881323
0.55318 -0.881323
0.559681 0.88803
0.559681 -0.88803
0.567698 0.895578
0.567698 -0.895578
0.576776 0.903309
0.576776 -0.903309
0.12088 1.11191
0.12088 -1.11191
0.130585 1.11998
0.130585 -1.11998
0.138955 1.12774
0.138955 -1.12774
0.147953 1.13341
0.147953 -1.13341
0.158908 1.14002
0.158908 -1.14002
0.170012 1.14887
0.170012 -1.14887
0.184098 1.15921
0.184098 -1.15921
-0.146729 1.11213
-0.146729 -1.11213
-0.165931 1.13066
-0.165931 -1.13066
-0.198492 1.15007
-0.198492 -1.15007
-0.48488 1.0773
-0.48488 -1.0773
-0.480914 1.08037
-0.480914 -1.08037
-0.477523 1.08548
-0.477523 -1.08548
-0.474038 1.0923
-0.474038 -1.0923
-0.470569 1.10037
-0.470569 -1.10037
-0.467295 1.10969
-0.467295 -1.10969
-0.545706 1.05289
-0.545706 -1.05289
-0.538455 1.05602
-0.538455 -1.05602
-0.531305 1.05923
-0.531305 -1.05923
-0.524291 1.06254
-0.524291 -1.06254
-0.517525 1.06599
-0.517525 -1.06599
-0.511353 1.06959
-0.511353 -1.06959
-0.506323 1.07266
-0.506323 -1.07266
-0.490069 1.07557
-0.490069 -1.07557
-0.549307 0.878017
-0.549307 -0.878017
-0.664246 0.953016
-0.664246 -0.953016
-0.676171 0.955734
-0.676171 -0.955734
-0.745207 0.961975
-0.745207 -0.961975
-0.745876 0.970009
-0.745876 -0.970009
-0.747537 0.994777
-0.747537 -0.994777
-0.741723 0.995481
-0.741723 -0.995481
-0.73585 0.996171
-0.73585 -0.996171
-0.729951 0.996899
-0.729951 -0.996899
-0.724047 0.997713
-0.724047 -0.997713
-0.718218 0.998657
-0.718218 -0.998657
-0.712587 0.99966
-0.712587 -0.99966
-0.707123 1.00054
-0.707123 -1.00054
-0.701652 1.00127
-0.701652 -1.00127
-0.696103 1.00195
-0.696103 -1.00195
-0.690505 1.00265
-0.690505 -1.00265
-0.684903 1.00337
-0.684903 -1.00337
-0.679335 1.00412
-0.679335 -1.00412
-0.605328 0.927476
-0.605328 -0.927476
-0.512102 0.818548
-0.512102 -0.818548
-0.517564 0.438473
-0.517564 -0.438473
-0.54382 0.321916
-0.54382 -0.321916
-0.541671 0.332323
-0.541671 -0.332323
-0.554627 0.26854
-0.554627 -0.26854
-0.553207 0.275994
-0.553207 -0.275994
-0.558807 0.247433
-0.558807 -0.247433
-0.556961 0.256539
-0.556961 -0.256539
-0.574713 0.181673
-0.574713 -0.181673
-0.593308 0.130006
-0.593308 -0.130006
-0.588748 0.139084
-0.588748 -0.139084
-0.603968 0.103812
-0.603968 -0.103812
-0.608274 0.0872112
-0.608274 -0.0872112
-0.607762 0.0895617
-0.607762 -0.0895617
0.52534 0.390866
0.52534 -0.390866
0.523949 0.397315
0.523949 -0.397315
0.523248 0.400563
0.523248 -0.400563
0.521838 0.407104
0.521838 -0.407104
0.52113 0.410397
0.52113 -0.410397
0.00380032 1.04193
0.00380032 -1.04193
0.0270767 1.07822
0.0270767 -1.07822
0.0274217 1.09195
0.0274217 -1.09195
-0.0218584 1.08227
-0.0218584 -1.08227
-0.117119 1.0897
-0.117119 -1.0897
-0.126887 1.09687
-0.126887 -1.09687
-0.136757 1.10431
-0.136757 -1.10431
-0.15674 1.1206
-0.15674 -1.1206
-0.171059 1.13669
-0.171059 -1.13669
-0.184138 1.14138
-0.184138 -1.14138
-0.240689 1.15782
-0.240689 -1.15782
-0.253662 1.15442
-0.253662 -1.15442
-0.263484 1.15339
-0.263484 -1.15339
-0.272399 1.15455
-0.272399 -1.15455
-0.281706 1.15683
-0.281706 -1.15683
-0.300956 1.16108
-0.300956 -1.16108
-0.34221 1.16732
-0.34221 -1.16732
-0.334977 1.16633
-0.334977 -1.16633
-0.327224 1.16525
-0.327224 -1.16525
-0.318959 1.16406
-0.318959 -1.16406
-0.31019 1.1627
-0.31019 -1.1627
0.479699 1.08305
0.479699 -1.08305
0.482558 1.07903
0.482558 -1.07903
0.486675 1.07646
0.486675 -1.07646
0.492144 1.07437
0.492144 -1.07437
0.498494 1.07222
0.498494 -1.07222
0.505328 1.06988
0.505328 -1.06988
0.512413 1.06737
0.512413 -1.06737
0.519617 1.06473
0.519617 -1.06473
0.526874 1.06198
0.526874 -1.06198
0.534155 1.05915
0.534155 -1.05915
0.541454 1.05626
0.541454 -1.05626
0.548783 1.05333
0.548783 -1.05333
0.556169 1.0504
0.556169 -1.0504
0.563649 1.04751
0.563649 -1.04751
0.571259 1.04475
0.571259 -1.04475
0.579002 1.04225
0.579002 -1.04225
0.586793 1.04022
0.586793 -1.04022
0.594402 1.0388
0.594402 -1.0388
0.601451 1.03806
0.601451 -1.03806
0.607448 1.03777
0.607448 -1.03777
0.612076 1.03716
0.612076 -1.03716
0.615941 1.03546
0.615941 -1.03546
0.61973 1.03284
0.61973 -1.03284
0.623131 1.02947
0.623131 -1.02947
0.651206 1.01397
0.651206 -1.01397
0.654932 1.01213
0.654932 -1.01213
0.658665 1.01101
0.658665 -1.01101
0.662811 1.0105
0.662811 -1.0105
0.597002 0.917957
0.597002 -0.917957
0.586612 0.910843
0.586612 -0.910843
0.548823 0.87649
0.548823 -0.87649
-0.505128 0.498226
-0.505128 -0.498226
-0.501867 0.516234
-0.501867 -0.516234
-0.493066 0.564238
-0.493066 -0.564238
-0.49223 0.706219
-0.49223 -0.706219
-0.491583 0.725125
-0.491583 -0.725125
-0.511182 0.652532
-0.511182 -0.652532
-0.820525 1.00091
-0.820525 -1.00091
-0.813045 0.999205
-0.813045 -0.999205
-0.806258 0.997642
-0.806258 -0.997642
-0.799715 0.996732
-0.799715 -0.996732
-0.792858 0.996303
-0.792858 -0.996303
-0.781696 0.995877
-0.781696 -0.995877
-0.777736 0.9957
-0.777736 -0.9957
-0.773652 0.995458
-0.773652 -0.995458
-0.769485 0.995163
-0.769485 -0.995163
-0.765151 0.994879
-0.765151 -0.994879
-0.760454 0.994418
-0.760454 -0.994418
-0.756065 0.992813
-0.756065 -0.992813
-0.753133 0.993672
-0.753133 -0.993672
-0.745364 0.952395
-0.745364 -0.952395
-0.737437 0.951325
-0.737437 -0.951325
-0.732123 0.952896
-0.732123 -0.952896
-0.611487 0.0677032
-0.611487 -0.0677032
-0.610679 0.0737388
-0.610679 -0.0737388
-0.574803 0.206863
-0.574803 -0.206863
-0.574803 0.206863
-0.574803 -0.206863
0.549908 0.278502
0.549908 -0.278502
0.547933 0.288686
0.547933 -0.288686
0.545599 0.30032
0.545599 -0.30032
0.543456 0.310517
0.543456 -0.310517
0.542827 0.313432
0.542827 -0.313432
0.538986 0.331022
0.538986 -0.331022
0.555408 0.250544
0.555408 -0.250544
0.555099 0.252036
0.555099 -0.252036
0.556037 0.247549
0.556037 -0.247549
0.55668 0.244541
0.55668 -0.244541
0.551591 0.269745
0.551591 -0.269745
0.00973523 1.13744
0.00973523 -1.13744
-0.00708704 1.14057
-0.00708704 -1.14057
0.245369 1.17222
0.245369 -1.17222
0.254549 1.16337
0.254549 -1.16337
0.26197 1.15948
0.26197 -1.15948
0.268645 1.15971
0.268645 -1.15971
0.277078 1.16221
0.277078 -1.16221
0.286779 1.16446
0.286779 -1.16446
0.296601 1.16604
0.296601 -1.16604
0.306065 1.16714
0.306065 -1.16714
0.31503 1.16795
0.31503 -1.16795
0.323475 1.1686
0.323475 -1.1686
0.33141 1.16916
0.33141 -1.16916
0.338847 1.16968
0.338847 -1.16968
0.345785 1.17017
0.345785 -1.17017
0.3522 1.17061
0.3522 -1.17061
0.358041 1.17097
0.358041 -1.17097
0.363231 1.17114
0.363231 -1.17114
0.367669 1.17095
0.367669 -1.17095
0.371267 1.17004
0.371267 -1.17004
0.374149 1.16781
0.374149 -1.16781
0.377063 1.16366
0.377063 -1.16366
0.381124 1.15774
0.381124 -1.15774
0.386972 1.15093
0.386972 -1.15093
0.394502 1.14406
0.394502 -1.14406
0.403314 1.13755
0.403314 -1.13755
0.413068 1.13146
0.413068 -1.13146
0.423558 1.12573
0.423558 -1.12573
0.434677 1.12021
0.434677 -1.12021
0.446369 1.11464
0.446369 -1.11464
0.458542 1.10862
0.458542 -1.10862
0.470529 1.1015
0.470529 -1.1015
0.477697 1.10884
0.477697 -1.10884
0.481609 1.11846
0.481609 -1.11846
0.484832 1.12718
0.484832 -1.12718
0.486587 1.13619
0.486587 -1.13619
0.486614 1.14452
0.486614 -1.14452
0.486699 1.15221
0.486699 -1.15221
0.487332 1.15948
0.487332 -1.15948
0.488492 1.16616
0.488492 -1.16616
0.489986 1.17211
0.489986 -1.17211
0.491624 1.17734
0.491624 -1.17734
0.49327 1.18187
0.49327 -1.18187
0.496281 1.18913
0.496281 -1.18913
0.498662 1.19427
0.498662 -1.19427
0.500798 1.19858
0.500798 -1.19858
0.500286 1.19757
0.500286 -1.19757
0.499573 1.19614
0.499573 -1.19614
0.501105 1.19919
0.501105 -1.19919
0.497561 1.19194
0.497561 -1.19194
0.49484 1.18579
0.49484 -1.18579
-0.512115 0.462834
-0.512115 -0.462834
-0.522197 0.418058
-0.522197 -0.418058
-0.536037 0.359871
-0.536037 -0.359871
-0.537789 0.352216
-0.537789 -0.352216
-0.548861 0.298284
-0.548861 -0.298284
-0.561406 0.235037
-0.561406 -0.235037
-0.577111 0.171667
-0.577111 -0.171667
-0.598076 0.119769
-0.598076 -0.119769
-0.600769 0.113107
-0.600769 -0.113107
-0.612727 0.0545731
-0.612727 -0.0545731
-0.612759 0.0541048
-0.612759 -0.0541048
-0.878156 1.00491
-0.878156 -1.00491
-0.874008 1.00494
-0.874008 -1.00494
-0.869856 1.00493
-0.869856 -1.00493
-0.861541 1.00481
-0.861541 -1.00481
-0.857382 1.00469
-0.857382 -1.00469
-0.849068 1.00432
-0.849068 -1.00432
-0.844918 1.00405
-0.844918 -1.00405
-0.840778 1.00373
-0.840778 -1.00373
-0.836652 1.00333
-0.836652 -1.00333
-0.832549 1.00286
-0.832549 -1.00286
-0.82848 1.0023
-0.82848 -1.0023
-0.824463 1.00165
-0.824463 -1.00165
-0.816704 1.00008
-0.816704 -1.00008
-0.809575 0.99836
-0.809575 -0.99836
-0.803002 0.997104
-0.803002 -0.997104
-0.796341 0.996481
-0.796341 -0.996481
-0.789256 0.996162
-0.789256 -0.996162
-0.785533 0.996027
-0.785533 -0.996027
-1.02271 0.985624
-1.02271 -0.985624
-1.01505 0.987336
-1.01505 -0.987336
-1.00734 0.988968
-1.00734 -0.988968
-0.999581 0.990521
-0.999581 -0.990521
-0.99178 0.991992
-0.99178 -0.991992
-0.98394 0.99338
-0.98394 -0.99338
-0.976066 0.994679
-0.976066 -0.994679
-0.968168 0.995883
-0.968168 -0.995883
-0.96026 0.996979
-0.96026 -0.996979
-0.952377 0.997944
-0.952377 -0.997944
-0.944613 0.998754
-0.944613 -0.998754
-0.93722 0.999496
-0.93722 -0.999496
-0.930422 1.00073
-0.930422 -1.00073
-0.927311 1.00167
-0.927311 -1.00167
-0.914988 1.00474
-0.914988 -1.00474
-0.90696 1.00438
-0.90696 -1.00438
-0.90288 1.00443
-0.90288 -1.00443
-0.898785 1.00451
-0.898785 -1.00451
-0.894677 1.00461
-0.894677 -1.00461
-0.890559 1.00471
-0.890559 -1.00471
-0.886432 1.0048
-0.886432 -1.0048
-0.882297 1.00487
-0.882297 -1.00487
-1.14951 0.942397
-1.14951 -0.942397
-1.14248 0.945507
-1.14248 -0.945507
-1.13544 0.948532
-1.13544 -0.948532
-1.12837 0.951479
-1.12837 -0.951479
-1.12127 0.954368
-1.12127 -0.954368
-1.11415 0.957204
-1.11415 -0.957204
-1.10704 0.959973
-1.10704 -0.959973
-1.09992 0.96266
-1.09992 -0.96266
-1.09279 0.96526
-1.09279 -0.96526
-1.08562 0.967769
-1.08562 -0.967769
-1.07841 0.97019
-1.07841 -0.97019
-1.07116 0.972522
-1.07116 -0.972522
-1.06386 0.974767
-1.06386 -0.974767
-1.05651 0.976926
-1.05651 -0.976926
-1.04909 0.979002
-1.04909 -0.979002
-1.04162 0.980995
-1.04162 -0.980995
-1.0341 0.982907
-1.0341 -0.982907
-1.23558 0.898054
-1.23558 -0.898054
-1.22887 0.901909
-1.22887 -0.901909
-1.22212 0.905722
-1.22212 -0.905722
-1.21535 0.909486
-1.21535 -0.909486
-1.20853 0.913199
-1.20853 -0.913199
-1.20169 0.916859
-1.20169 -0.916859
-1.19481 0.920463
-1.19481 -0.920463
-1.1879 0.924009
-1.1879 -0.924009
-1.18096 0.927497
-1.18096 -0.927497
-1.174 0.930923
-1.174 -0.930923
-1.16702 0.934286
-1.16702 -0.934286
-1.16002 0.937584
-1.16002 -0.937584
-1.15301 0.940811
-1.15301 -0.940811
-1.14599 0.943962
-1.14599 -0.943962
-1.13896 0.947031
-1.13896 -0.947031
-1.13191 0.950014
-1.13191 -0.950014
-1.12482 0.95293
-1.12482 -0.95293
-1.11771 0.955793
-1.11771 -0.955793
-1.1106 0.958598
-1.1106 -0.958598
-1.10348 0.961327
-1.10348 -0.961327
-1.09636 0.963971
-1.09636 -0.963971
-1.08921 0.966526
-1.08921 -0.966526
-1.08202 0.968991
-1.08202 -0.968991
-1.0748 0.971367
-1.0748 -0.971367
-1.06752 0.973655
-1.06752 -0.973655
-1.06019 0.975857
-1.06019 -0.975857
-1.05281 0.977974
-1.05281 -0.977974
-1.04537 0.980009
-1.04537 -0.980009
-1.03787 0.981961
-1.03787 -0.981961
-1.03032 0.983833
-1.03032 -0.983833
0.00493979 1.1793
0.00493979 -1.1793
0.00148421 1.20297
0.00148421 -1.20297
0.00325965 1.22795
0.00325965 -1.22795
0.000821333 1.3974
0.000821333 -1.3974
0.00112606 1.38659
0.00112606 -1.38659
0.00143353 1.37544
0.00143353 -1.37544
0.0019897 1.35212
0.0019897 -1.35212
0.00220721 1.33993
0.00220721 -1.33993
0.00250905 1.31415
0.00250905 -1.31415
0.00262007 1.3002
0.00262007 -1.3002
0.00272379 1.28513
0.00272379 -1.28513
0.00284327 1.26844
0.00284327 -1.26844
0.00285111 1.24955
0.00285111 -1.24955
0.189308 1.17431
0.189308 -1.17431
0.197346 1.18075
0.197346 -1.18075
0.195527 1.17102
0.195527 -1.17102
0.171582 1.1589
0.171582 -1.1589
0.110518 1.17681
0.110518 -1.17681
0.0985416 1.21326
0.0985416 -1.21326
0.0969253 1.24017
0.0969253 -1.24017
0.104334 1.2475
0.104334 -1.2475
0.1129 1.25538
0.1129 -1.25538
0.121171 1.26332
0.121171 -1.26332
0.128802 1.27091
0.128802 -1.27091
0.135758 1.27792
0.135758 -1.27792
0.14207 1.28428
0.14207 -1.28428
0.147766 1.28999
0.147766 -1.28999
0.152872 1.29506
0.152872 -1.29506
0.157414 1.29955
0.157414 -1.29955
0.161421 1.3035
0.161421 -1.3035
0.167963 1.31
0.167963 -1.31
0.172758 1.31482
0.172758 -1.31482
0.177923 1.32012
0.177923 -1.32012
0.178391 1.32061
0.178391 -1.32061
0.176025 1.31816
0.176025 -1.31816
0.177138 1.31931
0.177138 -1.31931
0.170564 1.3126
0.170564 -1.3126
0.174571 1.31667
0.174571 -1.31667
0.489167 0.566418
0.489167 -0.566418
1.22526 0.911624
1.22526 -0.911624
1.2286 0.90977
1.2286 -0.90977
1.23194 0.907905
1.23194 -0.907905
1.23527 0.906028
1.23527 -0.906028
1.23858 0.904142
1.23858 -0.904142
1.24189 0.902248
1.24189 -0.902248
1.24519 0.900349
1.24519 -0.900349
1.24847 0.898452
1.24847 -0.898452
1.25174 0.896563
1.25174 -0.896563
1.2582 0.892873
1.2582 -0.892873
1.26132 0.891121
1.26132 -0.891121
1.26422 0.889421
1.26422 -0.889421
1.26679 0.887594
1.26679 -0.887594
1.27127 0.882693
1.27127 -0.882693
1.27601 0.877674
1.27601 -0.877674
1.27969 0.87634
1.27969 -0.87634
1.28306 0.874494
1.28306 -0.874494
1.29584 0.866234
1.29584 -0.866234
1.29896 0.864079
1.29896 -0.864079
1.30207 0.861902
1.30207 -0.861902
1.30516 0.859706
1.30516 -0.859706
1.30823 0.857491
1.30823 -0.857491
1.31435 0.853012
1.31435 -0.853012
1.31738 0.850749
1.31738 -0.850749
1.32041 0.848472
1.32041 -0.848472
1.32644 0.843875
1.32644 -0.843875
1.32943 0.841556
1.32943 -0.841556
1.33242 0.839225
1.33242 -0.839225
1.33539 0.836881
1.33539 -0.836881
1.35011 0.824984
1.35011 -0.824984
1.35303 0.82257
1.35303 -0.82257
1.35593 0.820145
1.35593 -0.820145
1.35882 0.817707
1.35882 -0.817707
1.3617 0.815258
1.3617 -0.815258
1.36457 0.812796
1.36457 -0.812796
1.36743 0.810321
1.36743 -0.810321
1.37595 0.802813
1.37595 -0.802813
1.37877 0.800283
1.37877 -0.800283
1.38159 0.797739
1.38159 -0.797739
1.3844 0.795181
1.3844 -0.795181
1.3872 0.79261
1.3872 -0.79261
1.39 0.790027
1.39 -0.790027
1.39557 0.784824
1.39557 -0.784824
1.39835 0.782205
1.39835 -0.782205
1.40112 0.779575
1.40112 -0.779575
1.40389 0.776933
1.40389 -0.776933
1.40665 0.77428
1.40665 -0.77428
1.42036 0.76084
1.42036 -0.76084
1.42308 0.758115
1.42308 -0.758115
1.4258 0.755378
1.4258 -0.755378
1.42851 0.752628
1.42851 -0.752628
1.43121 0.749864
1.43121 -0.749864
1.4339 0.747086
1.4339 -0.747086
1.43659 0.744294
1.43659 -0.744294
1.43927 0.741487
1.43927 -0.741487
1.44194 0.738665
1.44194 -0.738665
1.44461 0.735827
1.44461 -0.735827
1.44727 0.732973
1.44727 -0.732973
1.44992 0.730102
1.44992 -0.730102
1.45256 0.727214
1.45256 -0.727214
1.4552 0.724307
1.4552 -0.724307
1.45782 0.721383
1.45782 -0.721383
1.46044 0.718439
1.46044 -0.718439
1.46305 0.715475
1.46305 -0.715475
1.46565 0.712492
1.46565 -0.712492
1.46824 0.709487
1.46824 -0.709487
1.47082 0.70646
1.47082 -0.70646
1.47339 0.703411
1.47339 -0.703411
1.47596 0.700339
1.47596 -0.700339
1.47851 0.697244
1.47851 -0.697244
1.48105 0.694124
1.48105 -0.694124
1.48358 0.69098
1.48358 -0.69098
1.48609 0.68781
1.48609 -0.68781
1.4886 0.684614
1.4886 -0.684614
1.4911 0.681391
1.4911 -0.681391
1.49358 0.678142
1.49358 -0.678142
1.49605 0.674865
1.49605 -0.674865
1.4985 0.671559
1.4985 -0.671559
1.50095 0.668225
1.50095 -0.668225
1.50338 0.664863
1.50338 -0.664863
1.50579 0.661471
1.50579 -0.661471
1.50819 0.65805
1.50819 -0.65805
1.51058 0.654599
1.51058 -0.654599
1.51294 0.651119
1.51294 -0.651119
1.5153 0.647609
1.5153 -0.647609
1.51763 0.64407
1.51763 -0.64407
1.51995 0.640501
1.51995 -0.640501
1.52224 0.636903
1.52224 -0.636903
1.52451 0.633275
1.52451 -0.633275
1.52675 0.629619
1.52675 -0.629619
1.52895 0.625931
1.52895 -0.625931
1.53109 0.622207
1.53109 -0.622207
1.53316 0.618431
1.53316 -0.618431
1.5351 0.614554
1.5351 -0.614554
1.53678 0.610397
1.53678 -0.610397
1.55786 0.574255
1.55786 -0.574255
1.56803 0.553552
1.56803 -0.553552
1.57957 0.527955
1.57957 -0.527955
1.59808 0.479576
1.59808 -0.479576
1.59658 0.484035
1.59658 -0.484035
1.59503 0.488482
1.59503 -0.488482
1.59345 0.492918
1.59345 -0.492918
1.59183 0.497343
1.59183 -0.497343
1.59017 0.501756
1.59017 -0.501756
1.58848 0.506157
1.58848 -0.506157
1.58676 0.510545
1.58676 -0.510545
1.585 0.514919
1.585 -0.514919
1.58322 0.51928
1.58322 -0.51928
1.58141 0.523625
1.58141 -0.523625
1.5739 0.540841
1.5739 -0.540841
1.57197 0.545099
1.57197 -0.545099
1.57001 0.549337
1.57001 -0.549337
0.524646 0.394082
0.524646 -0.394082
-1.45005 0.719155
-1.45005 -0.719155
-1.44472 0.725024
-1.44472 -0.725024
-1.43935 0.730824
-1.43935 -0.730824
-1.43395 0.73656
-1.43395 -0.73656
-1.42852 0.742235
-1.42852 -0.742235
-1.42306 0.747854
-1.42306 -0.747854
-1.41758 0.753418
-1.41758 -0.753418
-1.41207 0.758932
-1.41207 -0.758932
-1.40654 0.764395
-1.40654 -0.764395
-1.40099 0.769811
-1.40099 -0.769811
-1.39542 0.775178
-1.39542 -0.775178
-1.38984 0.780494
-1.38984 -0.780494
-1.38425 0.785754
-1.38425 -0.785754
-1.37865 0.790949
-1.37865 -0.790949
-1.37303 0.796069
-1.37303 -0.796069
-1.36739 0.801106
-1.36739 -0.801106
-1.36169 0.80606
-1.36169 -0.80606
-1.35594 0.81094
-1.35594 -0.81094
-1.35013 0.815759
-1.35013 -0.815759
-1.34424 0.820528
-1.34424 -0.820528
-1.3383 0.825254
-1.3383 -0.825254
-1.3323 0.829935
-1.3323 -0.829935
-1.32625 0.834567
-1.32625 -0.834567
-1.32014 0.839141
-1.32014 -0.839141
-1.31397 0.843641
-1.31397 -0.843641
-1.3077 0.84804
-1.3077 -0.84804
-1.30129 0.852259
-1.30129 -0.852259
-1.29457 0.8559
-1.29457 -0.8559
-1.28827 0.860363
-1.28827 -0.860363
-1.28327 0.866132
-1.28327 -0.866132
-1.27772 0.871638
-1.27772 -0.871638
-1.25231 0.888294
-1.25231 -0.888294
-1.24562 0.892208
-1.24562 -0.892208
-1.23893 0.896112
-1.23893 -0.896112
-1.23223 0.899986
-1.23223 -0.899986
-1.2255 0.903821
-1.2255 -0.903821
-1.21874 0.90761
-1.21874 -0.90761
-1.21194 0.911349
-1.21194 -0.911349
-1.20511 0.915036
-1.20511 -0.915036
-1.19825 0.918668
-1.19825 -0.918668
-1.19136 0.922244
-1.19136 -0.922244
-1.18443 0.925761
-1.18443 -0.925761
-1.17748 0.929218
-1.17748 -0.929218
-1.17051 0.932613
-1.17051 -0.932613
-1.16352 0.935943
-1.16352 -0.935943
-1.15652 0.939206
-1.15652 -0.939206
-1.58192 0.500064
-1.58192 -0.500064
-1.5764 0.513217
-1.5764 -0.513217
-1.56647 0.534972
-1.56647 -0.534972
-1.55549 0.557066
-1.55549 -0.557066
-1.54024 0.554309
-1.54024 -0.554309
-1.54024 0.554309
-1.54024 -0.554309
-1.54584 0.580123
-1.54584 -0.580123
-1.54067 0.59351
-1.54067 -0.59351
-1.52285 0.623522
-1.52285 -0.623522
-1.52531 0.619795
-1.52531 -0.619795
-1.5156 0.634518
-1.5156 -0.634518
-1.51078 0.641694
-1.51078 -0.641694
-1.50595 0.648748
-1.50595 -0.648748
-1.50108 0.65568
-1.50108 -0.65568
-1.49618 0.662493
-1.49618 -0.662493
-1.49124 0.66919
-1.49124 -0.66919
-1.48625 0.675775
-1.48625 -0.675775
-1.48121 0.682253
-1.48121 -0.682253
-1.47613 0.68863
-1.47613 -0.68863
-1.47099 0.694909
-1.47099 -0.694909
-1.46582 0.701096
-1.46582 -0.701096
-1.4606 0.707196
-1.4606 -0.707196
-1.45535 0.713214
-1.45535 -0.713214
-1.60855 0.363815
-1.60855 -0.363815
-1.60833 0.395311
-1.60833 -0.395311
-1.60656 0.414572
-1.60656 -0.414572
-1.60336 0.433073
-1.60336 -0.433073
-1.59762 0.45567
-1.59762 -0.45567
-1.59342 0.469077
-1.59342 -0.469077
-1.58875 0.482405
-1.58875 -0.482405
-1.58369 0.495662
-1.58369 -0.495662
-0.212477 1.1961
-0.212477 -1.1961
-0.22859 1.20958
-0.22859 -1.20958
-0.23755 1.2201
-0.23755 -1.2201
-0.244963 1.22844
-0.244963 -1.22844
-0.251632 1.2353
-0.251632 -1.2353
-0.257645 1.24108
-0.257645 -1.24108
-0.262982 1.24602
-0.262982 -1.24602
-0.267634 1.25019
-0.267634 -1.25019
-0.27177 1.25349
-0.27177 -1.25349
-0.275772 1.25603
-0.275772 -1.25603
-0.279824 1.2582
-0.279824 -1.2582
-0.28374 1.26032
-0.28374 -1.26032
-0.287307 1.26239
-0.287307 -1.26239
-0.290443 1.26434
-0.290443 -1.26434
-0.293132 1.26611
-0.293132 -1.26611
-0.29538 1.26765
-0.29538 -1.26765
-0.297197 1.26895
-0.297197 -1.26895
-0.298596 1.26997
-0.298596 -1.26997
-0.218521 1.16047
-0.218521 -1.16047
-0.179625 1.18442
-0.179625 -1.18442
-0.126448 1.25046
-0.126448 -1.25046
-0.134295 1.26039
-0.134295 -1.26039
-0.140871 1.26958
-0.140871 -1.26958
-0.146483 1.27777
-0.146483 -1.27777
-0.1514 1.28492
-0.1514 -1.28492
-0.15578 1.29114
-0.15578 -1.29114
-0.159697 1.29653
-0.159697 -1.29653
-0.163186 1.3012
-0.163186 -1.3012
-0.16627 1.30524
-0.16627 -1.30524
-0.168967 1.30872
-0.168967 -1.30872
-0.171295 1.31168
-0.171295 -1.31168
-0.173272 1.31418
-0.173272 -1.31418
-0.174916 1.31624
-0.174916 -1.31624
-0.176239 1.31789
-0.176239 -1.31789
-0.177256 1.31916
-0.177256 -1.31916
-0.177975 1.32006
-0.177975 -1.32006
-0.169606 1.24583
-0.169606 -1.24583
-0.145437 1.20716
-0.145437 -1.20716
-0.425321 1.12818
-0.425321 -1.12818
-0.414946 1.13269
-0.414946 -1.13269
-0.405238 1.13782
-0.405238 -1.13782
-0.39641 1.14354
-0.39641 -1.14354
-0.388737 1.14971
-0.388737 -1.14971
-0.382537 1.15602
-0.382537 -1.15602
-0.378002 1.16185
-0.378002 -1.16185
-0.37223 1.16902
-0.37223 -1.16902
-0.365235 1.17018
-0.365235 -1.17018
-0.360491 1.16977
-0.360491 -1.16977
-0.355018 1.16908
-0.355018 -1.16908
-0.348904 1.16825
-0.348904 -1.16825
-0.457633 1.11755
-0.457633 -1.11755
-0.468475 1.11572
-0.468475 -1.11572
-0.474521 1.12352
-0.474521 -1.12352
-0.477938 1.1307
-0.477938 -1.1307
-0.479599 1.13757
-0.479599 -1.13757
-0.480397 1.14493
-0.480397 -1.14493
-0.481468 1.1527
-0.481468 -1.1527
-0.483196 1.16017
-0.483196 -1.16017
-0.485348 1.16689
-0.485348 -1.16689
-0.487636 1.17278
-0.487636 -1.17278
-0.489881 1.17789
-0.489881 -1.17789
-0.491988 1.18231
-0.491988 -1.18231
-0.493907 1.18612
-0.493907 -1.18612
-0.495615 1.18937
-0.495615 -1.18937
-0.4971 1.19212
-0.4971 -1.19212
-0.498357 1.19439
-0.498357 -1.19439
-0.499385 1.19621
-0.499385 -1.19621
-0.500183 1.19761
-0.500183 -1.19761
-0.500753 1.1986
-0.500753 -1.1986
0.506939 0.474924
0.506939 -0.474924
0.96232 1.00227
0.96232 -1.00227
0.966291 1.00172
0.966291 -1.00172
0.978144 0.999917
0.978144 -0.999917
0.982073 0.999268
0.982073 -0.999268
0.993791 0.997194
0.993791 -0.997194
1.00154 0.995709
1.00154 -0.995709
1.00924 0.994147
1.00924 -0.994147
1.01688 0.992508
1.01688 -0.992508
1.02447 0.990795
1.02447 -0.990795
1.032 0.989007
1.032 -0.989007
1.03947 0.987146
1.03947 -0.987146
1.04688 0.985211
1.04688 -0.985211
1.05423 0.983205
1.05423 -0.983205
1.05789 0.982174
1.05789 -0.982174
1.06515 0.98006
1.06515 -0.98006
1.07235 0.977874
1.07235 -0.977874
1.07949 0.975617
1.07949 -0.975617
1.08658 0.973289
1.08658 -0.973289
1.09362 0.970885
1.09362 -0.970885
1.09711 0.969653
1.09711 -0.969653
1.10408 0.967122
1.10408 -0.967122
1.111 0.964487
1.111 -0.964487
1.11446 0.963127
1.11446 -0.963127
1.1214 0.96032
1.1214 -0.96032
1.12488 0.958881
1.12488 -0.958881
1.13541 0.954484
1.13541 -0.954484
1.13894 0.953005
1.13894 -0.953005
1.14246 0.951521
1.14246 -0.951521
1.14599 0.950029
1.14599 -0.950029
1.14951 0.948527
1.14951 -0.948527
1.15653 0.945487
1.15653 -0.945487
1.16003 0.943947
1.16003 -0.943947
1.16353 0.942391
1.16353 -0.942391
1.16702 0.940819
1.16702 -0.940819
1.17051 0.939231
1.17051 -0.939231
1.17398 0.937627
1.17398 -0.937627
1.17746 0.936006
1.17746 -0.936006
1.18092 0.934368
1.18092 -0.934368
1.18438 0.932715
1.18438 -0.932715
1.18783 0.931044
1.18783 -0.931044
1.19128 0.929357
1.19128 -0.929357
1.19471 0.927654
1.19471 -0.927654
1.19814 0.925935
1.19814 -0.925935
1.20156 0.9242
1.20156 -0.9242
1.20498 0.922448
1.20498 -0.922448
1.20838 0.920682
1.20838 -0.920682
1.21177 0.918899
1.21177 -0.918899
1.21516 0.917102
1.21516 -0.917102
1.21854 0.91529
1.21854 -0.91529
1.2219 0.913464
1.2219 -0.913464
0.917655 1.00731
0.917655 -1.00731
0.910321 1.00925
0.910321 -1.00925
0.914117 1.0083
0.914117 -1.0083
0.893278 1.01233
0.893278 -1.01233
0.896534 1.01254
0.896534 -1.01254
0.899537 1.01216
0.899537 -1.01216
0.902834 1.01123
0.902834 -1.01123
0.906507 1.01022
0.906507 -1.01022
0.930247 1.00442
0.930247 -1.00442
0.938284 1.00463
0.938284 -1.00463
0.942315 1.0044
0.942315 -1.0044
0.946336 1.00409
0.946336 -1.00409
0.950347 1.0037
0.950347 -1.0037
0.954348 1.00326
0.954348 -1.00326
0.958339 1.00278
0.958339 -1.00278
0.974203 1.00054
0.974203 -1.00054
0.819506 1.00552
0.819506 -1.00552
0.827629 1.00728
0.827629 -1.00728
0.835925 1.00857
0.835925 -1.00857
0.840094 1.00909
0.840094 -1.00909
0.844266 1.00953
0.844266 -1.00953
0.753005 0.980442
0.753005 -0.980442
0.749416 0.970544
0.749416 -0.970544
0.747808 0.962671
0.747808 -0.962671
0.747014 0.956822
0.747014 -0.956822
0.745772 0.950389
0.745772 -0.950389
0.734292 0.949771
0.734292 -0.949771
-1.6088 0.263272
-1.6088 -0.263272
-1.6082 0.276422
-1.6082 -0.276422
-1.60765 0.296132
-1.60765 -0.296132
-1.60751 0.309135
-1.60751 -0.309135
-1.60756 0.321926
-1.60756 -0.321926
-1.60777 0.334413
-1.60777 -0.334413
-1.60808 0.346514
-1.60808 -0.346514
-1.60841 0.358168
-1.60841 -0.358168
-1.60874 0.380043
-1.60874 -0.380043
-1.60855 0.390315
-1.60855 -0.390315
-1.60714 0.409846
-1.60714 -0.409846
-1.60127 0.442161
-1.60127 -0.442161
-1.5989 0.45118
-1.5989 -0.45118
-1.59488 0.464617
-1.59488 -0.464617
-1.59036 0.477971
-1.59036 -0.477971
-1.58542 0.491251
-1.58542 -0.491251
-1.57254 0.521941
-1.57254 -0.521941
-1.56853 0.530633
-1.56853 -0.530633
-1.56221 0.543668
-1.56221 -0.543668
-1.55775 0.552503
-1.55775 -0.552503
-1.55131 0.566461
-1.55131 -0.566461
-1.54762 0.575645
-1.54762 -0.575645
-1.54234 0.589006
-1.54234 -0.589006
-1.53042 0.612232
-1.53042 -0.612232
-1.50352 0.652229
-1.50352 -0.652229
-1.49864 0.659101
-1.49864 -0.659101
-1.49372 0.665855
-1.49372 -0.665855
-1.48875 0.672496
-1.48875 -0.672496
-1.48373 0.679027
-1.48373 -0.679027
-1.47867 0.685454
-1.47867 -0.685454
-1.47357 0.691781
-1.47357 -0.691781
-1.46841 0.698013
-1.46841 -0.698013
-1.46322 0.704156
-1.46322 -0.704156
-1.45798 0.710215
-1.45798 -0.710215
-1.4527 0.716194
-1.4527 -0.716194
-1.44739 0.722098
-1.44739 -0.722098
-1.44204 0.727932
-1.44204 -0.727932
-1.43665 0.733699
-1.43665 -0.733699
-1.43124 0.739405
-1.43124 -0.739405
-1.4258 0.745051
-1.4258 -0.745051
-1.42032 0.750643
-1.42032 -0.750643
-1.41483 0.756181
-1.41483 -0.756181
-1.40931 0.76167
-1.40931 -0.76167
-1.40376 0.767109
-1.40376 -0.767109
-1.3982 0.772501
-1.3982 -0.772501
-1.39263 0.777843
-1.39263 -0.777843
-1.38704 0.783131
-1.38704 -0.783131
-1.38145 0.78836
-1.38145 -0.78836
-1.37584 0.793519
-1.37584 -0.793519
-1.37021 0.798598
-1.37021 -0.798598
-1.36455 0.803593
-1.36455 -0.803593
-1.35883 0.808509
-1.35883 -0.808509
-1.35304 0.813356
-1.35304 -0.813356
-1.34719 0.818149
-1.34719 -0.818149
-1.34128 0.822896
-1.34128 -0.822896
-1.33531 0.8276
-1.33531 -0.8276
-1.32929 0.832258
-1.32929 -0.832258
-1.32321 0.836862
-1.32321 -0.836862
-1.31707 0.841402
-1.31707 -0.841402
-1.31085 0.845856
-1.31085 -0.845856
-1.30452 0.850182
-1.30452 -0.850182
-1.29798 0.854222
-1.29798 -0.854222
-1.28971 0.857932
-1.28971 -0.857932
-1.28595 0.863324
-1.28595 -0.863324
-1.28049 0.868873
-1.28049 -0.868873
-1.27509 0.874571
-1.27509 -0.874571
-1.26999 0.87958
-1.26999 -0.87958
-1.26249 0.882545
-1.26249 -0.882545
-1.25566 0.886346
-1.25566 -0.886346
-1.24896 0.89025
-1.24896 -0.89025
-1.24228 0.894162
-1.24228 -0.894162
0.110613 1.10436
0.110613 -1.10436
0.244108 1.20278
0.244108 -1.20278
0.248601 1.21266
0.248601 -1.21266
0.253247 1.22095
0.253247 -1.22095
0.258141 1.22811
0.258141 -1.22811
0.26309 1.23427
0.26309 -1.23427
0.267898 1.23961
0.267898 -1.23961
0.27245 1.2443
0.27245 -1.2443
0.276689 1.24847
0.276689 -1.24847
0.287301 1.25857
0.287301 -1.25857
0.292572 1.2636
0.292572 -1.2636
0.297869 1.26878
0.297869 -1.26878
0.30022 1.27115
0.30022 -1.27115
0.299753 1.27067
0.299753 -1.27067
0.298971 1.26989
0.298971 -1.26989
0.29644 1.26737
0.29644 -1.26737
0.294678 1.26564
0.294678 -1.26564
0.290115 1.26124
0.290115 -1.26124
0.284124 1.25556
0.284124 -1.25556
0.280585 1.25221
0.280585 -1.25221
0.24041 1.189
0.24041 -1.189
1.61775 0.182731
1.61775 -0.182731
1.6175 0.187933
1.6175 -0.187933
1.61724 0.193317
1.61724 -0.193317
1.61698 0.198865
1.61698 -0.198865
1.6167 0.20456
1.6167 -0.20456
1.61643 0.210384
1.61643 -0.210384
1.61615 0.216324
1.61615 -0.216324
1.61587 0.222364
1.61587 -0.222364
1.61535 0.234697
1.61535 -0.234697
1.6151 0.240965
1.6151 -0.240965
1.61488 0.247287
1.61488 -0.247287
1.61467 0.253652
1.61467 -0.253652
1.61432 0.266472
1.61432 -0.266472
1.61418 0.272907
1.61418 -0.272907
1.61408 0.279346
1.61408 -0.279346
1.61397 0.292198
1.61397 -0.292198
1.61396 0.298592
1.61396 -0.298592
1.61405 0.311267
1.61405 -0.311267
1.61414 0.31753
1.61414 -0.31753
1.61455 0.335905
1.61455 -0.335905
1.61472 0.341866
1.61472 -0.341866
1.61531 0.364739
1.61531 -0.364739
1.61538 0.370204
1.61538 -0.370204
1.61539 0.380838
1.61539 -0.380838
1.61531 0.386017
1.61531 -0.386017
1.61461 0.401074
1.61461 -0.401074
1.61422 0.405956
1.61422 -0.405956
1.61375 0.410782
1.61375 -0.410782
1.61257 0.420291
1.61257 -0.420291
1.61185 0.424985
1.61185 -0.424985
1.61106 0.429646
1.61106 -0.429646
1.6102 0.434277
1.6102 -0.434277
1.60719 0.448032
1.60719 -0.448032
1.60605 0.452579
1.60605 -0.452579
1.60486 0.457111
1.60486 -0.457111
1.60361 0.461629
1.60361 -0.461629
1.6023 0.466133
1.6023 -0.466133
1.60094 0.470626
1.60094 -0.470626
1.59953 0.475107
1.59953 -0.475107
0.611268 0.0636164
0.611268 -0.0636164
0.610683 0.0670823
0.610683 -0.0670823
0.612732 0.0540867
0.612732 -0.0540867
0.612771 0.0538171
0.612771 -0.0538171
-0.575846 1.04204
-0.575846 -1.04204
-0.56816 1.04428
-0.56816 -1.04428
-0.560544 1.04694
-0.560544 -1.04694
-0.553063 1.04985
-0.553063 -1.04985
-0.590328 1.03914
-0.590328 -1.03914
-0.596709 1.03798
-0.596709 -1.03798
-0.602771 1.03688
-0.602771 -1.03688
-0.608232 1.03622
-0.608232 -1.03622
-0.612184 1.03537
-0.612184 -1.03537
-0.615402 1.03285
-0.615402 -1.03285
-0.619114 1.02887
-0.619114 -1.02887
-0.619633 1.02244
-0.619633 -1.02244
-0.663422 1.00649
-0.663422 -1.00649
-0.654226 1.00893
-0.654226 -1.00893
-0.640532 0.944837
-0.640532 -0.944837
-0.118633 1.22917
-0.118633 -1.22917
-0.10539 1.23531
-0.10539 -1.23531
-0.0990149 1.23548
-0.0990149 -1.23548
0.00172738 1.36395
0.00172738 -1.36395
0.00053109 1.40787
0.00053109 -1.40787
0.000262073 1.41802
0.000262073 -1.41802
1.71566e-05 1.42787
1.71566e-05 -1.42787
-0.000203289 1.43742
-0.000203289 -1.43742
-0.000868064 1.47312
-0.000868064 -1.47312
-0.000988942 1.48149
-0.000988942 -1.48149
-0.00109496 1.48968
-0.00109496 -1.48968
-0.00126751 1.50552
-0.00126751 -1.50552
-0.00133619 1.5132
-0.00133619 -1.5132
-0.00144278 1.52811
-0.00144278 -1.52811
-0.00151318 1.54248
-0.00151318 -1.54248
-0.00153641 1.54947
-0.00153641 -1.54947
-0.00156181 1.56311
-0.00156181 -1.56311
-0.00156273 1.5763
-0.00156273 -1.5763
-0.00154328 1.58907
-0.00154328 -1.58907
-0.00150741 1.60145
-0.00150741 -1.60145
-0.00148447 1.6075
-0.00148447 -1.6075
-0.0014308 1.61933
-0.0014308 -1.61933
-0.00133684 1.63646
-0.00133684 -1.63646
-0.0013034 1.64202
-0.0013034 -1.64202
-0.00120131 1.65828
-0.00120131 -1.65828
-0.00116764 1.66359
-0.00116764 -1.66359
-0.00107103 1.67922
-0.00107103 -1.67922
-0.00104092 1.68437
-0.00104092 -1.68437
-0.000984587 1.6946
-0.000984587 -1.6946
-0.000958417 1.69971
-0.000958417 -1.69971
-0.000909722 1.70997
-0.000909722 -1.70997
-0.000886805 1.71513
-0.000886805 -1.71513
-0.000864434 1.72033
-0.000864434 -1.72033
-0.000819616 1.73085
-0.000819616 -1.73085
-0.000796177 1.73618
-0.000796177 -1.73618
-0.00077137 1.74155
-0.00077137 -1.74155
-0.000684556 1.75783
-0.000684556 -1.75783
-0.000650678 1.76326
-0.000650678 -1.76326
-0.000614294 1.76865
-0.000614294 -1.76865
-0.000575609 1.77398
-0.000575609 -1.77398
-0.000492781 1.78436
-0.000492781 -1.78436
-0.000449577 1.78935
-0.000449577 -1.78935
-0.000319299 1.80321
-0.000319299 -1.80321
-0.000237265 1.81129
-0.000237265 -1.81129
-0.00016353 1.81824
-0.00016353 -1.81824
-0.000101141 1.82395
-0.000101141 -1.82395
-5.24314e-05 1.82832
-5.24314e-05 -1.82832
-1.90708e-05 1.83127
-1.90708e-05 -1.83127
-8.50278e-06 1.8322
-8.50278e-06 -1.8322
-3.37522e-05 1.82997
-3.37522e-05 -1.82997
-7.49573e-05 1.82631
-7.49573e-05 -1.82631
-0.000130756 1.82126
-0.000130756 -1.82126
-0.000199153 1.81491
-0.000199153 -1.81491
-0.000277463 1.80738
-0.000277463 -1.80738
-0.000362284 1.7988
-0.000362284 -1.7988
-0.000405893 1.79417
-0.000405893 -1.79417
-0.00053496 1.77923
-0.00053496 -1.77923
-0.000715872 1.75239
-0.000715872 -1.75239
-0.000744727 1.74696
-0.000744727 -1.74696
-0.000842196 1.72557
-0.000842196 -1.72557
-0.000933513 1.70483
-0.000933513 -1.70483
-0.00101209 1.68949
-0.00101209 -1.68949
-0.00110229 1.67405
-0.00110229 -1.67405
-0.00113456 1.66884
-0.00113456 -1.66884
-0.00123535 1.65292
-0.00123535 -1.65292
-0.00126947 1.6475
-0.00126947 -1.6475
-0.00136945 1.63083
-0.00136945 -1.63083
-0.00140089 1.62512
-0.00140089 -1.62512
-0.00145879 1.61346
-0.00145879 -1.61346
-0.00152716 1.5953
-0.00152716 -1.5953
-0.0015553 1.58273
-0.0015553 -1.58273
-0.00156507 1.56976
-0.00156507 -1.56976
-0.00155243 1.55635
-0.00155243 -1.55635
-0.00148217 1.53536
-0.00148217 -1.53536
-0.00139435 1.52073
-0.00139435 -1.52073
-0.00118743 1.49768
-0.00118743 -1.49768
-0.000730817 1.46454
-0.000730817 -1.46454
-0.000575504 1.45574
-0.000575504 -1.45574
-0.000400286 1.44671
-0.000400286 -1.44671
0.0023772 1.32732
0.0023772 -1.32732
1.61892 0.156587
1.61892 -0.156587
1.61877 0.160221
1.61877 -0.160221
1.6186 0.164178
1.6186 -0.164178
1.61841 0.168433
1.61841 -0.168433
1.61821 0.172959
1.61821 -0.172959
1.61799 0.177733
1.61799 -0.177733
1.61916 0.15039
1.61916 -0.15039
1.61925 0.147878
1.61925 -0.147878
1.61932 0.145787
1.61932 -0.145787
1.61938 0.144138
1.61938 -0.144138
1.61942 0.142948
1.61942 -0.142948
1.61905 0.153301
1.61905 -0.153301
1.06152 0.981126
1.06152 -0.981126
1.06875 0.978976
1.06875 -0.978976
1.07593 0.976754
1.07593 -0.976754
1.08304 0.974462
1.08304 -0.974462
1.09011 0.972096
1.09011 -0.972096
1.1006 0.968399
1.1006 -0.968399
1.10754 0.965818
1.10754 -0.965818
1.11793 0.961737
1.11793 -0.961737
1.12838 0.957425
1.12838 -0.957425
1.13189 0.955958
1.13189 -0.955958
1.0054 0.994937
1.0054 -0.994937
1.01307 0.993337
1.01307 -0.993337
1.02068 0.991661
1.02068 -0.991661
1.02824 0.98991
1.02824 -0.98991
1.03574 0.988086
1.03574 -0.988086
1.04318 0.986188
1.04318 -0.986188
1.05056 0.984217
1.05056 -0.984217
0.877446 1.0114
0.877446 -1.0114
0.885588 1.01172
0.885588 -1.01172
0.889553 1.01198
0.889553 -1.01198
0.860924 1.01074
0.860924 -1.01074
0.865071 1.01094
0.865071 -1.01094
0.789595 0.999607
0.789595 -0.999607
0.796441 0.999829
0.796441 -0.999829
0.782239 0.999309
0.782239 -0.999309
0.778264 0.999392
0.778264 -0.999392
0.770818 0.998296
0.770818 -0.998296
0.760412 0.991131
0.760412 -0.991131
0.695411 0.953514
0.695411 -0.953514
0.492713 0.641532
0.492713 -0.641532
-1.61698 0.164916
-1.61698 -0.164916
-1.61653 0.1693
-1.61653 -0.1693
-1.61399 0.194888
-1.61399 -0.194888
-1.61346 0.200583
-1.61346 -0.200583
-1.61293 0.206426
-1.61293 -0.206426
-1.6124 0.2124
-1.6124 -0.2124
-1.61188 0.218489
-1.61188 -0.218489
-1.61137 0.22468
-1.61137 -0.22468
-1.61088 0.23096
-1.61088 -0.23096
-1.61041 0.237315
-1.61041 -0.237315
-1.60996 0.243735
-1.60996 -0.243735
-1.60954 0.250208
-1.60954 -0.250208
-1.60915 0.256724
-1.60915 -0.256724
-1.60848 0.269841
-1.60848 -0.269841
-1.60797 0.283005
-1.60797 -0.283005
-1.60778 0.289578
-1.60778 -0.289578
-1.60755 0.302655
-1.60755 -0.302655
-1.60751 0.315563
-1.60751 -0.315563
-1.60765 0.328213
-1.60765 -0.328213
-1.60825 0.3524
-1.60825 -0.3524
-1.60873 0.374749
-1.60873 -0.374749
-1.60868 0.385229
-1.60868 -0.385229
-1.60762 0.405067
-1.60762 -0.405067
-1.60428 0.428496
-1.60428 -0.428496
-1.60235 0.437627
-1.60235 -0.437627
-1.60012 0.446678
-1.60012 -0.446678
-1.59191 0.473528
-1.59191 -0.473528
-1.58711 0.486832
-1.58711 -0.486832
-1.57828 0.508842
-1.57828 -0.508842
-1.57449 0.517584
-1.57449 -0.517584
-1.57056 0.52629
-1.57056 -0.52629
-1.56437 0.539314
-1.56437 -0.539314
-1.56 0.548053
-1.56 -0.548053
-1.55331 0.56175
-1.55331 -0.56175
-1.54944 0.571099
-1.54944 -0.571099
-1.54407 0.584564
-1.54407 -0.584564
-1.53916 0.598257
-1.53916 -0.598257
-1.53319 0.608341
-1.53319 -0.608341
-1.52782 0.616034
-1.52782 -0.616034
-1.52042 0.627218
-1.52042 -0.627218
-1.51801 0.630883
-1.51801 -0.630883
-1.51319 0.638122
-1.51319 -0.638122
-1.50837 0.645236
-1.50837 -0.645236
1.61542 0.375569
1.61542 -0.375569
1.61515 0.391111
1.61515 -0.391111
1.61492 0.396128
1.61492 -0.396128
1.60927 0.438883
1.60927 -0.438883
1.60826 0.443467
1.60826 -0.443467
1.55993 0.57017
1.55993 -0.57017
1.55577 0.578306
1.55577 -0.578306
1.55366 0.582321
1.55366 -0.582321
1.55153 0.586295
1.55153 -0.586295
1.54936 0.590221
1.54936 -0.590221
1.54716 0.59409
1.54716 -0.59409
1.54487 0.5979
1.54487 -0.5979
1.54245 0.601692
1.54245 -0.601692
1.53663 0.605436
1.53663 -0.605436
1.56604 0.557745
1.56604 -0.557745
1.56402 0.561914
1.56402 -0.561914
1.56199 0.566056
1.56199 -0.566056
1.28632 0.872511
1.28632 -0.872511
1.28953 0.870459
1.28953 -0.870459
1.2927 0.868362
1.2927 -0.868362
1.31129 0.855259
1.31129 -0.855259
1.32343 0.84618
1.32343 -0.84618
1.33836 0.834525
1.33836 -0.834525
1.34131 0.832157
1.34131 -0.832157
1.34426 0.829777
1.34426 -0.829777
1.34719 0.827386
1.34719 -0.827386
1.37312 0.80533
1.37312 -0.80533
1.37028 0.807832
1.37028 -0.807832
1.40941 0.771615
1.40941 -0.771615
1.41216 0.768939
1.41216 -0.768939
1.4149 0.766251
1.4149 -0.766251
1.41763 0.763552
1.41763 -0.763552
-0.759046 0.651037
-0.759046 -0.651037
-0.759046 0.651037
-0.759046 -0.651037
-0.933755 1
-0.933755 -1
-0.940847 0.999113
-0.940847 -0.999113
-0.94847 0.998369
-0.94847 -0.998369
-0.956312 0.997479
-0.956312 -0.997479
-0.964213 0.996446
-0.964213 -0.996446
-0.972119 0.995294
-0.972119 -0.995294
-0.980007 0.994041
-0.980007 -0.994041
-0.987864 0.992697
-0.987864 -0.992697
-0.995685 0.991267
-0.995685 -0.991267
-1.00346 0.989755
-1.00346 -0.989755
-1.0112 0.988162
-1.0112 -0.988162
-1.01888 0.98649
-1.01888 -0.98649
-0.745132 0.950254
-0.745132 -0.950254
-0.698752 0.957805
-0.698752 -0.957805
-0.668515 1.00566
-0.668515 -1.00566
-0.67385 1.00488
-0.67385 -1.00488
-0.633258 1.02534
-0.633258 -1.02534
-0.583357 1.04036
-0.583357 -1.04036
-0.496042 1.0746
-0.496042 -1.0746
-0.501646 1.0741
-0.501646 -1.0741
-0.436152 1.1243
-0.436152 -1.1243
-0.447086 1.12096
-0.447086 -1.12096
-0.369156 1.17008
-0.369156 -1.17008
-0.374856 1.16636
-0.374856 -1.16636
-0.29137 1.15913
-0.29137 -1.15913
-0.18742 1.19114
-0.18742 -1.19114
-0.116664 1.2403
-0.116664 -1.2403
-1.61504 -0.184012
-1.61504 0.184012
-1.61605 -0.17396
-1.61605 0.17396
-1.61741 -0.160836
-1.61741 0.160836
-1.61817 -0.153692
-1.61817 0.153692
-1.61878 -0.148086
-1.61878 0.148086
-1.6192 -0.144216
-1.6192 0.144216
-1.61934 -0.142983
-1.61934 0.142983
-1.6185 -0.150684
-1.6185 0.150684
-1.61902 -0.145923
-1.61902 0.145923
-1.61942 -0.142238
-1.61942 0.142238
-1.61781 -0.157085
-1.61781 0.157085
-1.61555 -0.178872
-1.61555 0.178872
-1.61452 -0.189358
-1.61452 0.189358
-1.60589 -0.41925
-1.60589 0.41925
-1.60513 -0.42389
-1.60513 0.42389
-1.60802 -0.400225
-1.60802 0.400225
-1.60791 -0.340516
-1.60791 0.340516
-1.59628 -0.460148
-1.59628 0.460148
0.647267 -1.01631
0.647267 1.01631
0.64312 -1.01899
0.64312 1.01899
0.638876 -1.02195
0.638876 1.02195
0.634912 -1.0253
0.634912 1.0253
0.623872 -1.02591
0.623872 1.02591
0.970253 -1.00114
0.970253 1.00114
0.985991 -0.998598
0.985991 0.998598
0.989897 -0.997906
0.989897 0.997906
0.926758 -1.00334
0.926758 1.00334
0.934247 -1.00469
0.934247 1.00469
1.61399 -0.304951
1.61399 0.304951
1.61426 -0.323729
1.61426 0.323729
1.6144 -0.329857
1.6144 0.329857
1.61489 -0.347734
1.61489 0.347734
1.61505 -0.353504
1.61505 0.353504
1.61519 -0.359172
1.61519 0.359172
1.61448 -0.26005
1.61448 0.26005
1.61561 -0.228492
1.61561 0.228492
0.529466 -0.370976
0.529466 0.370976
-0.169874 -1.24618
-0.169874 1.24618
-0.299587 -1.27071
-0.299587 1.27071
-0.300178 -1.27115
-0.300178 1.27115
0.477119 -1.08879
0.477119 1.08879
0.475444 -1.09632
0.475444 1.09632
0.497557 -1.1319
0.497557 1.1319
0.49767 -1.13207
0.49767 1.13207
-0.8657 -1.00489
-0.8657 1.00489
-0.853223 -1.00453
-0.853223 1.00453
-0.911013 -1.00443
-0.911013 1.00443
-0.918425 -1.00573
-0.918425 1.00573
1.61401 -0.285779
1.61401 0.285779
1.5777 -0.532268
1.5777 0.532268
1.57581 -0.536564
1.57581 0.536564
-0.178404 -1.3206
-0.178404 1.3206
-1.26606 0.880793
-1.26606 -0.880793
-1.25905 0.884421
-1.25905 -0.884421
-1.29149 0.856833
-1.29149 -0.856833
0.831767 1.00797
0.831767 -1.00797
1.25499 0.894696
1.25499 -0.894696
1.26911 0.885386
1.26911 -0.885386
-0.623408 1.64644
-0.623408 -1.64644
-0.623408 1.64644
-0.623408 -1.64644
-0.501094 1.19919
-0.501094 -1.19919
1.61944 0.142229
1.61944 -0.142229
1.39279 0.787431
1.39279 -0.787431
0.0946391 1.23136
0.0946391 -1.23136
0.164927 1.30697
0.164927 -1.30697
-1.58012 0.504458
-1.58012 -0.504458
-1.53929 0.604011
-1.53929 -0.604011
-1.60866 0.369342
-1.60866 -0.369342
1.6132 0.415559
1.6132 -0.415559
1.15302 0.947014
1.15302 -0.947014
-1.02652 0.984738
-1.02652 -0.984738
-2.12971e-06 1.83275
-2.12971e-06 -1.83275
