0.326515 0.282405
0.326515 -0.282405
0.288242 0.465259
0.288242 -0.465259
0.397251 0.673077
0.397251 -0.673077
0.459648 0.410901
0.459648 -0.410901
-0.399765 0.222904
-0.399765 -0.222904
0.360098 0.192891
0.360098 -0.192891
0.530344 0.783641
0.530344 -0.783641
-0.52624 -0.373274
-0.52624 0.373274
0.486395 0.328178
0.486395 -0.328178
-0.0374447 0.613573
-0.0374447 -0.613573
-0.180835 0.583355
-0.180835 -0.583355
-0.510632 0.437897
-0.510632 -0.437897
-0.576532 0.216021
-0.576532 -0.216021
0.355363 -0.988072
0.355363 0.988072
0.46695 0.469936
0.46695 -0.469936
-0.0268836 0.676479
-0.0268836 -0.676479
-0.542198 0.323473
-0.542198 -0.323473
-0.471674 0.405117
-0.471674 -0.405117
-0.305517 0.813309
-0.305517 -0.813309
0.493397 0.294586
0.493397 -0.294586
0.349792 0.685019
0.349792 -0.685019
0.056642 0.65246
0.056642 -0.65246
0.506714 0.261883
0.506714 -0.261883
-0.191742 0.588114
-0.191742 -0.588114
-0.610876 0.126842
-0.610876 -0.126842
0.0982938 0.72617
0.0982938 -0.72617
-1 -6.31514e-47
-1 6.31514e-47
0.556948 -0.151533
0.556948 0.151533
0.342427 0.722305
0.342427 -0.722305
-0.563022 0.28734
-0.563022 -0.28734
0.136582 0.729998
0.136582 -0.729998
0.430433 0.49957
0.430433 -0.49957
-0.488758 0.554768
-0.488758 -0.554768
-0.468486 0.623916
-0.468486 -0.623916
-1 1.06557e-45
-1 -1.06557e-45
0.657112 0.978992
0.657112 -0.978992
0.414509 0.542912
0.414509 -0.542912
-0.102251 0.744582
-0.102251 -0.744582
0.913723 1.01317
0.913723 -1.01317
-0.607711 0.224223
-0.607711 -0.224223
-0.435074 0.679647
-0.435074 -0.679647
-0.55239 -0.416257
-0.55239 0.416257
0.485698 0.361484
0.485698 -0.361484
0.127656 0.775748
0.127656 -0.775748
-0.407454 0.743344
-0.407454 -0.743344
-1 5.94357e-45
-1 -5.94357e-45
0.406268 0.589404
0.406268 -0.589404
0.244086 0.769028
0.244086 -0.769028
-0.294166 0.777862
-0.294166 -0.777862
0.470169 0.37958
0.470169 -0.37958
0.245636 0.819932
0.245636 -0.819932
-0.167478 0.793443
-0.167478 -0.793443
-0.500622 0.496273
-0.500622 -0.496273
0.555583 0.976783
0.555583 -0.976783
-1 2.2824e-45
-1 -2.2824e-45
0.534979 0.189426
0.534979 -0.189426
-0.0246959 0.80794
-0.0246959 -0.80794
-1 -3.08234e-45
-1 3.08234e-45
-1 5.5087e-45
-1 -5.5087e-45
0.280209 1.00809
0.280209 -1.00809
0.519986 -0.223623
0.519986 0.223623
0.463241 0.596416
0.463241 -0.596416
0.844661 1.06893
0.844661 -1.06893
-0.378814 0.956808
-0.378814 -0.956808
0.923661 1.04934
0.923661 -1.04934
-1 4.1081e-45
-1 -4.1081e-45
0.450505 0.45203
0.450505 -0.45203
-0.683954 -0.726361
-0.683954 0.726361
1.46674 0.800358
1.46674 -0.800358
-0.374317 1.09501
-0.374317 -1.09501
0.779961 1.0755
0.779961 -1.0755
1.19566 0.993662
1.19566 -0.993662
0.355929 1.18978
0.355929 -1.18978
1.00363 1.04813
1.00363 -1.04813
-0.496094 0.882527
-0.496094 -0.882527
-0.730638 0.752159
-0.730638 -0.752159
-0.428958 1.41613
-0.428958 -1.41613
-0.891255 0.941079
-0.891255 -0.941079
-1 6.33139e-45
-1 -6.33139e-45
-0.496401 1.09193
-0.496401 -1.09193
-1 -6.48303e-45
-1 6.48303e-45
-0.420929 1.39606
-0.420929 -1.39606
0.576456 0.10895
0.576456 -0.10895
-0.138938 1.22101
-0.138938 -1.22101
-1 4.76845e-45
-1 -4.76845e-45
1.55294 0.690726
1.55294 -0.690726
0.0519402 1.27647
0.0519402 -1.27647
1.13445 1.01978
1.13445 -1.01978
0.184549 1.24691
0.184549 -1.24691
-0.279449 1.14309
-0.279449 -1.14309
-0.794825 0.96838
-0.794825 -0.96838
-0.0147241 1.38554
-0.0147241 -1.38554
-1.1962 0.808037
-1.1962 -0.808037
1.59084 0.629971
1.59084 -0.629971
-1.29916 0.708586
-1.29916 -0.708586
0.192304 -1.26116
0.192304 1.26116
1.66815 0.392937
1.66815 -0.392937
0.60256 1.07078
0.60256 -1.07078
1.3143 0.929414
1.3143 -0.929414
-1.40738 0.586048
-1.40738 -0.586048
-0.188213 1.18192
-0.188213 -1.18192
-1.05216 0.88907
-1.05216 -0.88907
0.700989 1.07061
0.700989 -1.07061
1.41913 0.849152
1.41913 -0.849152
-1.42991 0.416758
-1.42991 -0.416758
1.62372 0.559912
1.62372 -0.559912
-0.686778 0.982869
-0.686778 -0.982869
-0.0614196 1.31904
-0.0614196 -1.31904
-1.36019 0.662967
-1.36019 -0.662967
1.07168 1.0377
1.07168 -1.0377
-1.12613 0.84677
-1.12613 -0.84677
1.64438 -0.175596
1.64438 0.175596
-1.51374 0.202294
-1.51374 -0.202294
0.418423 -1.06459
0.418423 1.06459
1.5114 0.7471
1.5114 -0.7471
-0.583892 1.02217
-0.583892 -1.02217
-1.45785 0.523109
-1.45785 -0.523109
-0.974395 -0.921373
-0.974395 0.921373
1.25655 0.963605
1.25655 -0.963605
-0.0328266 1.52261
-0.0328266 -1.52261
1.6519 -0.480534
1.6519 0.480534
-0.0336212 1.64089
-0.0336212 -1.64089
-1.24792 0.752781
-1.24792 -0.752781
0.422216 -1.19505
0.422216 1.19505
1.6664 0.291643
1.6664 -0.291643
-0.638759 1.6633
-0.638759 -1.6633
-0.0264117 1.75383
-0.0264117 -1.75383
1.36859 0.891234
1.36859 -0.891234
-1.5212 0.379793
-1.5212 -0.379793
-0.645602 1.67115
-0.645602 -1.67115
