-1 0
-1 0
-1 0
-1 0
-1 0
-1 0
-1 0
-1 0
-1 0
-1 0
-1 0
-1 0
-1 0
-1 0
-1 0
-1 0
-1 0
-1 0
-1 0
-1 0
-1 0
-1 0
-1 0
-1 0
-1 0
-1 0
-1 0
-1 0
-1 0
0.410619 0.618644
0.410619 -0.618644
0.395584 0.535603
0.395584 -0.535603
0.471631 0.398124
0.471631 -0.398124
0.44595 0.472992
0.44595 -0.472992
-0.075932 0.348276
-0.075932 -0.348276
-0.0851105 -0.179167
-0.0851105 0.179167
-0.0458685 0.609191
-0.0458685 -0.609191
-0.0042531 0.633259
-0.0042531 -0.633259
0.33687 0.573593
0.33687 -0.573593
0.481799 0.341321
0.481799 -0.341321
0.49208 0.285287
0.49208 -0.285287
0.464738 0.21363
0.464738 -0.21363
0.248497 0.582101
0.248497 -0.582101
-0.0145469 0.705399
-0.0145469 -0.705399
0.146678 0.66284
0.146678 -0.66284
-0.208468 0.489515
-0.208468 -0.489515
-0.209202 0.372047
-0.209202 -0.372047
-0.49508 -0.303896
-0.49508 0.303896
-0.32357 -0.581549
-0.32357 0.581549
0.416507 -0.666425
0.416507 0.666425
0.457394 -0.44365
0.457394 0.44365
0.511289 -0.238498
0.511289 0.238498
-0.495698 -0.474234
-0.495698 0.474234
0.368953 -0.78772
0.368953 0.78772
0.257021 -0.734848
0.257021 0.734848
0.0369926 -0.704428
0.0369926 0.704428
-0.107096 -0.693544
-0.107096 0.693544
-0.180272 -0.745005
-0.180272 0.745005
-0.148639 -0.116213
-0.148639 0.116213
-0.533457 -0.409457
-0.533457 0.409457
0.0332892 -1.31636
0.0332892 1.31636
0.0892862 -0.760291
0.0892862 0.760291
0.434612 -0.505613
0.434612 0.505613
0.422758 -0.569427
0.422758 0.569427
0.49151 -0.823234
0.49151 0.823234
0.366567 -0.712254
0.366567 0.712254
-0.483468 -0.515176
-0.483468 0.515176
-0.450873 -0.638223
-0.450873 0.638223
-0.113344 -0.760272
-0.113344 0.760272
-0.355159 -0.685827
-0.355159 0.685827
-0.46228 -0.183954
-0.46228 0.183954
-0.56769 -0.295249
-0.56769 0.295249
0.47512 -0.369482
0.47512 0.369482
0.499361 -0.262585
0.499361 0.262585
0.470719 -0.422697
0.470719 0.422697
-0.274077 -0.781161
-0.274077 0.781161
-0.541945 -0.350409
-0.541945 0.350409
-0.597179 -0.677536
-0.597179 0.677536
-0.506354 -0.687894
-0.506354 0.687894
0.190559 -0.80128
0.190559 0.80128
0.274039 -0.774542
0.274039 0.774542
0.588203 -1.02206
0.588203 1.02206
0.350737 -0.930706
0.350737 0.930706
0.323536 -0.96168
0.323536 0.96168
-0.404961 -0.75084
-0.404961 0.75084
-0.066141 -0.997707
-0.066141 0.997707
-0.148804 -0.865795
-0.148804 0.865795
-0.558187 -0.196041
-0.558187 0.196041
-0.57216 -0.255465
-0.57216 0.255465
0.551548 -0.183491
0.551548 0.183491
0.528106 -0.215696
0.528106 0.215696
0.46063 -0.666239
0.46063 0.666239
0.462103 -0.550986
0.462103 0.550986
-0.327034 -0.873961
-0.327034 0.873961
-0.352878 -0.914362
-0.352878 0.914362
-0.463606 -0.569418
-0.463606 0.569418
-0.514001 -0.435415
-0.514001 0.435415
0.38125 -1.11018
0.38125 1.11018
0.61733 -0.877565
0.61733 0.877565
0.114257 -0.894671
0.114257 0.894671
1.03795 1.02462
1.03795 -1.02462
0.74301 1.06893
0.74301 -1.06893
0.57389 1.04464
0.57389 -1.04464
-0.405529 1.03586
-0.405529 -1.03586
-0.520059 0.798377
-0.520059 -0.798377
-0.671035 0.973972
-0.671035 -0.973972
-0.593254 0.860222
-0.593254 -0.860222
-0.168721 1.12555
-0.168721 -1.12555
0.488034 0.313086
0.488034 -0.313086
-0.578835 0.511719
-0.578835 -0.511719
-0.574594 0.197433
-0.574594 -0.197433
0.542378 0.669391
0.542378 -0.669391
0.453306 1.07966
0.453306 -1.07966
0.47981 1.08282
0.47981 -1.08282
0.123571 1.10913
0.123571 -1.10913
-0.413219 1.11703
-0.413219 -1.11703
-0.229859 1.21492
-0.229859 -1.21492
0.564656 0.150481
0.564656 -0.150481
0.961293 -1.04489
0.961293 1.04489
0.877373 -1.0628
0.877373 1.0628
0.30057 -1.1684
0.30057 1.1684
0.106538 -1.26938
0.106538 1.26938
-0.137116 -1.23682
-0.137116 1.23682
-0.710737 -0.925042
-0.710737 0.925042
-0.889895 -0.953612
-0.889895 0.953612
-0.527714 -0.99556
-0.527714 0.99556
-0.563418 -0.132136
-0.563418 0.132136
1.18862 -0.979746
1.18862 0.979746
1.30258 -0.921937
1.30258 0.921937
1.40762 -0.844279
1.40762 0.844279
1.50296 -0.747308
1.50296 0.747308
1.07291 -1.01609
1.07291 1.01609
-0.556194 -0.3683
-0.556194 0.3683
-0.60405 -1.00521
-0.60405 1.00521
0.37105 -1.14853
0.37105 1.14853
0.18993 -1.22985
0.18993 1.22985
0.253955 -1.22725
0.253955 1.22725
-0.996964 -0.915283
-0.996964 0.915283
-1.08753 -0.878269
-1.08753 0.878269
-1.22603 -0.806713
-1.22603 0.806713
-1.13515 -0.859819
-1.13515 0.859819
-0.277057 -1.21092
-0.277057 1.21092
-0.323991 -1.13536
-0.323991 1.13536
1.14872 -0.994343
1.14872 0.994343
1.58116 -0.629549
1.58116 0.629549
1.64306 -0.488071
1.64306 0.488071
1.37353 -0.871879
1.37353 0.871879
0.920263 -1.05402
0.920263 1.05402
0.693448 -1.06133
0.693448 1.06133
1.26584 -0.943639
1.26584 0.943639
-1.34426 -0.70202
-1.34426 0.70202
-1.43847 -0.580818
-1.43847 0.580818
-1.37684 -0.662684
-1.37684 0.662684
-0.827595 -0.965241
-0.827595 0.965241
-0.757103 -0.966272
-0.757103 0.966272
1.55658 -0.671177
1.55658 0.671177
1.66648 -0.299794
1.66648 0.299794
1.10937 -1.00694
1.10937 1.00694
-0.0157178 -1.7966
-0.0157178 1.7966
-0.0257373 -1.71331
-0.0257373 1.71331
-0.0401156 -1.63632
-0.0401156 1.63632
-0.0378521 -1.56427
-0.0378521 1.56427
-0.0394066 -1.46526
-0.0394066 1.46526
-0.0261141 -1.37073
-0.0261141 1.37073
-0.0791099 -1.31466
-0.0791099 1.31466
-1.26894 0.775385
-1.26894 -0.775385
-1.4961 0.478713
-1.4961 -0.478713
-1.55964 -0.238415
-1.55964 0.238415
-1.50879 -0.402925
-1.50879 0.402925
-1.04285 -0.89616
-1.04285 0.89616
-1.47094 -0.532
-1.47094 0.532
1.47286 -0.782355
1.47286 0.782355
1.65832 -0.430583
1.65832 0.430583
1.66684 -0.367758
1.66684 0.367758
1.65365 0.223812
1.65365 -0.223812
1.22778 -0.962896
1.22778 0.962896
1.53064 -0.71003
1.53064 0.71003
0.790177 -1.0716
0.790177 1.0716
0.834898 -1.06951
0.834898 1.06951
-0.483768 -1.09849
-0.483768 1.09849
0.637444 -1.05643
0.637444 1.05643
-1.40662 0.625446
-1.40662 -0.625446
-1.3075 0.741535
-1.3075 -0.741535
-1.18061 0.835305
-1.18061 -0.835305
-0.947289 0.936001
-0.947289 -0.936001
-0.07065 1.38619
-0.07065 -1.38619
1.60386 0.585588
1.60386 -0.585588
1.62451 0.539377
1.62451 -0.539377
1.33841 0.897795
1.33841 -0.897795
1.44075 0.814642
1.44075 -0.814642
-0.502211 1.491
-0.502211 -1.491
-0.497981 1.4954
-0.497981 -1.4954
-0.65998 1.68526
-0.65998 -1.68526
-0.658948 1.68771
-0.658948 -1.68771
1.00089 1.03502
1.00089 -1.03502
1.62926 0.138275
1.62926 -0.138275
0.308644 -1.23708
0.308644 1.23708
-1.53809 -0.363678
-1.53809 0.363678
