-1 0
-1 0
-1 0
-1 0
-1 0
-1 0
-1 0
-1 0
-1 0
-1 0
-1 0
-1 0
-1 0
-1 0
-1 0
-1 0
-1 0
-1 0
-1 0
-1 0
-1 0
-1 0
-1 0
-1 0
-1 0
-1 0
-1 0
-1 0
-1 0
-1 0
-1 0
-1 0
-1 0
-1 0
-1 0
-1 0
-1 0
-1 0
-1 0
-1 0
-1 0
-1 0
-1 0
-1 0
-1 0
-1 0
-1 0
-1 0
-1 0
-1 0
-1 0
-1 0
-1 0
-1 0
-1 0
-1 0
-1 0
-1 0
0.376076 0.604955
0.376076 -0.604955
0.375714 0.589713
0.375714 -0.589713
0.384843 0.552166
0.384843 -0.552166
0.389931 0.535351
0.389931 -0.535351
0.39515 0.519325
0.39515 -0.519325
0.400323 0.503882
0.400323 -0.503882
0.405376 0.488924
0.405376 -0.488924
0.410301 0.474424
0.410301 -0.474424
0.415213 0.46028
0.415213 -0.46028
0.419939 0.446286
0.419939 -0.446286
0.424396 0.432577
0.424396 -0.432577
0.428662 0.419142
0.428662 -0.419142
0.432835 0.405975
0.432835 -0.405975
0.437017 0.393042
0.437017 -0.393042
0.441224 0.380259
0.441224 -0.380259
0.44537 0.367558
0.44537 -0.367558
0.449359 0.354977
0.449359 -0.354977
0.453242 0.342569
0.453242 -0.342569
0.457095 0.330252
0.457095 -0.330252
0.460887 0.318018
0.460887 -0.318018
0.464723 0.305879
0.464723 -0.305879
0.468655 0.293761
0.468655 -0.293761
0.472614 0.281561
0.472614 -0.281561
0.476442 0.269349
0.476442 -0.269349
0.480237 0.257079
0.480237 -0.257079
0.484122 0.244613
0.484122 -0.244613
0.488031 0.232041
0.488031 -0.232041
0.492142 0.219306
0.492142 -0.219306
0.496517 0.206203
0.496517 -0.206203
0.500982 0.192827
0.500982 -0.192827
0.506307 0.178374
0.506307 -0.178374
0.511735 0.163561
0.511735 -0.163561
0.516216 0.148021
0.516216 -0.148021
-0.301599 0.56722
-0.301599 -0.56722
-0.313109 0.54735
-0.313109 -0.54735
-0.308086 0.537848
-0.308086 -0.537848
-0.340283 0.5489
-0.340283 -0.5489
-0.263516 0.597245
-0.263516 -0.597245
-0.18359 0.661492
-0.18359 -0.661492
-0.143947 0.666698
-0.143947 -0.666698
-0.0864505 0.684089
-0.0864505 -0.684089
-0.0792516 0.728831
-0.0792516 -0.728831
-0.0589834 0.638248
-0.0589834 -0.638248
-0.185624 0.750393
-0.185624 -0.750393
-0.122963 0.734474
-0.122963 -0.734474
-0.0424973 0.609756
-0.0424973 -0.609756
0.0134589 0.803716
0.0134589 -0.803716
0.0753084 0.763629
0.0753084 -0.763629
0.0841408 0.800224
0.0841408 -0.800224
0.253095 0.794322
0.253095 -0.794322
0.316423 0.729557
0.316423 -0.729557
0.16562 0.801377
0.16562 -0.801377
-0.0396156 0.76667
-0.0396156 -0.76667
-0.259259 0.685349
-0.259259 -0.685349
-0.349709 0.493385
-0.349709 -0.493385
-0.342528 0.499997
-0.342528 -0.499997
-0.352982 0.599813
-0.352982 -0.599813
-0.447714 0.598438
-0.447714 -0.598438
-0.523222 0.472142
-0.523222 -0.472142
-0.546716 0.479263
-0.546716 -0.479263
-0.505661 0.496645
-0.505661 -0.496645
0.276764 0.766702
0.276764 -0.766702
0.329069 0.705729
0.329069 -0.705729
0.337248 0.681438
0.337248 -0.681438
0.345536 0.657815
0.345536 -0.657815
0.354581 0.637069
0.354581 -0.637069
0.213669 0.818889
0.213669 -0.818889
0.134449 0.799498
0.134449 -0.799498
0.0609084 0.786393
0.0609084 -0.786393
-0.234455 0.714771
-0.234455 -0.714771
-0.384918 0.654573
-0.384918 -0.654573
-0.569938 0.566172
-0.569938 -0.566172
-0.564367 0.471869
-0.564367 -0.471869
-0.64575 0.415069
-0.64575 -0.415069
-0.625372 0.529693
-0.625372 -0.529693
-0.0412299 0.790815
-0.0412299 -0.790815
-0.303918 0.739623
-0.303918 -0.739623
-0.167728 0.592466
-0.167728 -0.592466
-0.137335 0.787852
-0.137335 -0.787852
-0.437155 0.671055
-0.437155 -0.671055
0.207925 0.866246
0.207925 -0.866246
0.269592 0.872691
0.269592 -0.872691
0.316744 0.750358
0.316744 -0.750358
0.412611 0.69425
0.412611 -0.69425
0.379916 0.570193
0.379916 -0.570193
0.364895 0.617836
0.364895 -0.617836
-0.278679 0.859889
-0.278679 -0.859889
-0.522751 0.619534
-0.522751 -0.619534
-0.679546 0.352714
-0.679546 -0.352714
-0.679926 0.310243
-0.679926 -0.310243
-0.684712 0.263733
-0.684712 -0.263733
-0.705475 0.223756
-0.705475 -0.223756
-0.199116 0.842175
-0.199116 -0.842175
0.460378 0.98087
0.460378 -0.98087
0.323148 1.04605
0.323148 -1.04605
0.261997 1.09152
0.261997 -1.09152
0.477481 1.13114
0.477481 -1.13114
0.416543 1.15392
0.416543 -1.15392
0.392127 0.835456
0.392127 -0.835456
0.512772 0.911586
0.512772 -0.911586
-0.423049 0.736184
-0.423049 -0.736184
-0.420767 0.874056
-0.420767 -0.874056
-0.44714 0.92884
-0.44714 -0.92884
-0.310644 1.25579
-0.310644 -1.25579
-0.265876 1.12454
-0.265876 -1.12454
0.54099 -0.0868603
0.54099 0.0868603
0.549906 -0.0610731
0.549906 0.0610731
0.531037 -0.113501
0.531037 0.113501
0.521582 -0.132239
0.521582 0.132239
-0.677889 -0.376628
-0.677889 0.376628
-0.620906 -0.448962
-0.620906 0.448962
-0.567017 -0.636354
-0.567017 0.636354
0.12996 -1.23599
0.12996 1.23599
0.298322 -1.14333
0.298322 1.14333
0.583379 -1.17877
0.583379 1.17877
0.632615 -1.06442
0.632615 1.06442
0.667026 -1.19843
0.667026 1.19843
0.741176 -1.19226
0.741176 1.19226
0.809267 -1.21458
0.809267 1.21458
0.849558 -1.21893
0.849558 1.21893
0.966601 -1.21665
0.966601 1.21665
1.08055 -1.19784
1.08055 1.19784
1.22908 -1.15281
1.22908 1.15281
-0.341071 -1.0524
-0.341071 1.0524
-0.586804 -1.02115
-0.586804 1.02115
-0.780527 -0.875972
-0.780527 0.875972
-0.681543 -1.0462
-0.681543 1.0462
-0.717223 -0.195488
-0.717223 0.195488
-0.758052 -0.187761
-0.758052 0.187761
-0.740802 -0.381039
-0.740802 0.381039
-0.214729 -1.23184
-0.214729 1.23184
-0.0657483 -1.26109
-0.0657483 1.26109
0.204556 -1.21639
0.204556 1.21639
-0.414329 -1.26314
-0.414329 1.26314
-0.475312 -1.15673
-0.475312 1.15673
1.4374 -1.03852
1.4374 1.03852
1.11829 -1.18845
1.11829 1.18845
1.33563 -1.10228
1.33563 1.10228
0.468745 -0.833317
0.468745 0.833317
0.097904 -1.26405
0.097904 1.26405
-0.0672188 -1.30087
-0.0672188 1.30087
-0.883105 -0.877269
-0.883105 0.877269
-0.931078 -0.788627
-0.931078 0.788627
-1.06747 -0.549065
-1.06747 0.549065
-1.04286 -0.871942
-1.04286 0.871942
-0.795554 -0.942844
-0.795554 0.942844
0.364163 -1.1429
0.364163 1.1429
0.542714 -1.16392
0.542714 1.16392
1.00496 -1.21208
1.00496 1.21208
1.53189 -0.960214
1.53189 0.960214
1.59055 -0.899191
1.59055 0.899191
1.6455 -0.831424
1.6455 0.831424
1.71776 -0.713386
1.71776 0.713386
0.927926 -1.21953
0.927926 1.21953
0.708714 -1.19999
0.708714 1.19999
-0.667533 -1.13517
-0.667533 1.13517
-0.9325 -1.3612
-0.9325 1.3612
-0.815863 -1.31604
-0.815863 1.31604
-0.728742 -1.23833
-0.728742 1.23833
0.768452 -1.20615
0.768452 1.20615
-0.818764 -0.228508
-0.818764 0.228508
-1.0576 -0.764723
-1.0576 0.764723
-1.12722 -0.626271
-1.12722 0.626271
-1.15926 -0.601706
-1.15926 0.601706
0.625839 -1.19144
0.625839 1.19144
1.40418 -1.0613
1.40418 1.0613
1.37028 -1.08247
1.37028 1.08247
1.73852 -0.669155
1.73852 0.669155
1.79 -0.513266
1.79 0.513266
1.26501 -1.13772
1.26501 1.13772
1.56163 -0.930349
1.56163 0.930349
-0.221727 -1.3244
-0.221727 1.3244
-0.181828 -1.43882
-0.181828 1.43882
-0.147452 -1.35603
-0.147452 1.35603
-0.482864 -1.27645
-0.482864 1.27645
-1.1331 -0.316234
-1.1331 0.316234
-1.27179 -0.489859
-1.27179 0.489859
-0.801528 -1.07136
-0.801528 1.07136
0.0208296 -1.24387
0.0208296 1.24387
0.247328 -1.19674
0.247328 1.19674
1.80084 -0.384903
1.80084 0.384903
1.75701 -0.619002
1.75701 0.619002
1.69529 -0.755449
1.69529 0.755449
1.67124 -0.794614
1.67124 0.794614
1.15565 -1.17793
1.15565 1.17793
1.19261 -1.16612
1.19261 1.16612
-1.03429 -0.906679
-1.03429 0.906679
-1.00659 -0.988644
-1.00659 0.988644
-1.09584 -0.704372
-1.09584 0.704372
-0.442381 -1.56262
-0.442381 1.56262
-0.389559 -1.40362
-0.389559 1.40362
-0.309426 -1.43312
-0.309426 1.43312
1.79634 -0.199503
1.79634 0.199503
1.80145 -0.45673
1.80145 0.45673
0.500371 -1.15367
0.500371 1.15367
-1.29785 -0.353745
-1.29785 0.353745
-1.28792 -0.408492
-1.28792 0.408492
-0.730794 -1.37441
-0.730794 1.37441
-0.78744 -1.37653
-0.78744 1.37653
-0.801895 -1.39993
-0.801895 1.39993
1.46989 -1.01424
1.46989 1.01424
1.50139 -0.988207
1.50139 0.988207
0.888941 -1.22046
0.888941 1.22046
1.30049 -1.1208
1.30049 1.1208
-1.21731 -0.555442
-1.21731 0.555442
-0.618377 -1.40152
-0.618377 1.40152
0.127901 -1.29692
0.127901 1.29692
-0.143568 -1.55352
-0.143568 1.55352
-0.113748 -1.63207
-0.113748 1.63207
1.80201 0.289327
1.80201 -0.289327
1.77301 0.566692
1.77301 -0.566692
1.6185 0.866411
1.6185 -0.866411
1.04289 1.20588
1.04289 -1.20588
-1.05344 0.950598
-1.05344 -0.950598
-0.956206 -1.34906
-0.956206 1.34906
-1.24292 -0.307856
-1.24292 0.307856
