0.0897453 0.553428
0.0897453 -0.553428
0.0785789 0.544909
0.0785789 -0.544909
0.0753133 0.46583
0.0753133 -0.46583
-0.100865 0.752806
-0.100865 -0.752806
-0.287414 0.501339
-0.287414 -0.501339
-0.245097 0.393483
-0.245097 -0.393483
-0.200669 0.314018
-0.200669 -0.314018
-0.709586 0.138544
-0.709586 -0.138544
-0.693244 0.292379
-0.693244 -0.292379
-0.711165 0.192361
-0.711165 -0.192361
-0.263091 0.622712
-0.263091 -0.622712
-0.213433 0.679805
-0.213433 -0.679805
0.104609 0.480564
0.104609 -0.480564
0.116121 0.562985
0.116121 -0.562985
0.0321994 0.63359
0.0321994 -0.63359
0.0669676 0.385368
0.0669676 -0.385368
0.0700492 0.315429
0.0700492 -0.315429
-0.450978 0.656943
-0.450978 -0.656943
-0.647942 0.441443
-0.647942 -0.441443
-0.676183 0.342171
-0.676183 -0.342171
-0.524073 0.62776
-0.524073 -0.62776
-0.595062 0.512431
-0.595062 -0.512431
0.0112455 0.656067
0.0112455 -0.656067
-0.0951015 0.986046
-0.0951015 -0.986046
-0.229831 0.779421
-0.229831 -0.779421
-0.300278 0.71621
-0.300278 -0.71621
0.0586782 0.5998
0.0586782 -0.5998
0.135123 0.366718
0.135123 -0.366718
-0.376318 0.684382
-0.376318 -0.684382
-0.711608 0.0874594
-0.711608 -0.0874594
-0.71714 0.033045
-0.71714 -0.033045
-0.651721 0.510824
-0.651721 -0.510824
-0.0125282 0.684469
-0.0125282 -0.684469
-0.051287 0.719639
-0.051287 -0.719639
0.160952 0.487095
0.160952 -0.487095
0.126867 0.417542
0.126867 -0.417542
-0.563396 0.576241
-0.563396 -0.576241
-0.706909 0.241188
-0.706909 -0.241188
-0.667084 0.38272
-0.667084 -0.38272
-0.134979 0.763131
-0.134979 -0.763131
-0.26641 0.774466
-0.26641 -0.774466
-0.524026 0.811824
-0.524026 -0.811824
-0.548718 0.832167
-0.548718 -0.832167
0.120427 0.543824
0.120427 -0.543824
0.0796928 0.2464
0.0796928 -0.2464
-0.809393 0.195268
-0.809393 -0.195268
0.0130715 0.747798
0.0130715 -0.747798
-0.270108 0.922912
-0.270108 -0.922912
-0.289492 1.0087
-0.289492 -1.0087
-0.152006 0.966839
-0.152006 -0.966839
-0.751185 0.476628
-0.751185 -0.476628
-0.677325 0.605043
-0.677325 -0.605043
0.145418 0.312192
0.145418 -0.312192
0.141152 0.332912
0.141152 -0.332912
0.0718596 0.585115
0.0718596 -0.585115
0.0633575 0.625107
0.0633575 -0.625107
-0.708465 0.768717
-0.708465 -0.768717
-0.808816 0.0675338
-0.808816 -0.0675338
-0.380329 1.04763
-0.380329 -1.04763
0.0806995 1.51585
0.0806995 -1.51585
-0.17842 1.24986
-0.17842 -1.24986
-0.42386 1.18054
-0.42386 -1.18054
-0.177416 1.07412
-0.177416 -1.07412
-0.790816 0.278013
-0.790816 -0.278013
-0.753387 1.12588
-0.753387 -1.12588
-0.666326 0.978515
-0.666326 -0.978515
0.0879464 0.18643
0.0879464 -0.18643
0.0970104 0.143276
0.0970104 -0.143276
-0.769638 0.380855
-0.769638 -0.380855
-0.0345101 0.997763
-0.0345101 -0.997763
0.0393279 0.847704
0.0393279 -0.847704
0.00893587 0.922019
0.00893587 -0.922019
-0.263827 1.20703
-0.263827 -1.20703
-0.217174 1.33073
-0.217174 -1.33073
-0.128989 1.24551
-0.128989 -1.24551
-0.250122 1.32253
-0.250122 -1.32253
-0.749313 0.909826
-0.749313 -0.909826
-0.713982 0.701463
-0.713982 -0.701463
-0.915166 0.178033
-0.915166 -0.178033
-1.05428 0.083772
-1.05428 -0.083772
0.144058 0.522418
0.144058 -0.522418
0.172303 0.463229
0.172303 -0.463229
0.179445 0.449282
0.179445 -0.449282
-0.538518 1.19224
-0.538518 -1.19224
-0.676797 1.30052
-0.676797 -1.30052
-0.414126 1.2945
-0.414126 -1.2945
0.128077 1.54571
0.128077 -1.54571
0.265311 1.61927
0.265311 -1.61927
0.446097 1.69485
0.446097 -1.69485
0.535844 1.72357
0.535844 -1.72357
0.671647 1.75782
0.671647 -1.75782
0.762258 1.77466
0.762258 -1.77466
0.899102 1.79105
0.899102 -1.79105
0.991249 1.7961
0.991249 -1.7961
1.08417 1.79644
1.08417 -1.79644
1.178 1.79184
1.178 -1.79184
1.27309 1.78209
1.27309 -1.78209
1.36943 1.76714
1.36943 -1.76714
1.46714 1.74624
1.46714 -1.74624
1.56635 1.71877
1.56635 -1.71877
1.66685 1.68419
1.66685 -1.68419
0.310644 1.64004
0.310644 -1.64004
0.355944 1.65959
0.355944 -1.65959
0.174392 1.57267
0.174392 -1.57267
-0.0687875 1.40693
-0.0687875 -1.40693
-0.127666 1.36211
-0.127666 -1.36211
-0.841997 1.04783
-0.841997 -1.04783
-0.89984 1.11573
-0.89984 -1.11573
-1.12629 0.993523
-1.12629 -0.993523
-1.16277 0.852795
-1.16277 -0.852795
-1.01099 1.40846
-1.01099 -1.40846
-0.826842 1.34676
-0.826842 -1.34676
-1.14536 1.4554
-1.14536 -1.4554
-0.983977 0.176653
-0.983977 -0.176653
-1.14165 0.0793012
-1.14165 -0.0793012
-1.15167 0.09799
-1.15167 -0.09799
-0.746511 0.565051
-0.746511 -0.565051
-0.598342 1.38477
-0.598342 -1.38477
-0.916422 1.38514
-0.916422 -1.38514
-1.28274 1.48503
-1.28274 -1.48503
-1.44062 1.39957
-1.44062 -1.39957
-1.3353 1.50838
-1.3353 -1.50838
-1.22411 0.977409
-1.22411 -0.977409
0.807719 1.78131
0.807719 -1.78131
0.853323 1.78678
0.853323 -1.78678
1.22535 1.78759
1.22535 -1.78759
1.76804 1.64193
1.76804 -1.64193
1.86946 1.59146
1.86946 -1.59146
2.02242 1.49943
2.02242 -1.49943
2.12681 1.42509
2.12681 -1.42509
2.23447 1.3358
2.23447 -1.3358
0.626442 1.74761
0.626442 -1.74761
0.581229 1.73617
0.581229 -1.73617
0.71691 1.76683
0.71691 -1.76683
-1.49918 1.48149
-1.49918 -1.48149
-1.40903 1.51618
-1.40903 -1.51618
-1.74454 1.25073
-1.74454 -1.25073
-1.94124 0.98052
-1.94124 -0.98052
-1.28764 0.63389
-1.28764 -0.63389
0.0322401 1.48292
0.0322401 -1.48292
-0.0172605 1.44682
-0.0172605 -1.44682
1.81875 1.61773
1.81875 -1.61773
2.39435 1.16665
2.39435 -1.16665
2.34193 1.22731
2.34193 -1.22731
2.07432 1.46379
2.07432 -1.46379
1.61646 1.7024
1.61646 -1.7024
1.4181 1.75747
1.4181 -1.75747
1.03761 1.79687
1.03761 -1.79687
2.49083 1.02955
2.49083 -1.02955
2.58559 0.876648
2.58559 -0.876648
1.92028 1.56304
1.92028 -1.56304
1.97118 1.53235
1.97118 -1.53235
-1.21645 1.45281
-1.21645 -1.45281
-1.64755 1.38646
-1.64755 -1.38646
-2.08737 1.12596
-2.08737 -1.12596
-1.99534 1.15518
-1.99534 -1.15518
-1.89325 1.11697
-1.89325 -1.11697
-1.498 1.54617
-1.498 -1.54617
-2.0054 0.777884
-2.0054 -0.777884
0.490753 1.71015
0.490753 -1.71015
0.401124 1.6779
0.401124 -1.6779
2.64518 0.778555
2.64518 -0.778555
2.53619 -0.956087
2.53619 0.956087
-1.80929 -1.53746
-1.80929 1.53746
-1.74535 -1.53888
-1.74535 1.53888
-1.63806 -1.53673
-1.63806 1.53673
-0.675301 -1.45013
-0.675301 1.45013
-0.514742 -1.40038
-0.514742 1.40038
2.28822 -1.28507
2.28822 1.28507
1.51656 -1.73336
1.51656 1.73336
1.13096 -1.79477
1.13096 1.79477
1.71739 -1.66406
1.71739 1.66406
2.73892 -0.308104
2.73892 0.308104
2.74362 -0.47251
2.74362 0.47251
2.70633 -0.642357
2.70633 0.642357
0.219979 -1.59702
0.219979 1.59702
-2.16387 -0.497718
-2.16387 0.497718
-2.23825 -0.464686
-2.23825 0.464686
-2.08785 -0.602909
-2.08785 0.602909
-1.07485 -1.43275
-1.07485 1.43275
-0.787926 -1.5029
-0.787926 1.5029
1.32112 -1.77532
1.32112 1.77532
2.1801 -1.38283
2.1801 1.38283
2.44339 -1.09965
2.44339 1.09965
0.945079 -1.79415
0.945079 1.79415
-1.82592 -1.23054
-1.82592 1.23054
